time,ego_x,ego_y,yaw,cone0_x,cone0_y,cone0_min_dist,cone1_x,cone1_y,cone1_min_dist,cone2_x,cone2_y,cone2_min_dist,speed_car,broken_car_color0,broken_car_color1,broken_car_color2,min_distance_cones
0,31.94070828616347,14.90158917218942,-3.1279260733810643,-8.36266676923428,17.986390829208016,38.49827848964727,-7.282353330308728,16.585950174450847,37.43660489372295,-9.308693664926208,19.229076147204776,39.438857423576124,0.007886993209885883,0.7674898482256542,0.5932125184171632,0.02250127879650976,37.43660489372295
1,31.937193733246744,14.901653234984689,-3.1278824588985987,-8.36266676923428,17.986390829208016,38.494617427002666,-7.282353330308728,16.585950174450847,37.43298919634631,-9.308693664926208,19.229076147204776,39.43517425478757,0.10844809656370641,0.7674898482256542,0.5932125184171632,0.02250127879650976,37.43298919634631
2,31.92967430915253,14.901738843908912,-3.127923985437963,-8.36266676923428,17.986390829208016,38.4872388189664,-7.282353330308728,16.585950174450847,37.42557018243022,-9.308693664926208,19.229076147204776,39.427814407865206,0.227930505990906,0.7674898482256542,0.5932125184171632,0.02250127879650976,37.42557018243022
3,31.917879595883786,14.901848569244185,-3.1280753225185034,-8.36266676923428,17.986390829208016,38.47595548105746,-7.282353330308728,16.585950174450847,37.41413567242794,-9.308693664926208,19.229076147204776,39.4166025701367,0.35588694852842656,0.7674898482256542,0.5932125184171632,0.02250127879650976,37.41413567242794
4,31.901818827326096,14.902027625822646,-3.1283498425337792,-8.36266676923428,17.986390829208016,38.46082216754561,-7.282353330308728,16.585950174450847,37.39872729382406,-9.308693664926208,19.229076147204776,39.401599109127304,0.48408450483147564,0.7674898482256542,0.5932125184171632,0.02250127879650976,37.39872729382406
5,31.88149283118797,14.902334980514599,-3.1287446528395932,-8.36266676923428,17.986390829208016,38.44183057229608,-7.282353330308728,16.585950174450847,37.37934027399955,-9.308693664926208,19.229076147204776,39.382793222479314,0.6131771455458943,0.7674898482256542,0.5932125184171632,0.02250127879650976,37.37934027399955
6,31.856850424460742,14.902825256665569,-3.129243407369764,-8.36266676923428,17.986390829208016,38.418875039117665,-7.282353330308728,16.585950174450847,37.355886119990025,-9.308693664926208,19.229076147204776,39.36007034191501,0.7452733756832413,0.7674898482256542,0.5932125184171632,0.02250127879650976,37.355886119990025
7,31.82786272504834,14.903546683979,-3.129879500345202,-8.36266676923428,17.986390829208016,38.392040083728794,-7.282353330308728,16.585950174450847,37.32841592866598,-9.308693664926208,19.229076147204776,39.33353020194758,0.8804532358778109,0.7674898482256542,0.5932125184171632,0.02250127879650976,37.32841592866598
8,31.79561471927026,14.904350971616141,-3.1307210881366485,-8.36266676923428,17.986390829208016,38.36264028709953,-7.282353330308728,16.585950174450847,37.29817344480082,-9.308693664926208,19.229076147204776,39.304523012188234,0.9876714089460448,0.7674898482256542,0.5932125184171632,0.02250127879650976,37.29817344480082
9,31.760284844279408,14.905267620253003,-3.1317183127991344,-8.36266676923428,17.986390829208016,38.33068683862786,-7.282353330308728,16.585950174450847,37.26486650917759,-9.308693664926208,19.229076147204776,39.273035335234205,1.0910038984600123,0.7674898482256542,0.5932125184171632,0.02250127879650976,37.26486650917759
10,31.722551291723203,14.906143511939545,-3.1328130164466064,-8.36266676923428,17.986390829208016,38.29666103537271,-7.282353330308728,16.585950174450847,37.22913244247028,-9.308693664926208,19.229076147204776,39.23952321945774,1.175384670363172,0.7674898482256542,0.5932125184171632,0.02250127879650976,37.22913244247028
11,31.682575070238773,14.906853917978555,-3.1339275610972135,-8.36266676923428,17.986390829208016,38.26046086161304,-7.282353330308728,16.585950174450847,37.191193690068786,-9.308693664926208,19.229076147204776,39.203849479703145,1.2541364129076884,0.7674898482256542,0.5932125184171632,0.02250127879650976,37.191193690068786
12,31.640682028132154,14.907325088268099,-3.1350438991715506,-8.36266676923428,17.986390829208016,38.22235058022099,-7.282353330308728,16.585950174450847,37.15134289885162,-9.308693664926208,19.229076147204776,39.16627103341306,1.3224227002857767,0.7674898482256542,0.5932125184171632,0.02250127879650976,37.15134289885162
13,31.596962538946794,14.907377527038758,-3.1362592561606615,-8.36266676923428,17.986390829208016,38.18274847943576,-7.282353330308728,16.585950174450847,37.10984769456562,-9.308693664926208,19.229076147204776,39.12725651332086,1.3865049253869697,0.7674898482256542,0.5932125184171632,0.02250127879650976,37.10984769456562
14,31.551887060520052,14.90670473347825,-3.1375357474651557,-8.36266676923428,17.986390829208016,38.14199477514803,-7.282353330308728,16.585950174450847,37.067108452476695,-9.308693664926208,19.229076147204776,39.08713360036354,1.431943374188278,0.7674898482256542,0.5932125184171632,0.02250127879650976,37.067108452476695
15,31.505014641662367,14.905394289786965,-3.1389528092353074,-8.36266676923428,17.986390829208016,38.09991899717683,-7.282353330308728,16.585950174450847,37.02283071377883,-9.308693664926208,19.229076147204776,39.04576863430181,1.4895398261841906,0.7674898482256542,0.5932125184171632,0.02250127879650976,37.02283071377883
16,31.456473756899616,14.903686761792349,-3.1404605986138896,-8.36266676923428,17.986390829208016,38.05648326800378,-7.282353330308728,16.585950174450847,36.9770532898554,-9.308693664926208,19.229076147204776,39.00309518135878,1.5414789661871873,0.7674898482256542,0.5932125184171632,0.02250127879650976,36.9770532898554
17,31.40635003237978,14.901863185605656,3.1411913789987436,-8.36266676923428,17.986390829208016,38.01078757009441,-7.282353330308728,16.585950174450847,36.92974361505627,-9.308693664926208,19.229076147204776,38.958943494577696,1.5889484050916771,0.7674898482256542,0.5932125184171632,0.02250127879650976,36.92974361505627
18,31.354481799898075,14.899978908752452,3.1395974687026325,-8.36266676923428,17.986390829208016,37.963487451653165,-7.282353330308728,16.585950174450847,36.88080505627494,-9.308693664926208,19.229076147204776,38.913287605045994,1.6409277013421737,0.7674898482256542,0.5932125184171632,0.02250127879650976,36.88080505627494
19,31.30065116461008,14.898150901827831,3.137966941948736,-8.36266676923428,17.986390829208016,37.91433398524836,-7.282353330308728,16.585950174450847,36.829596240839706,-9.308693664926208,19.229076147204776,38.865815707908,1.6994758345668823,0.7674898482256542,0.5932125184171632,0.02250127879650976,36.829596240839706
20,31.244961265704763,14.89642742915583,3.1363801765604946,-8.36266676923428,17.986390829208016,37.863199986406435,-7.282353330308728,16.585950174450847,36.776000037713914,-9.308693664926208,19.229076147204776,38.81631804905929,1.7543246495151297,0.7674898482256542,0.5932125184171632,0.02250127879650976,36.776000037713914
21,31.187360542479713,14.895280273464177,3.134918692109759,-8.36266676923428,17.986390829208016,37.80979701548666,-7.282353330308728,16.585950174450847,36.72032760778939,-9.308693664926208,19.229076147204776,38.76442021976875,1.8104968802277908,0.7674898482256542,0.5932125184171632,0.02250127879650976,36.72032760778939
22,31.12765573379094,14.894640526430408,3.1334878113855313,-8.36266676923428,17.986390829208016,37.754203072487115,-7.282353330308728,16.585950174450847,36.66250978907769,-9.308693664926208,19.229076147204776,38.710297522558,1.8736331888573823,0.7674898482256542,0.5932125184171632,0.02250127879650976,36.66250978907769
23,31.065772700673833,14.894453349324351,3.132093483721784,-8.36266676923428,17.986390829208016,37.69632704148662,-7.282353330308728,16.585950174450847,36.60246496269277,-9.308693664926208,19.229076147204776,38.65385302386939,1.9396528423249317,0.7674898482256542,0.5932125184171632,0.02250127879650976,36.60246496269277
24,31.00166667212383,14.894671438544034,3.130735756843156,-8.36266676923428,17.986390829208016,37.63612405522544,-7.282353330308728,16.585950174450847,36.54014853418891,-9.308693664926208,19.229076147204776,38.59504204230132,2.0075140983584467,0.7674898482256542,0.5932125184171632,0.02250127879650976,36.54014853418891
25,30.935297211317568,14.895242321597092,3.129406959752943,-8.36266676923428,17.986390829208016,37.57357583315455,-7.282353330308728,16.585950174450847,36.4755304964556,-9.308693664926208,19.229076147204776,38.53385441609579,2.0769895450507403,0.7674898482256542,0.5932125184171632,0.02250127879650976,36.4755304964556
26,30.866630132221538,14.89610667354169,3.128087436641362,-8.36266676923428,17.986390829208016,37.50804221332239,-7.282353330308728,16.585950174450847,36.40860309583563,-9.308693664926208,19.229076147204776,38.47033318364408,2.147811207020842,0.7674898482256542,0.5932125184171632,0.02250127879650976,36.40860309583563
27,30.795648837262025,14.897236794884758,3.1267679349025657,-8.36266676923428,17.986390829208016,37.440141650409615,-7.282353330308728,16.585950174450847,36.33936225387956,-9.308693664926208,19.229076147204776,38.404498169493266,2.2194129154401936,0.7674898482256542,0.5932125184171632,0.02250127879650976,36.33936225387956
28,30.722345657464853,14.898596975904063,3.125433775498494,-8.36266676923428,17.986390829208016,37.36995282483531,-7.282353330308728,16.585950174450847,36.267820192475554,-9.308693664926208,19.229076147204776,38.336399514267434,2.291464209701643,0.7674898482256542,0.5932125184171632,0.02250127879650976,36.267820192475554
29,30.64671830099846,14.900157255775964,3.1240687584206883,-8.36266676923428,17.986390829208016,37.29751217965319,-7.282353330308728,16.585950174450847,36.19346230179667,-9.308693664926208,19.229076147204776,38.26591579826035,2.3637670544202067,0.7674898482256542,0.5932125184171632,0.02250127879650976,36.19346230179667
30,30.570511891480237,14.901942990158602,3.1224728083758526,-8.36266676923428,17.986390829208016,37.22503454969401,-7.282353330308728,16.585950174450847,36.11849692243559,-9.308693664926208,19.229076147204776,38.19507240030248,2.382401278791599,0.7674898482256542,0.5932125184171632,0.02250127879650976,36.11849692243559
31,30.492296569094794,14.903774354425078,3.1209735420092874,-8.36266676923428,17.986390829208016,37.150324721923056,-7.282353330308728,16.585950174450847,36.04144995332729,-9.308693664926208,19.229076147204776,38.12189771909055,2.4446473662674717,0.7674898482256542,0.5932125184171632,0.02250127879650976,36.04144995332729
32,30.411778436958944,14.90578774796509,3.119441937838801,-8.36266676923428,17.986390829208016,37.07338946500483,-7.282353330308728,16.585950174450847,35.96212649801592,-9.308693664926208,19.229076147204776,38.046530041146916,2.516657319301715,0.7674898482256542,0.5932125184171632,0.02250127879650976,35.96212649801592
33,30.328805955962494,14.9079379510677,3.1178326914972243,-8.36266676923428,17.986390829208016,36.994185284058275,-7.282353330308728,16.585950174450847,35.88041269342535,-9.308693664926208,19.229076147204776,37.96897251742112,2.59348963997612,0.7674898482256542,0.5932125184171632,0.02250127879650976,35.88041269342535
34,30.243395424471526,14.91021819348462,3.116161572302489,-8.36266676923428,17.986390829208016,36.91269205893084,-7.282353330308728,16.585950174450847,35.79631302649637,-9.308693664926208,19.229076147204776,37.88918889293362,2.669866697556185,0.7674898482256542,0.5932125184171632,0.02250127879650976,35.79631302649637
35,30.155233977378877,14.91280264106798,3.114507126735394,-8.36266676923428,17.986390829208016,36.82753377470503,-7.282353330308728,16.585950174450847,35.70944789142992,-9.308693664926208,19.229076147204776,37.80659662382932,2.75592921465916,0.7674898482256542,0.5932125184171632,0.02250127879650976,35.70944789142992
36,30.064413648987113,14.91558675198217,3.1128615437762055,-8.36266676923428,17.986390829208016,36.739674868471695,-7.282353330308728,16.585950174450847,35.61991794591245,-9.308693664926208,19.229076147204776,37.72131655764437,2.8390240153386723,0.7674898482256542,0.5932125184171632,0.02250127879650976,35.61991794591245
37,29.970950356348805,14.918569158546932,3.111232333702929,-8.36266676923428,17.986390829208016,36.64914300541858,-7.282353330308728,16.585950174450847,35.5276471480595,-9.308693664926208,19.229076147204776,37.63321773024536,2.921687549890548,0.7674898482256542,0.5932125184171632,0.02250127879650976,35.5276471480595
38,29.874856105049606,14.921753398392509,3.1096244043302557,-8.36266676923428,17.986390829208016,36.55594094605132,-7.282353330308728,16.585950174450847,35.43193888065292,-9.308693664926208,19.229076147204776,37.54166436888254,3.0040488565053134,0.7674898482256542,0.5932125184171632,0.02250127879650976,35.43193888065292
39,29.77614675860323,14.925139973238467,3.108038851418573,-8.36266676923428,17.986390829208016,36.460082349099395,-7.282353330308728,16.585950174450847,35.33360831681569,-9.308693664926208,19.229076147204776,37.44743096864617,3.0859777064876357,0.7674898482256542,0.5932125184171632,0.02250127879650976,35.33360831681569
40,29.674834652417793,14.928731568429223,3.106479129855735,-8.36266676923428,17.986390829208016,36.36157293063306,-7.282353330308728,16.585950174450847,35.23266654399898,-9.308693664926208,19.229076147204776,37.35051967735738,3.1675775765300513,0.7674898482256542,0.5932125184171632,0.02250127879650976,35.23266654399898
41,29.57092811051597,14.932532370822345,3.1049490359761673,-8.36266676923428,17.986390829208016,36.26041368649754,-7.282353330308728,16.585950174450847,35.12912045391002,-9.308693664926208,19.229076147204776,37.25092756619511,3.248966325541879,0.7674898482256542,0.5932125184171632,0.02250127879650976,35.12912045391002
42,29.464431265562474,14.93654751950539,3.103451619647956,-8.36266676923428,17.986390829208016,36.15660273410309,-7.282353330308728,16.585950174450847,35.02297289071231,-9.308693664926208,19.229076147204776,37.14864958916275,3.330266051342671,0.7674898482256542,0.5932125184171632,0.02250127879650976,35.02297289071231
43,29.355344096274948,14.94078279011114,3.1019890945270965,-8.36266676923428,17.986390829208016,36.04977498768502,-7.282353330308728,16.585950174450847,34.91422273846094,-9.308693664926208,19.229076147204776,37.04367890242517,3.411596298770109,0.7674898482256542,0.5932125184171632,0.02250127879650976,34.91422273846094
44,29.24668034304784,14.944554804138246,3.1004008455847534,-8.36266676923428,17.986390829208016,35.94312815151415,-7.282353330308728,16.585950174450847,34.80595335471477,-9.308693664926208,19.229076147204776,36.93951364017875,3.4014278801842126,0.7674898482256542,0.5932125184171632,0.02250127879650976,34.80595335471477
45,29.140425037149683,14.94898157139139,3.0990519315552136,-8.36266676923428,17.986390829208016,35.83854792275848,-7.282353330308728,16.585950174450847,34.70000101891392,-9.308693664926208,19.229076147204776,36.83704726403893,3.332968402923446,0.7674898482256542,0.5932125184171632,0.02250127879650976,34.70000101891392
46,29.036158694798793,14.953722169572197,3.09776682339694,-8.36266676923428,17.986390829208016,35.735859689861485,-7.282353330308728,16.585950174450847,34.596009326741175,-9.308693664926208,19.229076147204776,36.73613711124214,3.2752251719206025,0.7674898482256542,0.5932125184171632,0.02250127879650976,34.596009326741175
47,28.932640089352116,14.958562887691127,3.0965288973406078,-8.36266676923428,17.986390829208016,35.63385480793465,-7.282353330308728,16.585950174450847,34.49229052241413,-9.308693664926208,19.229076147204776,36.63540224128893,3.253229206220696,0.7674898482256542,0.5932125184171632,0.02250127879650976,34.49229052241413
48,28.82695680754533,14.963597748316898,3.095290853387468,-8.36266676923428,17.986390829208016,35.52968163130275,-7.282353330308728,16.585950174450847,34.38618638804685,-9.308693664926208,19.229076147204776,36.53249875478323,3.3191016495773407,0.7674898482256542,0.5932125184171632,0.02250127879650976,34.38618638804685
49,28.718025925665415,14.96905518254145,3.094081043211155,-8.36266676923428,17.986390829208016,35.422210527256965,-7.282353330308728,16.585950174450847,34.27682676489296,-9.308693664926208,19.229076147204776,36.426267142506354,3.416504036531296,0.7674898482256542,0.5932125184171632,0.02250127879650976,34.27682676489296
50,28.606025139938634,14.974783368990904,3.0929655771613405,-8.36266676923428,17.986390829208016,35.31153840361304,-7.282353330308728,16.585950174450847,34.164412540401564,-9.308693664926208,19.229076147204776,36.316737159893464,3.508285440597366,0.7674898482256542,0.5932125184171632,0.02250127879650976,34.164412540401564
51,28.49094017897406,14.980743459682378,3.0919459030126837,-8.36266676923428,17.986390829208016,35.19765029384144,-7.282353330308728,16.585950174450847,34.04893123916168,-9.308693664926208,19.229076147204776,36.203892530223996,3.601202544972902,0.7674898482256542,0.5932125184171632,0.02250127879650976,34.04893123916168
52,28.37272844656398,14.986912333016218,3.091006201625344,-8.36266676923428,17.986390829208016,35.080525136410564,-7.282353330308728,16.585950174450847,33.93033726552462,-9.308693664926208,19.229076147204776,36.087728523628826,3.695661894855531,0.7674898482256542,0.5932125184171632,0.02250127879650976,33.93033726552462
53,28.2513255530155,14.993286423857676,3.09012960084365,-8.36266676923428,17.986390829208016,34.96012075303375,-7.282353330308728,16.585950174450847,33.808562154202,-9.308693664926208,19.229076147204776,35.96822028923512,3.7918924606386097,0.7674898482256542,0.5932125184171632,0.02250127879650976,33.808562154202
54,28.12665447322211,14.999872297891217,3.089305783045042,-8.36266676923428,17.986390829208016,34.83637330970419,-7.282353330308728,16.585950174450847,33.683525953838796,-9.308693664926208,19.229076147204776,35.84531455582323,3.8900067989272973,0.7674898482256542,0.5932125184171632,0.02250127879650976,33.683525953838796
55,27.99863281138822,15.00668089822297,3.0885260949625417,-8.36266676923428,17.986390829208016,34.70904036869849,-7.282353330308728,16.585950174450847,33.55514358905879,-9.308693664926208,19.229076147204776,35.71894863078923,3.9900843377501674,0.7674898482256542,0.5932125184171632,0.02250127879650976,33.55514358905879
56,27.868239679215517,15.013431510607447,3.0877906372966417,-8.36266676923428,17.986390829208016,34.5790568985091,-7.282353330308728,16.585950174450847,33.424407094444774,-9.308693664926208,19.229076147204776,35.5901139808265,4.058460901939508,0.7674898482256542,0.5932125184171632,0.02250127879650976,33.424407094444774
57,27.735491138510753,15.02024885451957,3.087068260033956,-8.36266676923428,17.986390829208016,34.446708890845464,-7.282353330308728,16.585950174450847,33.29131884356795,-9.308693664926208,19.229076147204776,35.458893688354706,4.126343610093457,0.7674898482256542,0.5932125184171632,0.02250127879650976,33.29131884356795
58,27.601928147640365,15.02643132255064,3.0860830755754742,-8.36266676923428,17.986390829208016,34.3137950324362,-7.282353330308728,16.585950174450847,33.15739126753731,-9.308693664926208,19.229076147204776,35.32751269888991,4.149025001945516,0.7674898482256542,0.5932125184171632,0.02250127879650976,33.15739126753731
59,27.46759087981651,15.03256852674251,3.085077915004363,-8.36266676923428,17.986390829208016,34.180128584807015,-7.282353330308728,16.585950174450847,33.022690011004066,-9.308693664926208,19.229076147204776,35.19540956166518,4.172307109931848,0.7674898482256542,0.5932125184171632,0.02250127879650976,33.022690011004066
60,27.33257610626464,15.038763467347124,3.0840937559383104,-8.36266676923428,17.986390829208016,34.04576746522356,-7.282353330308728,16.585950174450847,32.88731565908057,-9.308693664926208,19.229076147204776,35.0623734759243,4.1937942577782215,0.7674898482256542,0.5932125184171632,0.02250127879650976,32.88731565908057
61,27.19705802255373,15.04501365101908,3.083132889380097,-8.36266676923428,17.986390829208016,33.91088376829936,-7.282353330308728,16.585950174450847,32.75144270242498,-9.308693664926208,19.229076147204776,34.92848483993913,4.211151288782213,0.7674898482256542,0.5932125184171632,0.02250127879650976,32.75144270242498
62,27.06115845307473,15.051353097629262,3.0822111337665046,-8.36266676923428,17.986390829208016,33.77558430017722,-7.282353330308728,16.585950174450847,32.61496292643452,-9.308693664926208,19.229076147204776,34.79414005977856,4.225890768320507,0.7674898482256542,0.5932125184171632,0.02250127879650976,32.61496292643452
63,26.924947809432123,15.057822895191203,3.081344779524492,-8.36266676923428,17.986390829208016,33.63992364788509,-7.282353330308728,16.585950174450847,32.47796389038952,-9.308693664926208,19.229076147204776,34.65937681559254,4.23936843025209,0.7674898482256542,0.5932125184171632,0.02250127879650976,32.47796389038952
64,26.78844846560997,15.064463619375939,3.0805410936578252,-8.36266676923428,17.986390829208016,33.50391562464401,-7.282353330308728,16.585950174450847,32.34071437109282,-9.308693664926208,19.229076147204776,34.524201282703,4.252781373474022,0.7674898482256542,0.5932125184171632,0.02250127879650976,32.34071437109282
65,26.65164164230222,15.071313537104954,3.079811388047313,-8.36266676923428,17.986390829208016,33.367529834645744,-7.282353330308728,16.585950174450847,32.20320138919862,-9.308693664926208,19.229076147204776,34.388571298230424,4.2671105504690265,0.7674898482256542,0.5932125184171632,0.02250127879650976,32.20320138919862
66,26.51468656869259,15.078355755121745,3.079129131899453,-8.36266676923428,17.986390829208016,33.23094727832324,-7.282353330308728,16.585950174450847,32.06556454865044,-9.308693664926208,19.229076147204776,34.25269509912043,4.277437187006149,0.7674898482256542,0.5932125184171632,0.02250127879650976,32.06556454865044
67,26.377378439458305,15.085728235221277,3.07854832995313,-8.36266676923428,17.986390829208016,33.09391157309076,-7.282353330308728,16.585950174450847,31.927630964822264,-9.308693664926208,19.229076147204776,34.116260360465844,4.29358359163811,0.7674898482256542,0.5932125184171632,0.02250127879650976,31.927630964822264
68,26.23952903736353,15.09344063226436,3.078070504002507,-8.36266676923428,17.986390829208016,32.956232725935024,-7.282353330308728,16.585950174450847,31.789213027292103,-9.308693664926208,19.229076147204776,33.97907552999155,4.3147980385457085,0.7674898482256542,0.5932125184171632,0.02250127879650976,31.789213027292103
69,26.100976422893883,15.101479821776595,3.0776835884806477,-8.36266676923428,17.986390829208016,32.81775935459278,-7.282353330308728,16.585950174450847,31.650140656690613,-9.308693664926208,19.229076147204776,33.84100169444994,4.340287097850416,0.7674898482256542,0.5932125184171632,0.02250127879650976,31.650140656690613
70,25.96157282968183,15.10983093589045,3.0773810173258513,-8.36266676923428,17.986390829208016,32.67834997247088,-7.282353330308728,16.585950174450847,31.510262265832512,-9.308693664926208,19.229076147204776,33.70190420058598,4.369596354386109,0.7674898482256542,0.5932125184171632,0.02250127879650976,31.510262265832512
71,25.821197000422508,15.118473702655173,3.0771451210011134,-8.36266676923428,17.986390829208016,32.537898899531,-7.282353330308728,16.585950174450847,31.369444755454037,-9.308693664926208,19.229076147204776,33.56169560552313,4.402022302713677,0.7674898482256542,0.5932125184171632,0.02250127879650976,31.369444755454037
72,25.679982101738805,15.12739295896044,3.0769631911542974,-8.36266676923428,17.986390829208016,32.39655016355769,-7.282353330308728,16.585950174450847,31.227812336089112,-9.308693664926208,19.229076147204776,33.42053299227727,4.429931774527144,0.7674898482256542,0.5932125184171632,0.02250127879650976,31.227812336089112
73,25.538416243029964,15.136516270916033,3.076791396167299,-8.36266676923428,17.986390829208016,32.25483072631827,-7.282353330308728,16.585950174450847,31.08582376850255,-9.308693664926208,19.229076147204776,33.27898844831394,4.442411618265919,0.7674898482256542,0.5932125184171632,0.02250127879650976,31.08582376850255
74,25.39670376867167,15.145808738530109,3.0766131571627313,-8.36266676923428,17.986390829208016,32.112960069692484,-7.282353330308728,16.585950174450847,30.943672770634173,-9.308693664926208,19.229076147204776,33.13729854480983,4.448113506637819,0.7674898482256542,0.5932125184171632,0.02250127879650976,30.943672770634173
75,25.25493485957158,15.155246115697418,3.0764139736121328,-8.36266676923428,17.986390829208016,31.971041421973123,-7.282353330308728,16.585950174450847,30.80144002920515,-9.308693664926208,19.229076147204776,32.99558145157027,4.450563407911079,0.7674898482256542,0.5932125184171632,0.02250127879650976,30.80144002920515
76,25.11315462310681,15.164806537705163,3.076181125927538,-8.36266676923428,17.986390829208016,31.829131460683787,-7.282353330308728,16.585950174450847,30.659162465231898,-9.308693664926208,19.229076147204776,32.85390696282731,4.451195344463973,0.7674898482256542,0.5932125184171632,0.02250127879650976,30.659162465231898
77,24.971390514312965,15.174470951579218,3.075902737044787,-8.36266676923428,17.986390829208016,31.68726842132916,-7.282353330308728,16.585950174450847,30.516859861660606,-9.308693664926208,19.229076147204776,32.71232555860882,4.450619764371096,0.7674898482256542,0.5932125184171632,0.02250127879650976,30.516859861660606
78,24.829662664796714,15.18422276856807,3.0755726233330787,-8.36266676923428,17.986390829208016,31.54547850227934,-7.282353330308728,16.585950174450847,30.374548845794486,-9.308693664926208,19.229076147204776,32.57086983499129,4.449131673511157,0.7674898482256542,0.5932125184171632,0.02250127879650976,30.374548845794486
79,24.688031415904476,15.194013087342165,3.0752023079249287,-8.36266676923428,17.986390829208016,31.403815631134474,-7.282353330308728,16.585950174450847,30.2323016559496,-9.308693664926208,19.229076147204776,32.429582103020486,4.445119604444175,0.7674898482256542,0.5932125184171632,0.02250127879650976,30.2323016559496
80,24.546486419260912,15.20382547908535,3.074769329236406,-8.36266676923428,17.986390829208016,31.262288808294613,-7.282353330308728,16.585950174450847,30.090092304222168,-9.308693664926208,19.229076147204776,32.288494460263415,4.4413643344623885,0.7674898482256542,0.5932125184171632,0.02250127879650976,30.090092304222168
81,24.405027791479238,15.213658151497262,3.0742686887769106,-8.36266676923428,17.986390829208016,31.12090249513159,-7.282353330308728,16.585950174450847,29.947917440288816,-9.308693664926208,19.229076147204776,32.14761649013633,4.437609969119631,0.7674898482256542,0.5932125184171632,0.02250127879650976,29.947917440288816
82,24.263660586257604,15.22351132052692,3.0737026629332345,-8.36266676923428,17.986390829208016,30.979660080761217,-7.282353330308728,16.585950174450847,29.805783992855964,-9.308693664926208,19.229076147204776,32.006949234788365,4.433702356948157,0.7674898482256542,0.5932125184171632,0.02250127879650976,29.805783992855964
83,24.1223885529644,15.233384418553864,3.073077295920567,-8.36266676923428,17.986390829208016,30.838240576545925,-7.282353330308728,16.585950174450847,29.66370047197145,-9.308693664926208,19.229076147204776,31.866485564428714,4.429700981210246,0.7674898482256542,0.5932125184171632,0.02250127879650976,29.66370047197145
84,23.981211941230455,15.24328066297233,3.072397276929338,-8.36266676923428,17.986390829208016,30.696904124319165,-7.282353330308728,16.585950174450847,29.521670626222296,-9.308693664926208,19.229076147204776,31.72621710262132,4.425750430812676,0.7674898482256542,0.5932125184171632,0.02250127879650976,29.521670626222296
85,23.840127654730672,15.25320399159726,3.071671931879746,-8.36266676923428,17.986390829208016,30.555670819088814,-7.282353330308728,16.585950174450847,29.37969826415156,-9.308693664926208,19.229076147204776,31.586123534482496,4.421974279209359,0.7674898482256542,0.5932125184171632,0.02250127879650976,29.37969826415156
86,23.699130175919482,15.26316033546352,3.070908268704441,-8.36266676923428,17.986390829208016,30.41453296894584,-7.282353330308728,16.585950174450847,29.23778288752746,-9.308693664926208,19.229076147204776,31.446186240952517,4.41846790787306,0.7674898482256542,0.5932125184171632,0.02250127879650976,29.23778288752746
87,23.558212031908642,15.273157189983028,3.0701140699847413,-8.36266676923428,17.986390829208016,30.273480572007784,-7.282353330308728,16.585950174450847,29.09592248839122,-9.308693664926208,19.229076147204776,31.3063830918457,4.415305884511905,0.7674898482256542,0.5932125184171632,0.02250127879650976,29.09592248839122
88,23.41736428041374,15.283202434139406,3.0692975362025123,-8.36266676923428,17.986390829208016,30.132501979383566,-7.282353330308728,16.585950174450847,28.95411383833828,-9.308693664926208,19.229076147204776,31.166634828704513,4.412541380041228,0.7674898482256542,0.5932125184171632,0.02250127879650976,28.95411383833828
89,23.276577267004846,15.293305763463996,3.0684664298381614,-8.36266676923428,17.986390829208016,29.99158477216653,-7.282353330308728,16.585950174450847,28.812352510045105,-9.308693664926208,19.229076147204776,31.02657416549228,4.410205118862611,0.7674898482256542,0.5932125184171632,0.02250127879650976,28.812352510045105
90,23.135840732029045,15.303475765715184,3.0676313649912084,-8.36266676923428,17.986390829208016,29.850715171722406,-7.282353330308728,16.585950174450847,28.670635602074427,-9.308693664926208,19.229076147204776,30.886564849093375,4.40831347020261,0.7674898482256542,0.5932125184171632,0.02250127879650976,28.670635602074427
91,22.995144550290444,15.313720384721686,3.066799935358744,-8.36266676923428,17.986390829208016,29.709880368748504,-7.282353330308728,16.585950174450847,28.528958105491007,-9.308693664926208,19.229076147204776,30.746586245078092,4.406860462459183,0.7674898482256542,0.5932125184171632,0.02250127879650976,28.528958105491007
92,22.854479159976403,15.324048044932809,3.0659791802968,-8.36266676923428,17.986390829208016,29.56906819127153,-7.282353330308728,16.585950174450847,28.38731508961532,-9.308693664926208,19.229076147204776,30.606618922809083,4.405826713490925,0.7674898482256542,0.5932125184171632,0.02250127879650976,28.38731508961532
93,22.713835427142246,15.334464114592754,3.0651772766853758,-8.36266676923428,17.986390829208016,29.428266762669985,-7.282353330308728,16.585950174450847,28.245703043731506,-9.308693664926208,19.229076147204776,30.46664259377789,4.4051852789084975,0.7674898482256542,0.5932125184171632,0.02250127879650976,28.245703043731506
94,22.573205395756915,15.34497332242433,3.064396078031517,-8.36266676923428,17.986390829208016,29.28746718881543,-7.282353330308728,16.585950174450847,28.10411500953706,-9.308693664926208,19.229076147204776,30.326646439973203,4.404892161569532,0.7674898482256542,0.5932125184171632,0.02250127879650976,28.10411500953706
95,22.432582322232243,15.355581170299837,3.063638020286397,-8.36266676923428,17.986390829208016,29.14666155135214,-7.282353330308728,16.585950174450847,27.962545604971204,-9.308693664926208,19.229076147204776,30.186620017885968,4.404902619589309,0.7674898482256542,0.5932125184171632,0.02250127879650976,27.962545604971204
96,22.29196034544885,15.366291570187276,3.062909921835013,-8.36266676923428,17.986390829208016,29.005841659480055,-7.282353330308728,16.585950174450847,27.820993610701375,-9.308693664926208,19.229076147204776,30.046548124115795,4.405173980895917,0.7674898482256542,0.5932125184171632,0.02250127879650976,27.820993610701375
97,22.151334569076493,15.377105260633938,3.0622163339182293,-8.36266676923428,17.986390829208016,28.86500114940962,-7.282353330308728,16.585950174450847,27.679457299074766,-9.308693664926208,19.229076147204776,29.906419721644475,4.405657420516333,0.7674898482256542,0.5932125184171632,0.02250127879650976,27.679457299074766
98,22.01070147736525,15.388023326965026,3.0615571479899715,-8.36266676923428,17.986390829208016,28.724136345186725,-7.282353330308728,16.585950174450847,27.537932902196086,-9.308693664926208,19.229076147204776,29.76623123809283,4.406300540542366,0.7674898482256542,0.5932125184171632,0.02250127879650976,27.537932902196086
99,21.87005833297127,15.399044268674826,3.0609344099977447,-8.36266676923428,17.986390829208016,28.583243920988487,-7.282353330308728,16.585950174450847,27.39641916393774,-9.308693664926208,19.229076147204776,29.625977253408323,4.407060198992421,0.7674898482256542,0.5932125184171632,0.02250127879650976,27.39641916393774
100,21.729403459377423,15.410166047481882,3.0603462434353745,-8.36266676923428,17.986390829208016,28.44232279613395,-7.282353330308728,16.585950174450847,27.254913085933026,-9.308693664926208,19.229076147204776,29.485658617031213,4.407891459036268,0.7674898482256542,0.5932125184171632,0.02250127879650976,27.254913085933026
101,21.58873602535089,15.421386418931455,3.0597913247254938,-8.36266676923428,17.986390829208016,28.301372600598164,-7.282353330308728,16.585950174450847,27.11341294064683,-9.308693664926208,19.229076147204776,29.34527632269215,4.40875687488854,0.7674898482256542,0.5932125184171632,0.02250127879650976,27.11341294064683
102,21.448055824377672,15.432702230951522,3.0592697250985363,-8.36266676923428,17.986390829208016,28.16039325560084,-7.282353330308728,16.585950174450847,26.971918698553377,-9.308693664926208,19.229076147204776,29.20483022928387,4.409624822051173,0.7674898482256542,0.5932125184171632,0.02250127879650976,26.971918698553377
103,21.307363265441904,15.444110203801628,3.0587817170246034,-8.36266676923428,17.986390829208016,28.01938525130689,-7.282353330308728,16.585950174450847,26.830431101835117,-9.308693664926208,19.229076147204776,29.06432055900111,4.410467594067949,0.7674898482256542,0.5932125184171632,0.02250127879650976,26.830431101835117
104,21.166659047247798,15.4556048954588,3.0583280610290893,-8.36266676923428,17.986390829208016,27.878349389248932,-7.282353330308728,16.585950174450847,26.688951676005,-9.308693664926208,19.229076147204776,28.923747355339977,4.4112632264935385,0.7674898482256542,0.5932125184171632,0.02250127879650976,26.688951676005
105,21.025944320990142,15.467180471783456,3.057905281172629,-8.36266676923428,17.986390829208016,27.737288216028944,-7.282353330308728,16.585950174450847,26.547479388475768,-9.308693664926208,19.229076147204776,28.783116751998985,4.411991644981097,0.7674898482256542,0.5932125184171632,0.02250127879650976,26.547479388475768
106,20.88522056680363,15.478831554443994,3.0575096014629057,-8.36266676923428,17.986390829208016,27.59620467762165,-7.282353330308728,16.585950174450847,26.406013307149706,-9.308693664926208,19.229076147204776,28.642435587286784,4.4126397869153475,0.7674898482256542,0.5932125184171632,0.02250127879650976,26.406013307149706
107,20.74448933743775,15.490551877742984,3.0571379010529314,-8.36266676923428,17.986390829208016,27.455101678289196,-7.282353330308728,16.585950174450847,26.26455311392296,-9.308693664926208,19.229076147204776,28.501709990225063,4.413199952113448,0.7674898482256542,0.5932125184171632,0.02250127879650976,26.26455311392296
108,20.60375245580248,15.50233681815592,3.056785542591528,-8.36266676923428,17.986390829208016,27.3139167509858,-7.282353330308728,16.585950174450847,26.123097583487226,-9.308693664926208,19.229076147204776,28.360948249072617,4.413667000955659,0.7674898482256542,0.5932125184171632,0.02250127879650976,26.123097583487226
109,20.46301168571356,15.514181728054016,3.0564515266949925,-8.36266676923428,17.986390829208016,27.17260242231174,-7.282353330308728,16.585950174450847,25.981648043816122,-9.308693664926208,19.229076147204776,28.220153786379353,4.414041812849353,0.7674898482256542,0.5932125184171632,0.02250127879650976,25.981648043816122
110,20.322268744122738,15.526082038289415,3.0561349016101182,-8.36266676923428,17.986390829208016,27.031285268751347,-7.282353330308728,16.585950174450847,25.84020580827863,-9.308693664926208,19.229076147204776,28.079329912454853,4.414326584188394,0.7674898482256542,0.5932125184171632,0.02250127879650976,25.84020580827863
111,20.181525212384763,15.538032772724426,3.0558340506256525,-8.36266676923428,17.986390829208016,26.889966900646943,-7.282353330308728,16.585950174450847,25.698771610582433,-9.308693664926208,19.229076147204776,27.938480720802062,4.414525730483235,0.7674898482256542,0.5932125184171632,0.02250127879650976,25.698771610582433
112,20.04078261388043,15.550029733768053,3.0555459355848,-8.36266676923428,17.986390829208016,26.748648450225943,-7.282353330308728,16.585950174450847,25.5573450706759,-9.308693664926208,19.229076147204776,27.79761207683328,4.414645291224262,0.7674898482256542,0.5932125184171632,0.02250127879650976,25.5573450706759
113,19.900042363954256,15.562069836429247,3.0552692856134387,-8.36266676923428,17.986390829208016,26.60733128156533,-7.282353330308728,16.585950174450847,25.41592689311505,-9.308693664926208,19.229076147204776,27.656727309839482,4.414693904811912,0.7674898482256542,0.5932125184171632,0.02250127879650976,25.41592689311505
114,19.75930558196066,15.574149350515942,3.0550046139104032,-8.36266676923428,17.986390829208016,26.466016968693054,-7.282353330308728,16.585950174450847,25.27451879694658,-9.308693664926208,19.229076147204776,27.51582713808847,4.41468128812386,0.7674898482256542,0.5932125184171632,0.02250127879650976,25.27451879694658
115,19.618573264586416,15.586265322902104,3.054750580355975,-8.36266676923428,17.986390829208016,26.32470643371797,-7.282353330308728,16.585950174450847,25.133121013728292,-9.308693664926208,19.229076147204776,27.374914558345267,4.414616383941399,0.7674898482256542,0.5932125184171632,0.02250127879650976,25.133121013728292
116,19.47784619997451,15.598415183941254,3.054507127145869,-8.36266676923428,17.986390829208016,26.183400673752143,-7.282353330308728,16.585950174450847,24.991734453656345,-9.308693664926208,19.229076147204776,27.233990626843006,4.414509390218172,0.7674898482256542,0.5932125184171632,0.02250127879650976,24.991734453656345
117,19.337124845852063,15.610595179942298,3.05427344623791,-8.36266676923428,17.986390829208016,26.042100285135554,-7.282353330308728,16.585950174450847,24.85035924096142,-9.308693664926208,19.229076147204776,27.09305716289923,4.41436984949224,0.7674898482256542,0.5932125184171632,0.02250127879650976,24.85035924096142
118,19.196409660103583,15.622803471379891,3.0540453974524726,-8.36266676923428,17.986390829208016,25.900804868152612,-7.282353330308728,16.585950174450847,24.70899302575815,-9.308693664926208,19.229076147204776,26.952120269719114,4.414206024446748,0.7674898482256542,0.5932125184171632,0.02250127879650976,24.70899302575815
119,19.05570093766493,15.63503917252476,3.053822845887203,-8.36266676923428,17.986390829208016,25.759514758894703,-7.282353330308728,16.585950174450847,24.567636073903873,-9.308693664926208,19.229076147204776,26.811180488454454,4.41402765930227,0.7674898482256542,0.5932125184171632,0.02250127879650976,24.567636073903873
120,18.91499875757366,15.647301296856817,3.0536077546080636,-8.36266676923428,17.986390829208016,25.618230601981452,-7.282353330308728,16.585950174450847,24.42628992224687,-9.308693664926208,19.229076147204776,26.670235359494196,4.413843046024304,0.7674898482256542,0.5932125184171632,0.02250127879650976,24.42628992224687
121,18.774303025209647,15.659588621638756,3.0534014233699915,-8.36266676923428,17.986390829208016,25.476952727055203,-7.282353330308728,16.585950174450847,24.284955476573003,-9.308693664926208,19.229076147204776,26.529283148938887,4.41365875372751,0.7674898482256542,0.5932125184171632,0.02250127879650976,24.284955476573003
122,18.6336135530464,15.671900327988245,3.0532046420567913,-8.36266676923428,17.986390829208016,25.335681207517602,-7.282353330308728,16.585950174450847,24.1436331624053,-9.308693664926208,19.229076147204776,26.388322675556097,4.413480405683969,0.7674898482256542,0.5932125184171632,0.02250127879650976,24.1436331624053
123,18.492929967867354,15.684234882660194,3.0530186861565887,-8.36266676923428,17.986390829208016,25.194416117382715,-7.282353330308728,16.585950174450847,24.00232360422879,-9.308693664926208,19.229076147204776,26.24735198117,4.413312886959713,0.7674898482256542,0.5932125184171632,0.02250127879650976,24.00232360422879
124,18.352251836777622,15.696590874404908,3.0528428781031907,-8.36266676923428,17.986390829208016,25.053156983262134,-7.282353330308728,16.585950174450847,23.86102598351348,-9.308693664926208,19.229076147204776,26.106371640865298,4.413159433707072,0.7674898482256542,0.5932125184171632,0.02250127879650976,23.86102598351348
125,18.211578682444888,15.708967136466354,3.0526763743176737,-8.36266676923428,17.986390829208016,24.911903225463877,-7.282353330308728,16.585950174450847,23.71973930724602,-9.308693664926208,19.229076147204776,25.96538238892632,4.413022765056688,0.7674898482256542,0.5932125184171632,0.02250127879650976,23.71973930724602
126,18.07090993188757,15.721361944307692,3.052517838878315,-8.36266676923428,17.986390829208016,24.770654103527427,-7.282353330308728,16.585950174450847,23.578462177929488,-9.308693664926208,19.229076147204776,25.824382867578187,4.412904594893017,0.7674898482256542,0.5932125184171632,0.02250127879650976,23.578462177929488
127,17.93024514056992,15.733775121637567,3.052364629422355,-8.36266676923428,17.986390829208016,24.62940854296608,-7.282353330308728,16.585950174450847,23.437192317727018,-9.308693664926208,19.229076147204776,25.68329997562601,4.412805609604697,0.7674898482256542,0.5932125184171632,0.02250127879650976,23.437192317727018
128,17.789583840223585,15.746206605155052,3.052217535804193,-8.36266676923428,17.986390829208016,24.488166270540525,-7.282353330308728,16.585950174450847,23.295929828946772,-9.308693664926208,19.229076147204776,25.54221406499487,4.412726679276619,0.7674898482256542,0.5932125184171632,0.02250127879650976,23.295929828946772
129,17.648925569362696,15.75865630464642,3.0520779604876735,-8.36266676923428,17.986390829208016,24.346927170391762,-7.282353330308728,16.585950174450847,23.154675249826962,-9.308693664926208,19.229076147204776,25.401123582587044,4.412667297296951,0.7674898482256542,0.5932125184171632,0.02250127879650976,23.154675249826962
130,17.5082698427786,15.771123581382668,3.0519471371280673,-8.36266676923428,17.986390829208016,24.205691113204267,-7.282353330308728,16.585950174450847,23.013429007766575,-9.308693664926208,19.229076147204776,25.260027137665436,4.41262630244598,0.7674898482256542,0.5932125184171632,0.02250127879650976,23.013429007766575
131,17.367616216007313,15.783607790227405,3.051825218761263,-8.36266676923428,17.986390829208016,24.064457748704246,-7.282353330308728,16.585950174450847,22.87219081358852,-9.308693664926208,19.229076147204776,25.118924226777235,4.412602027021454,0.7674898482256542,0.5932125184171632,0.02250127879650976,22.87219081358852
132,17.226964196239948,15.79610730788972,3.0517116063523497,-8.36266676923428,17.986390829208016,23.923226589477522,-7.282353330308728,16.585950174450847,22.730959863960734,-9.308693664926208,19.229076147204776,24.97781498497046,4.412592616475059,0.7674898482256542,0.5932125184171632,0.02250127879650976,22.730959863960734
133,17.08631346979558,15.808621872334115,3.051603811341024,-8.36266676923428,17.986390829208016,23.78199674146161,-7.282353330308728,16.585950174450847,22.589734134303516,-9.308693664926208,19.229076147204776,24.83670107156244,4.412595932621928,0.7674898482256542,0.5932125184171632,0.02250127879650976,22.589734134303516
134,16.945663687516863,15.82115051636688,3.051501870793473,-8.36266676923428,17.986390829208016,23.640767954257473,-7.282353330308728,16.585950174450847,22.448513373830327,-9.308693664926208,19.229076147204776,24.69558220324012,4.41261035017456,0.7674898482256542,0.5932125184171632,0.02250127879650976,22.448513373830327
135,16.805014593073533,15.833692641264152,3.0514041181089833,-8.36266676923428,17.986390829208016,23.499539623615437,-7.282353330308728,16.585950174450847,22.307296214975985,-9.308693664926208,19.229076147204776,24.554459487667543,4.412633461994061,0.7674898482256542,0.5932125184171632,0.02250127879650976,22.307296214975985
136,16.664366094802446,15.846248996773877,3.0513104902982455,-8.36266676923428,17.986390829208016,23.358311569673784,-7.282353330308728,16.585950174450847,22.16608249382255,-9.308693664926208,19.229076147204776,24.41333280651477,4.412663495326918,0.7674898482256542,0.5932125184171632,0.02250127879650976,22.16608249382255
137,16.52371796595106,15.8588184824636,3.051223617855542,-8.36266676923428,17.986390829208016,23.21708430370989,-7.282353330308728,16.585950174450847,22.024873897405158,-9.308693664926208,19.229076147204776,24.27219998034205,4.412698651193481,0.7674898482256542,0.5932125184171632,0.02250127879650976,22.024873897405158
138,16.38307017454872,15.871401432558024,3.051143103575905,-8.36266676923428,17.986390829208016,23.075857663500642,-7.282353330308728,16.585950174450847,21.883670111215743,-9.308693664926208,19.229076147204776,24.131061253308427,4.412736627055395,0.7674898482256542,0.5932125184171632,0.02250127879650976,21.883670111215743
139,16.24242253707468,15.883996254582762,3.05107114378016,-8.36266676923428,17.986390829208016,22.93463214468163,-7.282353330308728,16.585950174450847,21.742472587424675,-9.308693664926208,19.229076147204776,23.989914878338027,4.4127760420655635,0.7674898482256542,0.5932125184171632,0.02250127879650976,21.742472587424675
140,16.101774974352608,15.896601937978916,3.051005923747393,-8.36266676923428,17.986390829208016,22.793407324083525,-7.282353330308728,16.585950174450847,21.60128005822698,-9.308693664926208,19.229076147204776,23.848762298195968,4.412814988216021,0.7674898482256542,0.5932125184171632,0.02250127879650976,21.60128005822698
141,15.961127440517558,15.909217632735198,3.0509467958023824,-8.36266676923428,17.986390829208016,22.652183078720892,-7.282353330308728,16.585950174450847,21.460092092702144,-9.308693664926208,19.229076147204776,23.70760405880937,4.412852569428012,0.7674898482256542,0.5932125184171632,0.02250127879650976,21.460092092702144
142,15.820479913175786,15.921842516133276,3.0508937171403963,-8.36266676923428,17.986390829208016,22.510959452655616,-7.282353330308728,16.585950174450847,21.318908702338845,-9.308693664926208,19.229076147204776,23.56644025314,4.412887853049335,0.7674898482256542,0.5932125184171632,0.02250127879650976,21.318908702338845
143,15.679832317617365,15.934474969847198,3.0508459446808684,-8.36266676923428,17.986390829208016,22.36973634495794,-7.282353330308728,16.585950174450847,21.177729407745797,-9.308693664926208,19.229076147204776,23.42527155074234,4.412919911250072,0.7674898482256542,0.5932125184171632,0.02250127879650976,21.177729407745797
144,15.539184685141132,15.947114360192106,3.0508007896930813,-8.36266676923428,17.986390829208016,22.22851319819404,-7.282353330308728,16.585950174450847,21.03655243129545,-9.308693664926208,19.229076147204776,23.2841001535781,4.4129481719244295,0.7674898482256542,0.5932125184171632,0.02250127879650976,21.03655243129545
145,15.398537034238766,15.959759909969053,3.0507572384283184,-8.36266676923428,17.986390829208016,22.087289859908047,-7.282353330308728,16.585950174450847,20.895377154997792,-9.308693664926208,19.229076147204776,23.14292695260242,4.4129725111261235,0.7674898482256542,0.5932125184171632,0.02250127879650976,20.895377154997792
146,15.25788951702754,15.972412241758194,3.0507147782932615,-8.36266676923428,17.986390829208016,21.946066298550214,-7.282353330308728,16.585950174450847,20.754203361648653,-9.308693664926208,19.229076147204776,23.001752439146564,4.412992829825622,0.7674898482256542,0.5932125184171632,0.02250127879650976,20.754203361648653
147,15.117242123506214,15.985070225423412,3.050675244649933,-8.36266676923428,17.986390829208016,21.804843053633313,-7.282353330308728,16.585950174450847,20.61303239794196,-9.308693664926208,19.229076147204776,22.860575278631543,4.413009031857534,0.7674898482256542,0.5932125184171632,0.02250127879650976,20.61303239794196
148,14.976594953144183,15.997733828307807,3.050636853831928,-8.36266676923428,17.986390829208016,21.663619797276173,-7.282353330308728,16.585950174450847,20.471863153739744,-9.308693664926208,19.229076147204776,22.719396971743624,4.4130209522354145,0.7674898482256542,0.5932125184171632,0.02250127879650976,20.471863153739744
149,14.835948092300882,16.01040303030885,3.05060031903877,-8.36266676923428,17.986390829208016,21.522396789068132,-7.282353330308728,16.585950174450847,20.330696232226405,-9.308693664926208,19.229076147204776,22.57821704836213,4.4130291382867135,0.7674898482256542,0.5932125184171632,0.02250127879650976,20.330696232226405
150,14.695301611309644,16.02307769257538,3.050566886049235,-8.36266676923428,17.986390829208016,21.38117441227849,-7.282353330308728,16.585950174450847,20.189532593950194,-9.308693664926208,19.229076147204776,22.43703461726314,4.413033831629919,0.7674898482256542,0.5932125184171632,0.02250127879650976,20.189532593950194
151,14.554655539355533,16.035757289173922,3.050537554762758,-8.36266676923428,17.986390829208016,21.23995298690187,-7.282353330308728,16.585950174450847,20.04837300906939,-9.308693664926208,19.229076147204776,22.295848978101958,4.413035291805812,0.7674898482256542,0.5932125184171632,0.02250127879650976,20.04837300906939
152,14.414009882683406,16.048441134115457,3.050512439540535,-8.36266676923428,17.986390829208016,21.09873261214977,-7.282353330308728,16.585950174450847,19.907217622305666,-9.308693664926208,19.229076147204776,22.154660117925328,4.413033884022623,0.7674898482256542,0.5932125184171632,0.02250127879650976,19.907217622305666
153,14.273364604363534,16.061128198092938,3.0504908971097775,-8.36266676923428,17.986390829208016,20.957513194605617,-7.282353330308728,16.585950174450847,19.766066032974432,-9.308693664926208,19.229076147204776,22.01346860906585,4.413030059199276,0.7674898482256542,0.5932125184171632,0.02250127879650976,19.766066032974432
154,14.132719693750403,16.073817879689035,3.0504713022977445,-8.36266676923428,17.986390829208016,20.816294389738506,-7.282353330308728,16.585950174450847,19.624917168259056,-9.308693664926208,19.229076147204776,21.872275776169587,4.413024359999755,0.7674898482256542,0.5932125184171632,0.02250127879650976,19.624917168259056
155,13.9920751957171,16.086510342011994,3.0504532966512437,-8.36266676923428,17.986390829208016,20.675076140667457,-7.282353330308728,16.585950174450847,19.483770841964503,-9.308693664926208,19.229076147204776,21.73108193002739,4.41301743605951,0.7674898482256542,0.5932125184171632,0.02250127879650976,19.483770841964503
156,13.851431057044678,16.099204766834806,3.050437774941252,-8.36266676923428,17.986390829208016,20.53385868861027,-7.282353330308728,16.585950174450847,19.342627686750884,-9.308693664926208,19.229076147204776,21.589886401281912,4.413009571631024,0.7674898482256542,0.5932125184171632,0.02250127879650976,19.342627686750884
157,13.710787314608098,16.111901375706132,3.0504238316615035,-8.36266676923428,17.986390829208016,20.392641831400912,-7.282353330308728,16.585950174450847,19.201487130405386,-9.308693664926208,19.229076147204776,21.448689915492288,4.413001095348404,0.7674898482256542,0.5932125184171632,0.02250127879650976,19.201487130405386
158,13.570143870630881,16.1245990359108,3.0504119596029575,-8.36266676923428,17.986390829208016,20.251425699259354,-7.282353330308728,16.585950174450847,19.06034950251797,-9.308693664926208,19.229076147204776,21.307492105884123,4.412992333181797,0.7674898482256542,0.5932125184171632,0.02250127879650976,19.06034950251797
159,13.42950073147076,16.13729781393708,3.050399820209335,-8.36266676923428,17.986390829208016,20.110209728802943,-7.282353330308728,16.585950174450847,18.91921322917003,-9.308693664926208,19.229076147204776,21.16629480488289,4.412983592304904,0.7674898482256542,0.5932125184171632,0.02250127879650976,18.91921322917003
160,13.28885796223313,16.149998551994322,3.0503883617947265,-8.36266676923428,17.986390829208016,19.968994133601658,-7.282353330308728,16.585950174450847,18.778079009474595,-9.308693664926208,19.229076147204776,21.025097252016476,4.412975457914175,0.7674898482256542,0.5932125184171632,0.02250127879650976,18.778079009474595
161,13.148215438414844,16.162700008340945,3.05037955970705,-8.36266676923428,17.986390829208016,19.82777938565039,-7.282353330308728,16.585950174450847,18.636948168934833,-9.308693664926208,19.229076147204776,20.883897905309105,4.412967759385449,0.7674898482256542,0.5932125184171632,0.02250127879650976,18.636948168934833
162,13.007573155304158,16.175402251079593,3.050370799102267,-8.36266676923428,17.986390829208016,19.68656484356322,-7.282353330308728,16.585950174450847,18.495818938535933,-9.308693664926208,19.229076147204776,20.742698801855592,4.412960578447344,0.7674898482256542,0.5932125184171632,0.02250127879650976,18.495818938535933
163,12.866931054668507,16.188104889070363,3.050361765430298,-8.36266676923428,17.986390829208016,19.54535041144673,-7.282353330308728,16.585950174450847,18.354691098677574,-9.308693664926208,19.229076147204776,20.601500171532663,4.412954311372313,0.7674898482256542,0.5932125184171632,0.02250127879650976,18.354691098677574
164,12.726289222584143,16.20080911857568,3.0503523276367037,-8.36266676923428,17.986390829208016,19.404136029413763,-7.282353330308728,16.585950174450847,18.213564615693468,-9.308693664926208,19.229076147204776,20.460302083614557,4.412949140957729,0.7674898482256542,0.5932125184171632,0.02250127879650976,18.213564615693468
165,12.585647531026737,16.21351377663189,3.0503448402355273,-8.36266676923428,17.986390829208016,19.262922250591735,-7.282353330308728,16.585950174450847,18.07244106592287,-9.308693664926208,19.229076147204776,20.31910268943434,4.412944842443792,0.7674898482256542,0.5932125184171632,0.02250127879650976,18.07244106592287
166,12.445005967186102,16.226218905958184,3.05033644785325,-8.36266676923428,17.986390829208016,19.1217083692686,-7.282353330308728,16.585950174450847,17.931318519912164,-9.308693664926208,19.229076147204776,20.177904207496663,4.412941263516149,0.7674898482256542,0.5932125184171632,0.02250127879650976,17.931318519912164
167,12.304364535151729,16.238924829040826,3.050326794918901,-8.36266676923428,17.986390829208016,18.980494273204805,-7.282353330308728,16.585950174450847,17.790196760632227,-9.308693664926208,19.229076147204776,20.036706889285444,4.412938755075485,0.7674898482256542,0.5932125184171632,0.02250127879650976,17.790196760632227
168,12.163723255513471,16.251632016468413,3.050316668018955,-8.36266676923428,17.986390829208016,18.839280128357103,-7.282353330308728,16.585950174450847,17.649076359631465,-9.308693664926208,19.229076147204776,19.895510094769346,4.412937227278055,0.7674898482256542,0.5932125184171632,0.02250127879650976,17.649076359631465
169,12.023082099603103,16.264340339801173,3.050306958187091,-8.36266676923428,17.986390829208016,18.6980661344996,-7.282353330308728,16.585950174450847,17.50795794146109,-9.308693664926208,19.229076147204776,19.754313114480972,4.412936427607841,0.7674898482256542,0.5932125184171632,0.02250127879650976,17.50795794146109
170,11.88244112905499,16.277050621729718,3.05029798648316,-8.36266676923428,17.986390829208016,18.556852352403244,-7.282353330308728,16.585950174450847,17.36684178361709,-9.308693664926208,19.229076147204776,19.61311567794471,4.412936318582369,0.7674898482256542,0.5932125184171632,0.02250127879650976,17.36684178361709
171,11.741800224093899,16.289761678224473,3.0502913492494006,-8.36266676923428,17.986390829208016,18.415639163454248,-7.282353330308728,16.585950174450847,17.22572895270276,-9.308693664926208,19.229076147204776,19.471916542253993,4.412936647720453,0.7674898482256542,0.5932125184171632,0.02250127879650976,17.22572895270276
172,11.601159409357386,16.30247386767787,3.0502846645391632,-8.36266676923428,17.986390829208016,18.274425982574225,-7.282353330308728,16.585950174450847,17.084617878417067,-9.308693664926208,19.229076147204776,19.33071755957871,4.4129373491165,0.7674898482256542,0.5932125184171632,0.02250127879650976,17.084617878417067
173,11.460518704025233,16.315187544874927,3.05027924445309,-8.36266676923428,17.986390829208016,18.133213113089486,-7.282353330308728,16.585950174450847,16.94350949633908,-9.308693664926208,19.229076147204776,19.189517691024307,4.412938646056539,0.7674898482256542,0.5932125184171632,0.02250127879650976,16.94350949633908
174,11.319878038133806,16.327902001432857,3.0502762848847262,-8.36266676923428,17.986390829208016,17.992000844056072,-7.282353330308728,16.585950174450847,16.802404626573754,-9.308693664926208,19.229076147204776,19.04831600898281,4.412940141030935,0.7674898482256542,0.5932125184171632,0.02250127879650976,16.802404626573754
175,11.179237430678011,16.34061746643419,3.050274946524557,-8.36266676923428,17.986390829208016,17.850788970470212,-7.282353330308728,16.585950174450847,16.66130275200242,-9.308693664926208,19.229076147204776,18.90711316833259,4.412941764081549,0.7674898482256542,0.5932125184171632,0.02250127879650976,16.66130275200242
176,11.03859680866233,16.353333171889687,3.0502760349944973,-8.36266676923428,17.986390829208016,17.709577690079637,-7.282353330308728,16.585950174450847,16.52020442881852,-9.308693664926208,19.229076147204776,18.76590855018085,4.41294346885958,0.7674898482256542,0.5932125184171632,0.02250127879650976,16.52020442881852
177,10.897956125870044,16.366048616319393,3.0502780078909755,-8.36266676923428,17.986390829208016,17.568366632950976,-7.282353330308728,16.585950174450847,16.379108639713404,-9.308693664926208,19.229076147204776,18.624703368005473,4.412945122896704,0.7674898482256542,0.5932125184171632,0.02250127879650976,16.379108639713404
178,10.757315439116544,16.378764459388346,3.050280460326964,-8.36266676923428,17.986390829208016,17.427155695240536,-7.282353330308728,16.585950174450847,16.23801518579907,-9.308693664926208,19.229076147204776,18.483497930789966,4.412946951126219,0.7674898482256542,0.5932125184171632,0.02250127879650976,16.23801518579907
179,10.616674607873426,16.391479150330976,3.0502844303737513,-8.36266676923428,17.986390829208016,17.285945139631913,-7.282353330308728,16.585950174450847,16.096924754667928,-9.308693664926208,19.229076147204776,18.34229145205877,4.412948602109033,0.7674898482256542,0.5932125184171632,0.02250127879650976,16.096924754667928
180,10.476033711877733,16.404193543842286,3.0502867019171096,-8.36266676923428,17.986390829208016,17.144734184276754,-7.282353330308728,16.585950174450847,15.955835270256502,-9.308693664926208,19.229076147204776,18.20108643614713,4.412950174443493,0.7674898482256542,0.5932125184171632,0.02250127879650976,15.955835270256502
181,10.335392680230424,16.416906884962657,3.050288380518331,-8.36266676923428,17.986390829208016,17.00352310065328,-7.282353330308728,16.585950174450847,15.814747501902358,-9.308693664926208,19.229076147204776,18.05988203146109,4.412951725739606,0.7674898482256542,0.5932125184171632,0.02250127879650976,15.814747501902358
182,10.194751577814838,16.429619852630875,3.0502876028523658,-8.36266676923428,17.986390829208016,16.862311436412117,-7.282353330308728,16.585950174450847,15.67366028942775,-9.308693664926208,19.229076147204776,17.91867968910108,4.412953146107745,0.7674898482256542,0.5932125184171632,0.02250127879650976,15.67366028942775
183,10.054110426951128,16.442332676929183,3.050285375473943,-8.36266676923428,17.986390829208016,16.72109943673691,-7.282353330308728,16.585950174450847,15.532574386325116,-9.308693664926208,19.229076147204776,17.77747862637523,4.412954512749812,0.7674898482256542,0.5932125184171632,0.02250127879650976,15.532574386325116
184,9.91346927121432,16.455045769467358,3.0502821004690626,-8.36266676923428,17.986390829208016,16.57988720385319,-7.282353330308728,16.585950174450847,15.391490153432446,-9.308693664926208,19.229076147204776,17.636278534665504,4.412955671341922,0.7674898482256542,0.5932125184171632,0.02250127879650976,15.391490153432446
185,9.77282816010521,16.46775959843791,3.050278860467165,-8.36266676923428,17.986390829208016,16.43867500599493,-7.282353330308728,16.585950174450847,15.250408412760798,-9.308693664926208,19.229076147204776,17.49507857562431,4.412956629775396,0.7674898482256542,0.5932125184171632,0.02250127879650976,15.250408412760798
186,9.632187063961663,16.48047374836525,3.050276666453749,-8.36266676923428,17.986390829208016,16.297463101070736,-7.282353330308728,16.585950174450847,15.10932989989851,-9.308693664926208,19.229076147204776,17.35387797989064,4.412957257354218,0.7674898482256542,0.5932125184171632,0.02250127879650976,15.10932989989851
187,9.491546005305961,16.493188386938396,3.050274805708628,-8.36266676923428,17.986390829208016,16.156251323487886,-7.282353330308728,16.585950174450847,14.96825422286028,-9.308693664926208,19.229076147204776,17.212677312670706,4.4129576174627045,0.7674898482256542,0.5932125184171632,0.02250127879650976,14.96825422286028
188,9.35090499481285,16.505903593596592,3.0502740253609484,-8.36266676923428,17.986390829208016,16.015039859579627,-7.282353330308728,16.585950174450847,14.827181961558363,-9.308693664926208,19.229076147204776,17.07147599991935,4.412957865160134,0.7674898482256542,0.5932125184171632,0.02250127879650976,14.827181961558363
189,9.210263955694938,16.518618474029868,3.0502743207253666,-8.36266676923428,17.986390829208016,15.873828720302312,-7.282353330308728,16.585950174450847,14.686113151173286,-9.308693664926208,19.229076147204776,16.930274067127772,4.412957837291822,0.7674898482256542,0.5932125184171632,0.02250127879650976,14.686113151173286
190,9.06962296155078,16.531333813143736,3.050274140085101,-8.36266676923428,17.986390829208016,15.73261752660227,-7.282353330308728,16.585950174450847,14.545046874051108,-9.308693664926208,19.229076147204776,16.789072719253706,4.412957765338355,0.7674898482256542,0.5932125184171632,0.02250127879650976,14.545046874051108
191,8.928981937205021,16.544048788086084,3.050274944281564,-8.36266676923428,17.986390829208016,15.591406641153934,-7.282353330308728,16.585950174450847,14.403984147605003,-9.308693664926208,19.229076147204776,16.647870835973972,4.412957625367353,0.7674898482256542,0.5932125184171632,0.02250127879650976,14.403984147605003
192,8.788340941823186,16.556764015468772,3.0502753028970235,-8.36266676923428,17.986390829208016,15.450195716141883,-7.282353330308728,16.585950174450847,14.262924137317373,-9.308693664926208,19.229076147204776,16.506669530604167,4.412957396381823,0.7674898482256542,0.5932125184171632,0.02250127879650976,14.262924137317373
193,8.64769995907534,16.569479314818945,3.050276691413435,-8.36266676923428,17.986390829208016,15.3089851145282,-7.282353330308728,16.585950174450847,14.121867904893591,-9.308693664926208,19.229076147204776,16.365467664430803,4.4129571697291015,0.7674898482256542,0.5932125184171632,0.02250127879650976,14.121867904893591
194,8.507059004203182,16.5821948117746,3.0502792969303028,-8.36266676923428,17.986390829208016,15.167774887155511,-7.282353330308728,16.585950174450847,13.980815675084386,-9.308693664926208,19.229076147204776,16.22426510092484,4.412956831719088,0.7674898482256542,0.5932125184171632,0.02250127879650976,13.980815675084386
195,8.36641798344504,16.59490944781847,3.0502830691634975,-8.36266676923428,17.986390829208016,15.026565033858816,-7.282353330308728,16.585950174450847,13.839767459324046,-9.308693664926208,19.229076147204776,16.08306190336926,4.412956299736583,0.7674898482256542,0.5932125184171632,0.02250127879650976,13.839767459324046
196,8.225776929823818,16.607623598487397,3.0502856545513857,-8.36266676923428,17.986390829208016,14.885354978292472,-7.282353330308728,16.585950174450847,13.698721816144134,-9.308693664926208,19.229076147204776,15.941859900791432,4.412955792544192,0.7674898482256542,0.5932125184171632,0.02250127879650976,13.698721816144134
197,8.085135790760699,16.620336744273025,3.050287183928663,-8.36266676923428,17.986390829208016,14.74414475253238,-7.282353330308728,16.585950174450847,13.557678908188482,-9.308693664926208,19.229076147204776,15.800658999835601,4.412955403986544,0.7674898482256542,0.5932125184171632,0.02250127879650976,13.557678908188482
198,7.944494645032162,16.63304978167866,3.0502864667487213,-8.36266676923428,17.986390829208016,14.602934058163976,-7.282353330308728,16.585950174450847,13.416638104435444,-9.308693664926208,19.229076147204776,15.659460115722217,4.412955164427806,0.7674898482256542,0.5932125184171632,0.02250127879650976,13.416638104435444
199,7.803853510290066,16.645762931307836,3.0502853595825434,-8.36266676923428,17.986390829208016,14.461723347115996,-7.282353330308728,16.585950174450847,13.275600756306472,-9.308693664926208,19.229076147204776,15.518261808241961,4.4129550660290855,0.7674898482256542,0.5932125184171632,0.02250127879650976,13.275600756306472
200,7.663212389377067,16.65847618962917,3.050284345184618,-8.36266676923428,17.986390829208016,14.32051274295946,-7.282353330308728,16.585950174450847,13.134567304745216,-9.308693664926208,19.229076147204776,15.377063713406418,4.412954873226452,0.7674898482256542,0.5932125184171632,0.02250127879650976,13.134567304745216
201,7.522571290750749,16.671189628307417,3.0502833552489053,-8.36266676923428,17.986390829208016,14.179302232793807,-7.282353330308728,16.585950174450847,12.99353783510531,-9.308693664926208,19.229076147204776,15.235865892929075,4.412954634934798,0.7674898482256542,0.5932125184171632,0.02250127879650976,12.99353783510531
202,7.381930160506394,16.683902658465634,3.0502819768797265,-8.36266676923428,17.986390829208016,14.038091721866833,-7.282353330308728,16.585950174450847,12.85251217566149,-9.308693664926208,19.229076147204776,15.094668683284953,4.412954343224837,0.7674898482256542,0.5932125184171632,0.02250127879650976,12.85251217566149
203,7.241289065557049,16.696616043328913,3.0502788456398426,-8.36266676923428,17.986390829208016,13.896880869789584,-7.282353330308728,16.585950174450847,12.711489608522951,-9.308693664926208,19.229076147204776,14.953473136210162,4.412954191655696,0.7674898482256542,0.5932125184171632,0.02250127879650976,12.711489608522951
204,7.10064805925082,16.709330409396117,3.050276099887819,-8.36266676923428,17.986390829208016,13.75567019504971,-7.282353330308728,16.585950174450847,12.570471708577458,-9.308693664926208,19.229076147204776,14.812277589516118,4.412954281322542,0.7674898482256542,0.5932125184171632,0.02250127879650976,12.570471708577458
205,6.96000712670594,16.722045552447398,3.050275784527783,-8.36266676923428,17.986390829208016,13.614460207898452,-7.282353330308728,16.585950174450847,12.429459950581556,-9.308693664926208,19.229076147204776,14.671080475420245,4.412954283885332,0.7674898482256542,0.5932125184171632,0.02250127879650976,12.429459950581556
206,6.8193661843793665,16.73476049443399,3.0502774029994146,-8.36266676923428,17.986390829208016,13.473250803056052,-7.282353330308728,16.585950174450847,12.288454111325049,-9.308693664926208,19.229076147204776,14.529882209730713,4.412954014848084,0.7674898482256542,0.5932125184171632,0.02250127879650976,12.288454111325049
207,6.678725226947161,16.747475190688245,3.0502787113572163,-8.36266676923428,17.986390829208016,13.332041431787928,-7.282353330308728,16.585950174450847,12.147452884504402,-9.308693664926208,19.229076147204776,14.38868453979879,4.4129537530967875,0.7674898482256542,0.5932125184171632,0.02250127879650976,12.147452884504402
208,6.538084262891057,16.760189802786627,3.0502796781553987,-8.36266676923428,17.986390829208016,13.190832082047834,-7.282353330308728,16.585950174450847,12.00645642308998,-9.308693664926208,19.229076147204776,14.247487491342184,4.412953722952195,0.7674898482256542,0.5932125184171632,0.02250127879650976,12.00645642308998
209,6.397443241822794,16.772903808221095,3.050280292859165,-8.36266676923428,17.986390829208016,13.049622755794045,-7.282353330308728,16.585950174450847,11.865464866457087,-9.308693664926208,19.229076147204776,14.106291088332078,4.412953724031404,0.7674898482256542,0.5932125184171632,0.02250127879650976,11.865464866457087
210,6.256802253364568,16.785618210421507,3.050279675348894,-8.36266676923428,17.986390829208016,12.908413229918997,-7.282353330308728,16.585950174450847,11.724477888944028,-9.308693664926208,19.229076147204776,13.965096004446144,4.412953865348334,0.7674898482256542,0.5932125184171632,0.02250127879650976,11.724477888944028
211,6.116161276870768,16.79833279368928,3.05028015775941,-8.36266676923428,17.986390829208016,12.767204083175258,-7.282353330308728,16.585950174450847,11.583497181857798,-9.308693664926208,19.229076147204776,13.823900450464857,4.412954071331797,0.7674898482256542,0.5932125184171632,0.02250127879650976,11.583497181857798
212,5.975520280825094,16.811047162340923,3.050281262790864,-8.36266676923428,17.986390829208016,12.625995209843522,-7.282353330308728,16.585950174450847,11.442522620477789,-9.308693664926208,19.229076147204776,13.68270481883576,4.41295407818673,0.7674898482256542,0.5932125184171632,0.02250127879650976,11.442522620477789
213,5.834879314927875,16.82376185877658,3.050282477625774,-8.36266676923428,17.986390829208016,12.484786483514059,-7.282353330308728,16.585950174450847,11.301554120913368,-9.308693664926208,19.229076147204776,13.541509510079697,4.412954133983477,0.7674898482256542,0.5932125184171632,0.02250127879650976,11.301554120913368
214,5.694238289422245,16.836475901290726,3.0502847194332383,-8.36266676923428,17.986390829208016,12.343578142847493,-7.282353330308728,16.585950174450847,11.160592437399174,-9.308693664926208,19.229076147204776,13.400313845306819,4.412954126613599,0.7674898482256542,0.5932125184171632,0.02250127879650976,11.160592437399174
215,5.5535972589436415,16.8491898885433,3.0502860730358994,-8.36266676923428,17.986390829208016,12.202369714429002,-7.282353330308728,16.585950174450847,11.019636614206382,-9.308693664926208,19.229076147204776,13.259119306895354,4.412954136008491,0.7674898482256542,0.5932125184171632,0.02250127879650976,11.019636614206382
216,5.412956153307737,16.86190308549145,3.050287258995846,-8.36266676923428,17.986390829208016,12.061161383791145,-7.282353330308728,16.585950174450847,10.878687315627952,-9.308693664926208,19.229076147204776,13.117925361846892,4.412954191117123,0.7674898482256542,0.5932125184171632,0.02250127879650976,10.878687315627952
217,5.272315055449572,16.87461641194657,3.0502868683294087,-8.36266676923428,17.986390829208016,11.919952798118372,-7.282353330308728,16.585950174450847,10.737743964032466,-9.308693664926208,19.229076147204776,12.97673309458033,4.41295432844361,0.7674898482256542,0.5932125184171632,0.02250127879650976,10.737743964032466
218,5.131673927609244,16.887329473542778,3.050286568032836,-8.36266676923428,17.986390829208016,11.778744376344298,-7.282353330308728,16.585950174450847,10.596807875701861,-9.308693664926208,19.229076147204776,12.835541239669322,4.412954516253372,0.7674898482256542,0.5932125184171632,0.02250127879650976,10.596807875701861
219,4.991032811672065,16.900042702046417,3.0502855964739006,-8.36266676923428,17.986390829208016,11.637535933652186,-7.282353330308728,16.585950174450847,10.455878889884103,-9.308693664926208,19.229076147204776,12.694350394934727,4.412954638822917,0.7674898482256542,0.5932125184171632,0.02250127879650976,10.455878889884103
220,4.850391732497552,16.912756367175266,3.050285117190672,-8.36266676923428,17.986390829208016,11.496327761861833,-7.282353330308728,16.585950174450847,10.314958071917454,-9.308693664926208,19.229076147204776,12.553159676397007,4.412954808518484,0.7674898482256542,0.5932125184171632,0.02250127879650976,10.314958071917454
221,4.7097506310411745,16.92546978705848,3.0502855963030293,-8.36266676923428,17.986390829208016,11.355119992034542,-7.282353330308728,16.585950174450847,10.174045997347127,-9.308693664926208,19.229076147204776,12.411968758627097,4.412954816431466,0.7674898482256542,0.5932125184171632,0.02250127879650976,10.174045997347127
222,4.569109556207225,16.938183484139973,3.0502858023410937,-8.36266676923428,17.986390829208016,11.213912321178253,-7.282353330308728,16.585950174450847,10.033142266726534,-9.308693664926208,19.229076147204776,12.27077859999561,4.41295481267947,0.7674898482256542,0.5932125184171632,0.02250127879650976,10.033142266726534
223,4.428468487848517,16.950897252110632,3.0502870686143324,-8.36266676923428,17.986390829208016,11.072705087932805,-7.282353330308728,16.585950174450847,9.89224806577405,-9.308693664926208,19.229076147204776,12.129588197086917,4.412954868717211,0.7674898482256542,0.5932125184171632,0.02250127879650976,9.89224806577405
224,4.287827382935689,16.96361059613975,3.050288900079563,-8.36266676923428,17.986390829208016,10.93149818314706,-7.282353330308728,16.585950174450847,9.75136343116165,-9.308693664926208,19.229076147204776,11.988397962802205,4.412954794168774,0.7674898482256542,0.5932125184171632,0.02250127879650976,9.75136343116165
225,4.147186230051143,16.976323403254334,3.050289829896623,-8.36266676923428,17.986390829208016,10.790291248648884,-7.282353330308728,16.585950174450847,9.610487841310952,-9.308693664926208,19.229076147204776,11.847209046421947,4.412954709743016,0.7674898482256542,0.5932125184171632,0.02250127879650976,9.610487841310952
226,4.006545104910591,16.989036545410407,3.050289928905338,-8.36266676923428,17.986390829208016,10.649084296992646,-7.282353330308728,16.585950174450847,9.46962183287963,-9.308693664926208,19.229076147204776,11.706021394780937,4.412954836337478,0.7674898482256542,0.5932125184171632,0.02250127879650976,9.46962183287963
227,3.865903939511819,17.00174927433923,3.050290886883524,-8.36266676923428,17.986390829208016,10.507877765176126,-7.282353330308728,16.585950174450847,9.328766860946896,-9.308693664926208,19.229076147204776,11.564833748655522,4.412954909652715,0.7674898482256542,0.5932125184171632,0.02250127879650976,9.328766860946896
228,3.7252627835523784,17.01446210360151,3.0502912199842673,-8.36266676923428,17.986390829208016,10.366671288911176,-7.282353330308728,16.585950174450847,9.187922528023572,-9.308693664926208,19.229076147204776,11.423647264022804,4.41295490241877,0.7674898482256542,0.5932125184171632,0.02250127879650976,9.187922528023572
229,3.584621627937781,17.02717494524485,3.0502920471181887,-8.36266676923428,17.986390829208016,10.225465156475822,-7.282353330308728,16.585950174450847,9.047090033930532,-9.308693664926208,19.229076147204776,11.28246110926438,4.412954951672927,0.7674898482256542,0.5932125184171632,0.02250127879650976,9.047090033930532
230,3.4439804613594642,17.03988765468795,3.0502932953425175,-8.36266676923428,17.986390829208016,10.08425936261312,-7.282353330308728,16.585950174450847,8.9062698688407,-9.308693664926208,19.229076147204776,11.141275372607108,4.41295492243892,0.7674898482256542,0.5932125184171632,0.02250127879650976,8.9062698688407
231,3.303509294647956,17.052534321850292,3.0502397868980275,-8.36266676923428,17.986390829208016,9.94321587851235,-7.282353330308728,16.585950174450847,8.765599783052384,-9.308693664926208,19.229076147204776,11.00030856796493,4.407589987056978,0.7674898482256542,0.5932125184171632,0.02250127879650976,8.765599783052384
232,3.1630402184025335,17.065176423794746,3.0500179811409667,-8.36266676923428,17.986390829208016,9.802132958602108,-7.282353330308728,16.585950174450847,8.62484279588869,-9.308693664926208,19.229076147204776,10.859473857545067,4.407482100818592,0.7674898482256542,0.5932125184171632,0.02250127879650976,8.62484279588869
233,3.022535619496623,17.07784366392832,3.049649913024061,-8.36266676923428,17.986390829208016,9.660975778746243,-7.282353330308728,16.585950174450847,8.48397637611533,-9.308693664926208,19.229076147204776,10.718713701425578,4.4086153376653545,0.7674898482256542,0.5932125184171632,0.02250127879650976,8.48397637611533
234,2.8820007365075635,17.09055729907743,3.0491662860713395,-8.36266676923428,17.986390829208016,9.519755257533802,-7.282353330308728,16.585950174450847,8.343026307477047,-9.308693664926208,19.229076147204776,10.578007541162771,4.40966118912515,0.7674898482256542,0.5932125184171632,0.02250127879650976,8.343026307477047
235,2.741450922676271,17.10333347298517,3.0485872629598743,-8.36266676923428,17.986390829208016,9.378490281535758,-7.282353330308728,16.585950174450847,8.202022164329511,-9.308693664926208,19.229076147204776,10.437353538585104,4.410294175983652,0.7674898482256542,0.5932125184171632,0.02250127879650976,8.202022164329511
236,2.600901151112155,17.116185269015695,3.0479235117402026,-8.36266676923428,17.986390829208016,9.23719731213776,-7.282353330308728,16.585950174450847,8.060987529651188,-9.308693664926208,19.229076147204776,10.29675710237831,4.410514856672965,0.7674898482256542,0.5932125184171632,0.02250127879650976,8.060987529651188
237,2.46036320320993,17.1291244267294,3.047179534688367,-8.36266676923428,17.986390829208016,9.095888260554167,-7.282353330308728,16.585950174450847,7.919939285464142,-9.308693664926208,19.229076147204776,10.156225361558418,4.410415073309267,0.7674898482256542,0.5932125184171632,0.02250127879650976,7.919939285464142
238,2.319846129963117,17.142162127290348,3.0463559574413845,-8.36266676923428,17.986390829208016,8.954571457239354,-7.282353330308728,16.585950174450847,7.778889537456977,-9.308693664926208,19.229076147204776,10.015765796937233,4.410075607324745,0.7674898482256542,0.5932125184171632,0.02250127879650976,7.778889537456977
239,2.1793568551926787,17.15530965592455,3.0454511192267213,-8.36266676923428,17.986390829208016,8.813252599654115,-7.282353330308728,16.585950174450847,7.637847245469357,-9.308693664926208,19.229076147204776,9.875385562836895,4.409561356051065,0.7674898482256542,0.5932125184171632,0.02250127879650976,7.637847245469357
240,2.0389009315260886,17.168578659187702,3.044461949017977,-8.36266676923428,17.986390829208016,8.67193571473888,-7.282353330308728,16.585950174450847,7.496819573957552,-9.308693664926208,19.229076147204776,9.735091552888699,4.408915486650855,0.7674898482256542,0.5932125184171632,0.02250127879650976,7.496819573957552
241,1.8984831152769968,17.181981256244228,3.0433844643551407,-8.36266676923428,17.986390829208016,8.53062386281719,-7.282353330308728,16.585950174450847,7.35581283553893,-9.308693664926208,19.229076147204776,9.594890592024061,4.4081644601874395,0.7674898482256542,0.5932125184171632,0.02250127879650976,7.35581283553893
242,1.758107760017408,17.19553007544072,3.042214046233941,-8.36266676923428,17.986390829208016,8.389319614843542,-7.282353330308728,16.585950174450847,7.214833123738081,-9.308693664926208,19.229076147204776,9.454789629793133,4.407323283562261,0.7674898482256542,0.5932125184171632,0.02250127879650976,7.214833123738081
243,1.6177790726076884,17.209238264159886,3.0409455873376707,-8.36266676923428,17.986390829208016,8.248025366804432,-7.282353330308728,16.585950174450847,7.073886740140788,-9.308693664926208,19.229076147204776,9.314795899294941,4.406399582811705,0.7674898482256542,0.5932125184171632,0.02250127879650976,7.073886740140788
244,1.4775012763912547,17.22311950011829,3.03957357229279,-8.36266676923428,17.986390829208016,8.10674354823669,-7.282353330308728,16.585950174450847,6.932980498351339,-9.308693664926208,19.229076147204776,9.17491703856729,4.405396412146721,0.7674898482256542,0.5932125184171632,0.02250127879650976,6.932980498351339
245,1.337278715961369,17.237188017607476,3.0380921240023304,-8.36266676923428,17.986390829208016,7.965476766840521,-7.282353330308728,16.585950174450847,6.7921219618560755,-9.308693664926208,19.229076147204776,9.035161181461001,4.404314069601939,0.7674898482256542,0.5932125184171632,0.02250127879650976,6.7921219618560755
246,1.197115927024624,17.25145865211922,3.03649503481573,-8.36266676923428,17.986390829208016,7.824227917531493,-7.282353330308728,16.585950174450847,6.651319652852359,-9.308693664926208,19.229076147204776,8.89553702701522,4.403151220590357,0.7674898482256542,0.5932125184171632,0.02250127879650976,6.651319652852359
247,1.0570176863632825,17.265946900590652,3.0347757920319065,-8.36266676923428,17.986390829208016,7.6830002741621835,-7.282353330308728,16.585950174450847,6.510583255191064,-9.308693664926208,19.229076147204776,8.756053895682905,4.401905569347011,0.7674898482256542,0.5932125184171632,0.02250127879650976,6.510583255191064
248,0.9169890509876157,17.28066899140192,3.032927601873392,-8.36266676923428,17.986390829208016,7.5417975753300714,-7.282353330308728,16.585950174450847,6.369923825735151,-9.308693664926208,19.229076147204776,8.616721779378956,4.400574247281195,0.7674898482256542,0.5932125184171632,0.02250127879650976,6.369923825735151
249,0.7770353917486561,17.295641957467218,3.030943413222039,-8.36266676923428,17.986390829208016,7.400624111375586,-7.282353330308728,16.585950174450847,6.22935402328566,-9.308693664926208,19.229076147204776,8.477551390860885,4.399154030129081,0.7674898482256542,0.5932125184171632,0.02250127879650976,6.22935402328566
250,0.6371624243381309,17.31088370648939,3.028815941130127,-8.36266676923428,17.986390829208016,7.2594848170895245,-7.282353330308728,16.585950174450847,6.088888361590476,-9.308693664926208,19.229076147204776,8.338554216592264,4.397641455337549,0.7674898482256542,0.5932125184171632,0.02250127879650976,6.088888361590476
251,0.4973762392308074,17.32641308398176,3.026537689762658,-8.36266676923428,17.986390829208016,7.118385373195352,-7.282353330308728,16.585950174450847,5.948543491941671,-9.308693664926208,19.229076147204776,8.199742576052763,4.396032884173361,0.7674898482256542,0.5932125184171632,0.02250127879650976,5.948543491941671
252,0.35768333135859365,17.342249926422955,3.0241009745382668,-8.36266676923428,17.986390829208016,6.977332318929713,-7.282353330308728,16.585950174450847,5.808338520861933,-9.308693664926208,19.229076147204776,8.061129689485806,4.3943245357128635,0.7674898482256542,0.5932125184171632,0.02250127879650976,5.808338520861933
253,0.21809062989751138,17.358415103501333,3.021497943521688,-8.36266676923428,17.986390829208016,6.836333177736722,-7.282353330308728,16.585950174450847,5.6682953689726405,-9.308693664926208,19.229076147204776,7.922729755339673,4.39251250892681,0.7674898482256542,0.5932125184171632,0.02250127879650976,5.6682953689726405
254,0.07860552833812151,17.37493054960254,3.0187205984024303,-8.36266676923428,17.986390829208016,6.695396598042551,-7.282353330308728,16.585950174450847,5.528439178083232,-9.308693664926208,19.229076147204776,7.784558038163871,4.390592802262108,0.7674898482256542,0.5932125184171632,0.02250127879650976,5.528439178083232
255,-0.06076408510064635,17.391819285423768,3.0157608155835933,-8.36266676923428,17.986390829208016,6.554532511182322,-7.282353330308728,16.585950174450847,5.388798774722383,-9.308693664926208,19.229076147204776,7.646630967451162,4.3885613359287365,0.7674898482256542,0.5932125184171632,0.02250127879650976,5.388798774722383
256,-0.20000979672085495,17.40910543089778,3.0126103679753364,-8.36266676923428,17.986390829208016,6.413752308754716,-7.282353330308728,16.585950174450847,5.249407199710625,-9.308693664926208,19.229076147204776,7.508966247831309,4.386413979555226,0.7674898482256542,0.5932125184171632,0.02250127879650976,5.249407199710625
257,-0.3391226363162483,17.426814210577948,3.0092609480519608,-8.36266676923428,17.986390829208016,6.272054068170811,-7.282353330308728,16.585950174450847,5.11030231497267,-9.308693664926208,19.229076147204776,7.371582981078358,4.384146586363645,0.7674898482256542,0.5932125184171632,0.02250127879650976,5.11030231497267
258,-0.4780930459713981,17.444971952396447,3.005704192621958,-8.36266676923428,17.986390829208016,6.129123844858805,-7.282353330308728,16.585950174450847,4.971527500662287,-9.308693664926208,19.229076147204776,7.234501800541323,4.381755034147817,0.7674898482256542,0.5932125184171632,0.02250127879650976,4.971527500662287
259,-0.6169108488462047,17.46360608037722,3.0019317096134994,-8.36266676923428,17.986390829208016,5.98611088090654,-7.282353330308728,16.585950174450847,4.833132457897986,-9.308693664926208,19.229076147204776,7.097501394771162,4.379235272868602,0.7674898482256542,0.5932125184171632,0.02250127879650976,4.833132457897986
260,-0.7555652181523653,17.482745101556254,2.997935107026014,-8.36266676923428,17.986390829208016,5.843019134365515,-7.282353330308728,16.585950174450847,4.6951741350661385,-9.308693664926208,19.229076147204776,6.958528937806881,4.376583378448951,0.7674898482256542,0.5932125184171632,0.02250127879650976,4.6951741350661385
261,-0.8940388151065539,17.50241923788208,2.993706776456839,-8.36266676923428,17.986390829208016,5.699860377937564,-7.282353330308728,16.585950174450847,4.557723894493389,-9.308693664926208,19.229076147204776,6.819724492628361,4.373623100312024,0.7674898482256542,0.5932125184171632,0.02250127879650976,4.557723894493389
262,-1.0323051121261175,17.522660169413886,2.989239987450201,-8.36266676923428,17.986390829208016,5.556657118866454,-7.282353330308728,16.585950174450847,4.420871282264885,-9.308693664926208,19.229076147204776,6.681116720663011,4.370098168942295,0.7674898482256542,0.5932125184171632,0.02250127879650976,4.420871282264885
263,-1.170343970830804,17.54349895539327,2.9845267386164007,-8.36266676923428,17.986390829208016,5.413426126594876,-7.282353330308728,16.585950174450847,4.284709021037746,-9.308693664926208,19.229076147204776,6.542729588407915,4.366211999106718,0.7674898482256542,0.5932125184171632,0.02250127879650976,4.284709021037746
264,-1.3081388722532061,17.564967414559902,2.9795587596440076,-8.36266676923428,17.986390829208016,5.27018200990336,-7.282353330308728,16.585950174450847,4.149337899512045,-9.308693664926208,19.229076147204776,6.404584825580644,4.362092581718085,0.7674898482256542,0.5932125184171632,0.02250127879650976,4.149337899512045
265,-1.4456735488107406,17.5870981332607,2.9743302625551085,-8.36266676923428,17.986390829208016,5.1269429189720555,-7.282353330308728,16.585950174450847,4.014872586203126,-9.308693664926208,19.229076147204776,6.266704702373055,4.3577640746899995,0.7674898482256542,0.5932125184171632,0.02250127879650976,4.014872586203126
266,-1.5829310003626704,17.60992023450289,2.9688362927611487,-8.36266676923428,17.986390829208016,4.983731205311567,-7.282353330308728,16.585950174450847,3.881443510412163,-9.308693664926208,19.229076147204776,6.129114275937207,4.353197192174163,0.7674898482256542,0.5932125184171632,0.02250127879650976,3.881443510412163
267,-1.7198939371089788,17.633465117975824,2.9630710893375154,-8.36266676923428,17.986390829208016,4.8405711870066765,-7.282353330308728,16.585950174450847,3.749199274189901,-9.308693664926208,19.229076147204776,5.991840643033176,4.348415084259953,0.7674898482256542,0.5932125184171632,0.02250127879650976,3.749199274189901
268,-1.8565462044274958,17.657763237337093,2.957026549518346,-8.36266676923428,17.986390829208016,4.697487715929624,-7.282353330308728,16.585950174450847,3.61830775377757,-9.308693664926208,19.229076147204776,5.854912886250973,4.343467369148313,0.7674898482256542,0.5932125184171632,0.02250127879650976,3.61830775377757
269,-1.992871283602232,17.682847069801205,2.950695285427848,-8.36266676923428,17.986390829208016,4.554510039139251,-7.282353330308728,16.585950174450847,3.4889620807665493,-9.308693664926208,19.229076147204776,5.718362525798058,4.338374658858566,0.7674898482256542,0.5932125184171632,0.02250127879650976,3.4889620807665493
270,-2.1288518054605685,17.708751049623018,2.944070973754527,-8.36266676923428,17.986390829208016,4.411673190705801,-7.282353330308728,16.585950174450847,3.361385109498414,-9.308693664926208,19.229076147204776,5.582224224318819,4.333145015624987,0.7674898482256542,0.5932125184171632,0.02250127879650976,3.361385109498414
271,-2.2644696223642313,17.735510348075987,2.9371478178501995,-8.36266676923428,17.986390829208016,4.26901851866312,-7.282353330308728,16.585950174450847,3.2358336340109215,-9.308693664926208,19.229076147204776,5.44653645750438,4.327783506915407,0.7674898482256542,0.5932125184171632,0.02250127879650976,3.2358336340109215
272,-2.3997144866843625,17.763163218685467,2.9299219526550897,-8.36266676923428,17.986390829208016,4.126586596454596,-7.282353330308728,16.585950174450847,3.1125956320253056,-9.308693664926208,19.229076147204776,5.307115162977139,4.322568847788022,0.7674898482256542,0.5932125184171632,0.02250127879650976,3.1125956320253056
273,-2.534584061872694,17.79175009735323,2.9223907799000326,-8.36266676923428,17.986390829208016,3.9844179499291177,-7.282353330308728,16.585950174450847,2.991996153320789,-9.308693664926208,19.229076147204776,5.167140467839088,4.317775706897375,0.7674898482256542,0.5932125184171632,0.02250127879650976,2.991996153320789
274,-2.6690761612166822,17.82131081022132,2.9145515582866404,-8.36266676923428,17.986390829208016,3.8425615948943004,-7.282353330308728,16.585950174450847,2.874411107570909,-9.308693664926208,19.229076147204776,5.027317514393349,4.313429885498942,0.7674898482256542,0.5932125184171632,0.02250127879650976,2.874411107570909
275,-2.8031883133948643,17.851885325660042,2.9064019880811753,-8.36266676923428,17.986390829208016,3.7010774117995804,-7.282353330308728,16.585950174450847,2.7602750993811878,-9.308693664926208,19.229076147204776,4.887661128354501,4.309554583481632,0.7674898482256542,0.5932125184171632,0.02250127879650976,2.7602750993811878
276,-2.9369176090794546,17.88351400880605,2.8979404931103203,-8.36266676923428,17.986390829208016,3.560038459633881,-7.282353330308728,16.585950174450847,2.650089129069657,-9.308693664926208,19.229076147204776,4.748190545502284,4.306170869518917,0.7674898482256542,0.5932125184171632,0.02250127879650976,2.650089129069657
277,-3.070260621863309,17.916237619015746,2.88916632731582,-8.36266676923428,17.986390829208016,3.4195335906905324,-7.282353330308728,16.585950174450847,2.5444279461778345,-9.308693664926208,19.229076147204776,4.608930101830724,4.303298269615424,0.7674898482256542,0.5932125184171632,0.02250127879650976,2.5444279461778345
278,-3.203230546667774,17.950103875730598,2.8800792859600572,-8.36266676923428,17.986390829208016,3.2796527027197047,-7.282353330308728,16.585950174450847,2.443934148515963,-9.308693664926208,19.229076147204776,4.469891663020441,4.301531095178316,0.7674898482256542,0.5932125184171632,0.02250127879650976,2.443934148515963
279,-3.3358202370041075,17.98515292261104,2.8706821225082457,-8.36266676923428,17.986390829208016,3.1405299108436715,-7.282353330308728,16.585950174450847,2.349349038832672,-9.308693664926208,19.229076147204776,4.3311152439063045,4.300219107002473,0.7674898482256542,0.5932125184171632,0.02250127879650976,2.349349038832672
280,-3.468022210178498,18.021425186746484,2.860977201510034,-8.36266676923428,17.986390829208016,3.002325799540327,-7.282353330308728,16.585950174450847,2.261498250771504,-9.308693664926208,19.229076147204776,4.192647911172348,4.299392229340802,0.7674898482256542,0.5932125184171632,0.02250127879650976,2.261498250771504
281,-3.5997791552577194,18.058952999144143,2.850966224737393,-8.36266676923428,17.986390829208016,2.86528334820191,-7.282353330308728,16.585950174450847,2.1813220431116536,-9.308693664926208,19.229076147204776,4.051639913110061,4.297582458073284,0.7674898482256542,0.5932125184171632,0.02250127879650976,2.1813220431116536
282,-3.731020902885727,18.09775991262788,2.8406477754689594,-8.36266676923428,17.986390829208016,2.7296976176753374,-7.282353330308728,16.585950174450847,2.10982362922347,-9.308693664926208,19.229076147204776,3.9063599531935265,4.294379255850041,0.7674898482256542,0.5932125184171632,0.02250127879650976,2.10982362922347
283,-3.861691406315253,18.13786823479467,2.8300197948334924,-8.36266676923428,17.986390829208016,2.5958984904171953,-7.282353330308728,16.585950174450847,2.048019690736975,-9.308693664926208,19.229076147204776,3.7611381235658263,4.290207107216765,0.7674898482256542,0.5932125184171632,0.02250127879650976,2.048019690736975
284,-3.9917438939903507,18.179297956195533,2.819080053090456,-8.36266676923428,17.986390829208016,2.4642670524477035,-7.282353330308728,16.585950174450847,1.9969029877469537,-9.308693664926208,19.229076147204776,3.616051741337265,4.28533408591001,0.7674898482256542,0.5932125184171632,0.02250127879650976,1.9969029877469537
285,-4.1211369025966,18.222070332670725,2.8078278819537905,-8.36266676923428,17.986390829208016,2.335253764598599,-7.282353330308728,16.585950174450847,1.9573928794689783,-9.308693664926208,19.229076147204776,3.4711830852986556,4.279949789320831,0.7674898482256542,0.5932125184171632,0.02250127879650976,1.9573928794689783
286,-4.249831851738959,18.266210376858155,2.79626531712055,-8.36266676923428,17.986390829208016,2.209398002878295,-7.282353330308728,16.585950174450847,1.9302759219772074,-9.308693664926208,19.229076147204776,3.3266235535940805,4.274205774766529,0.7674898482256542,0.5932125184171632,0.02250127879650976,1.9302759219772074
287,-4.377792485918648,18.311744013172905,2.784395992440887,-8.36266676923428,17.986390829208016,2.087348796815924,-7.282353330308728,16.585950174450847,1.916143447466501,-9.308693664926208,19.229076147204776,3.1824765617533863,4.268211701175173,0.7674898482256542,0.5932125184171632,0.02250127879650976,1.916143447466501
288,-4.504984183154793,18.35869705069341,2.772224739884284,-8.36266676923428,17.986390829208016,1.9698892237674963,-7.282353330308728,16.585950174450847,1.9153394426108752,-9.308693664926208,19.229076147204776,3.038861201229855,4.262048493592118,0.7674898482256542,0.5932125184171632,0.02250127879650976,1.9153394426108752
289,-4.631374002668437,18.407092280553762,2.7597563635003532,-8.36266676923428,17.986390829208016,1.8579624721519896,-7.282353330308728,16.585950174450847,1.9279279671649334,-9.308693664926208,19.229076147204776,2.8959161134895464,4.255763738652763,0.7674898482256542,0.5932125184171632,0.02250127879650976,1.8579624721519896
290,-4.75693107969877,18.456945868223812,2.7469940434593245,-8.36266676923428,17.986390829208016,1.7526975868464594,-7.282353330308728,16.585950174450847,1.953687869627394,-9.308693664926208,19.229076147204776,2.753804231510338,4.249365950649462,0.7674898482256542,0.5932125184171632,0.02250127879650976,1.7526975868464594
291,-4.881623297835028,18.508278671928714,2.7339441783576155,-8.36266676923428,17.986390829208016,1.6554343473801152,-7.282353330308728,16.585950174450847,1.9921394931631333,-9.308693664926208,19.229076147204776,2.612721931328494,4.242911478634376,0.7674898482256542,0.5932125184171632,0.02250127879650976,1.6554343473801152
292,-5.005418826008829,18.561112016707504,2.7206146822773265,-8.36266676923428,17.986390829208016,1.567727743177029,-7.282353330308728,16.585950174450847,2.0425892943392587,-9.308693664926208,19.229076147204776,2.4729059282426546,4.236451358404106,0.7674898482256542,0.5932125184171632,0.02250127879650976,1.567727743177029
293,-5.1282864637167345,18.615466552408797,2.707014491273961,-8.36266676923428,17.986390829208016,1.4913248227371474,-7.282353330308728,16.585950174450847,2.104189401622967,-9.308693664926208,19.229076147204776,2.334643734578295,4.230032664756985,0.7674898482256542,0.5932125184171632,0.02250127879650976,1.4913248227371474
294,-5.25019570934783,18.671361904675926,2.693153397302924,-8.36266676923428,17.986390829208016,1.4280947251783602,-7.282353330308728,16.585950174450847,2.1760002927311373,-9.308693664926208,19.229076147204776,2.198287732864176,4.223699676767366,0.7674898482256542,0.5932125184171632,0.02250127879650976,1.4280947251783602
295,-5.371116783956309,18.728816546559578,2.6790419768830205,-8.36266676923428,17.986390829208016,1.3798958267139723,-7.282353330308728,16.585950174450847,2.257047637077336,-9.308693664926208,19.229076147204776,2.064273753210255,4.2174949493338945,0.7674898482256542,0.5932125184171632,0.02250127879650976,1.3798958267139723
296,-5.4910206581954855,18.787847745485866,2.6646915519931316,-8.36266676923428,17.986390829208016,1.348378935150422,-7.282353330308728,16.585950174450847,2.34636803305784,-9.308693664926208,19.229076147204776,1.9331454924909015,4.211460044677032,0.7674898482256542,0.5932125184171632,0.02250127879650976,1.348378935150422
297,-5.60987908713609,18.848471542279185,2.6501141634095253,-8.36266676923428,17.986390829208016,1.3347550382296036,-7.282353330308728,16.585950174450847,2.44304187968278,-9.308693664926208,19.229076147204776,1.8055863941119643,4.2056359139959145,0.7674898482256542,0.5932125184171632,0.02250127879650976,1.3347550382296036
298,-5.727664649089718,18.910702744929132,2.6353225483840363,-8.36266676923428,17.986390829208016,1.339589378540327,-7.282353330308728,16.585950174450847,2.5462141628788038,-9.308693664926208,19.229076147204776,1.682460617635405,4.200062987755472,0.7674898482256542,0.5932125184171632,0.02250127879650976,1.3347550382296036
299,-5.844350784072742,18.97455492776532,2.6203301184602434,-8.36266676923428,17.986390829208016,1.3626952719481045,-7.282353330308728,16.585950174450847,2.6551053050792337,-9.308693664926208,19.229076147204776,1.5648640410994876,4.194781045569669,0.7674898482256542,0.5932125184171632,0.02250127879650976,1.3347550382296036
300,-5.959911828728988,19.04004043021292,2.6051509350024853,-8.36266676923428,17.986390829208016,1.403171196863721,-7.282353330308728,16.585950174450847,2.769014641189225,-9.308693664926208,19.229076147204776,1.4541839376857528,4.189828932249924,0.7674898482256542,0.5932125184171632,0.02250127879650976,1.3347550382296036
301,-6.074323045825225,19.107170351478594,2.589799681079872,-8.36266676923428,17.986390829208016,1.459565500521097,-7.282353330308728,16.585950174450847,2.887318906763459,-9.308693664926208,19.229076147204776,1.352160397389307,4.185244177062119,0.7674898482256542,0.5932125184171632,0.02250127879650976,1.3347550382296036
302,-6.187560647508983,19.175954539070215,2.5742916290657294,-8.36266676923428,17.986390829208016,1.5301047653535482,-7.282353330308728,16.585950174450847,3.0094676763166093,-9.308693664926208,19.229076147204776,1.2609313958264736,4.181062562466094,0.7674898482256542,0.5932125184171632,0.02250127879650976,1.2609313958264736
303,-6.299601812340322,19.246401570162618,2.558642603791819,-8.36266676923428,17.986390829208016,1.6129138951242645,-7.282353330308728,16.585950174450847,3.1349771844845367,-9.308693664926208,19.229076147204776,1.1830251848249682,4.177317678133168,0.7674898482256542,0.5932125184171632,0.02250127879650976,1.1830251848249682
304,-6.410424696712245,19.31851872557132,2.542868941391432,-8.36266676923428,17.986390829208016,1.7061820619186887,-7.282353330308728,16.585950174450847,3.2634235116723573,-9.308693664926208,19.229076147204776,1.1212430114041512,4.1740404866037215,0.7674898482256542,0.5932125184171632,0.02250127879650976,1.1212430114041512
305,-6.520008441698824,19.39231195656998,2.5269874441218967,-8.36266676923428,17.986390829208016,1.8082624561096712,-7.282353330308728,16.585950174450847,3.39443575990425,-9.308693664926208,19.229076147204776,1.0783720657984335,4.171258918971151,0.7674898482256542,0.5932125184171632,0.02250127879650976,1.0783720657984335
306,-6.628333176650533,19.467785845071525,2.511015331518638,-8.36266676923428,17.986390829208016,1.9177161841891772,-7.282353330308728,16.585950174450847,3.5276895858181736,-9.308693664926208,19.229076147204776,1.0567199759723203,4.168997512642208,0.7674898482256542,0.5932125184171632,0.02250127879650976,1.0567199759723203
307,-6.733450010731743,19.543607934142244,2.495948181588767,-8.36266676923428,17.986390829208016,2.0300204551324503,-7.282353330308728,16.585950174450847,3.6594291665433487,-9.308693664926208,19.229076147204776,1.056275591172348,4.091443636764022,0.7674898482256542,0.5932125184171632,0.02250127879650976,1.056275591172348
308,-6.836232213374121,19.621176459643344,2.4850144313321225,-8.36266676923428,17.986390829208016,2.1399348982780535,-7.282353330308728,16.585950174450847,3.7861299124062167,-9.308693664926208,19.229076147204776,1.0705755297757575,4.049795201304866,0.7674898482256542,0.5932125184171632,0.02250127879650976,1.056275591172348
309,-6.936754045930508,19.699956348488524,2.478220603312959,-8.36266676923428,17.986390829208016,2.2465112261165463,-7.282353330308728,16.585950174450847,3.90745184275295,-9.308693664926208,19.229076147204776,1.096652188219274,4.0053713662108485,0.7674898482256542,0.5932125184171632,0.02250127879650976,1.056275591172348
310,-7.034894953046706,19.778624299218944,2.4757854011026055,-8.36266676923428,17.986390829208016,2.347779934824068,-7.282353330308728,16.585950174450847,4.02191781411188,-9.308693664926208,19.229076147204776,1.130395299314481,3.9366645044059827,0.7674898482256542,0.5932125184171632,0.02250127879650976,1.056275591172348
311,-7.131269350518999,19.856808729478242,2.4770704902310756,-8.36266676923428,17.986390829208016,2.4444194145747935,-7.282353330308728,16.585950174450847,4.130481816173733,-9.308693664926208,19.229076147204776,1.1700176813577325,3.8804941193184095,0.7674898482256542,0.5932125184171632,0.02250127879650976,1.056275591172348
312,-7.226643528166203,19.934395088128106,2.4814142114142212,-8.36266676923428,17.986390829208016,2.5374835427797797,-7.282353330308728,16.585950174450847,4.234383772043025,-9.308693664926208,19.229076147204776,1.2145868623321934,3.844130145383291,0.7674898482256542,0.5932125184171632,0.02250127879650976,1.056275591172348
313,-7.321732561077646,20.011354283441626,2.488219855498466,-8.36266676923428,17.986390829208016,2.628027196388706,-7.282353330308728,16.585950174450847,4.334799264989846,-9.308693664926208,19.229076147204776,1.26367439925495,3.8264965483826203,0.7674898482256542,0.5932125184171632,0.02250127879650976,1.056275591172348
314,-7.417219657111438,20.08778778598322,2.4968900788919273,-8.36266676923428,17.986390829208016,2.717250646378836,-7.282353330308728,16.585950174450847,4.432998846952476,-9.308693664926208,19.229076147204776,1.3173830540880747,3.8280333144997534,0.7674898482256542,0.5932125184171632,0.02250127879650976,1.056275591172348
315,-7.513443528206558,20.163657230038332,2.5071378563354463,-8.36266676923428,17.986390829208016,2.805632544179436,-7.282353330308728,16.585950174450847,4.529521105681056,-9.308693664926208,19.229076147204776,1.3753776982420471,3.8377023668319103,0.7674898482256542,0.5932125184171632,0.02250127879650976,1.056275591172348
316,-7.610609641855467,20.23880133501537,2.5188021763197637,-8.36266676923428,17.986390829208016,2.893305596639337,-7.282353330308728,16.585950174450847,4.624553196131192,-9.308693664926208,19.229076147204776,1.4371166662264034,3.8502659772224,0.7674898482256542,0.5932125184171632,0.02250127879650976,1.056275591172348
317,-7.709171090855233,20.313147864731523,2.531362089778084,-8.36266676923428,17.986390829208016,2.9811575035862883,-7.282353330308728,16.585950174450847,4.719004526913274,-9.308693664926208,19.229076147204776,1.502945806127473,3.8724083967331673,0.7674898482256542,0.5932125184171632,0.02250127879650976,1.056275591172348
318,-7.809434179622975,20.386624386367004,2.544436604755829,-8.36266676923428,17.986390829208016,3.0698133682222988,-7.282353330308728,16.585950174450847,4.813524693235846,-9.308693664926208,19.229076147204776,1.573040237980847,3.900779626907789,0.7674898482256542,0.5932125184171632,0.02250127879650976,1.056275591172348
319,-7.91153626245197,20.45914347018369,2.5578315745690343,-8.36266676923428,17.986390829208016,3.159535948904487,-7.282353330308728,16.585950174450847,4.908407734898058,-9.308693664926208,19.229076147204776,1.647263913583352,3.9315519641193797,0.7674898482256542,0.5932125184171632,0.02250127879650976,1.056275591172348
320,-8.015531050660746,20.53061315259059,2.571434410662941,-8.36266676923428,17.986390829208016,3.2504292035620135,-7.282353330308728,16.585950174450847,5.003790049173123,-9.308693664926208,19.229076147204776,1.7253634701816547,3.9628818607849876,0.7674898482256542,0.5932125184171632,0.02250127879650976,1.056275591172348
321,-8.121442191702636,20.600949141819868,2.585166195037099,-8.36266676923428,17.986390829208016,3.3425437888494467,-7.282353330308728,16.585950174450847,5.092013560336927,-9.308693664926208,19.229076147204776,1.8070692881690609,3.9943104106660696,0.7674898482256542,0.5932125184171632,0.02250127879650976,1.056275591172348
322,-8.22927705371574,20.670079580308936,2.5989659856555396,-8.36266676923428,17.986390829208016,3.435910237569119,-7.282353330308728,16.585950174450847,5.055193975538418,-9.308693664926208,19.229076147204776,1.8921270966200356,4.02571553964605,0.7674898482256542,0.5932125184171632,0.02250127879650976,1.056275591172348
323,-8.339034348957856,20.737947513299154,2.6127823380053705,-8.36266676923428,17.986390829208016,3.5305564694042637,-7.282353330308728,16.585950174450847,5.0199832967377755,-9.308693664926208,19.229076147204776,1.9803130882911986,4.057144166359689,0.7674898482256542,0.5932125184171632,0.02250127879650976,1.056275591172348
324,-8.450708535426514,20.80451181956609,2.6265685816985536,-8.36266676923428,17.986390829208016,3.6265168597997293,-7.282353330308728,16.585950174450847,4.986714622803333,-9.308693664926208,19.229076147204776,2.0714398956709665,4.088722681879027,0.7674898482256542,0.5932125184171632,0.02250127879650976,1.056275591172348
325,-8.564286774322326,20.86974518133209,2.6402887489071727,-8.36266676923428,17.986390829208016,3.723819174013477,-7.282353330308728,16.585950174450847,4.955709313206613,-9.308693664926208,19.229076147204776,2.1653398547761116,4.120465366224221,0.7674898482256542,0.5932125184171632,0.02250127879650976,1.056275591172348
326,-8.679752756894988,20.93363315740038,2.6539136554576883,-8.36266676923428,17.986390829208016,3.822490817787647,-7.282353330308728,16.585950174450847,4.92728313328928,-9.308693664926208,19.229076147204776,2.261868313191451,4.15243668407516,0.7674898482256542,0.5932125184171632,0.02250127879650976,1.056275591172348
327,-8.797088835696686,20.996172297717706,2.6674190277673553,-8.36266676923428,17.986390829208016,3.9225605677571362,-7.282353330308728,16.585950174450847,4.901746813010923,-9.308693664926208,19.229076147204776,2.36090250847963,4.184709985429362,0.7674898482256542,0.5932125184171632,0.02250127879650976,1.056275591172348
328,-8.916249806825757,21.057344946977,2.6807851502426017,-8.36266676923428,17.986390829208016,4.024022545277957,-7.282353330308728,16.585950174450847,4.879390364800291,-9.308693664926208,19.229076147204776,2.462302923908537,4.216328500069496,0.7674898482256542,0.5932125184171632,0.02250127879650976,1.056275591172348
329,-9.03696004665514,21.116989397065446,2.693914432503697,-8.36266676923428,17.986390829208016,4.126725232322929,-7.282353330308728,16.585950174450847,4.860636493914117,-9.308693664926208,19.229076147204776,2.5657968251921877,4.238823724097449,0.7674898482256542,0.5932125184171632,0.02250127879650976,1.056275591172348
330,-9.159013764721617,21.17507054658947,2.7067816681943553,-8.36266676923428,17.986390829208016,4.0655105717234195,-7.282353330308728,16.585950174450847,4.845753523711398,-9.308693664926208,19.229076147204776,2.671149709219612,4.255811846692798,0.7674898482256542,0.5932125184171632,0.02250127879650976,1.056275591172348
331,-9.282278195904302,21.231577764980756,2.7193684330272245,-8.36266676923428,17.986390829208016,3.9987588085817674,-7.282353330308728,16.585950174450847,4.8349541039447494,-9.308693664926208,19.229076147204776,2.7781877340142396,4.269585004433509,0.7674898482256542,0.5932125184171632,0.02250127879650976,1.056275591172348
332,-9.406674047347192,21.286498228532597,2.7316508551205523,-8.36266676923428,17.986390829208016,3.936280753478102,-7.282353330308728,16.585950174450847,4.828415225333996,-9.308693664926208,19.229076147204776,2.8867871754075347,4.281587923223054,0.7674898482256542,0.5932125184171632,0.02250127879650976,1.056275591172348
333,-9.532195297735846,21.33974615387351,2.7435717026797275,-8.36266676923428,17.986390829208016,3.8784846208222366,-7.282353330308728,16.585950174450847,4.826276405878131,-9.308693664926208,19.229076147204776,2.9968800683875902,4.2931452967529875,0.7674898482256542,0.5932125184171632,0.02250127879650976,1.056275591172348
334,-9.658710365315027,21.391475637490824,2.755173257472231,-8.36266676923428,17.986390829208016,3.825720394682413,-7.282353330308728,16.585950174450847,4.828663080381667,-9.308693664926208,19.229076147204776,3.1083543504250772,4.303148634633748,0.7674898482256542,0.5932125184171632,0.02250127879650976,1.056275591172348
335,-9.7861206047582,21.441785978885758,2.7664774273133346,-8.36266676923428,17.986390829208016,3.7783267440350885,-7.282353330308728,16.585950174450847,4.8356696676695465,-9.308693664926208,19.229076147204776,3.2211098585304936,4.311812114653356,0.7674898482256542,0.5932125184171632,0.02250127879650976,1.056275591172348
336,-9.91436256336653,21.4907263204713,2.7774830743406245,-8.36266676923428,17.986390829208016,3.736633261010217,-7.282353330308728,16.585950174450847,4.847365374584114,-9.308693664926208,19.229076147204776,3.2679919434725324,4.319548998169092,0.7674898482256542,0.5932125184171632,0.02250127879650976,1.056275591172348
337,-10.043383616508695,21.53833724632504,2.788185388163854,-8.36266676923428,17.986390829208016,3.7009413161606863,-7.282353330308728,16.585950174450847,4.863791466425692,-9.308693664926208,19.229076147204776,3.168796546324573,4.326548548335076,0.7674898482256542,0.5932125184171632,0.02250127879650976,1.056275591172348
338,-10.173058376228768,21.584666128260004,2.7985954113917426,-8.36266676923428,17.986390829208016,3.6715043730046526,-7.282353330308728,16.585950174450847,4.884939613104083,-9.308693664926208,19.229076147204776,3.074540619334129,4.3303232744806115,0.7674898482256542,0.5932125184171632,0.02250127879650976,1.056275591172348
339,-10.303373979348944,21.62975170351875,2.8086921975360886,-8.36266676923428,17.986390829208016,3.6485777817314684,-7.282353330308728,16.585950174450847,4.91082490645843,-9.308693664926208,19.229076147204776,2.9858202135613148,4.334498985471486,0.7674898482256542,0.5932125184171632,0.02250127879650976,1.056275591172348
340,-10.434304555456334,21.67363360576801,2.818470685726469,-8.36266676923428,17.986390829208016,3.6323352519208663,-7.282353330308728,16.585950174450847,4.941408209055904,-9.308693664926208,19.229076147204776,2.9032083106435795,4.338723215901482,0.7674898482256542,0.5932125184171632,0.02250127879650976,1.056275591172348
341,-10.565817045660067,21.716351426853144,2.827929870197241,-8.36266676923428,17.986390829208016,3.6228967458265684,-7.282353330308728,16.585950174450847,4.976622172286264,-9.308693664926208,19.229076147204776,2.827282746940708,4.342748337069727,0.7674898482256542,0.5932125184171632,0.02250127879650976,1.056275591172348
342,-10.69787107495415,21.757940714931213,2.837067759156274,-8.36266676923428,17.986390829208016,3.6203339872819087,-7.282353330308728,16.585950174450847,5.016377376311261,-9.308693664926208,19.229076147204776,2.7586280955610007,4.346310588674256,0.7674898482256542,0.5932125184171632,0.02250127879650976,1.056275591172348
343,-10.83042364000651,21.798435137824917,2.845883297159588,-8.36266676923428,17.986390829208016,3.6246638359759884,-7.282353330308728,16.585950174450847,5.060562457805898,-9.308693664926208,19.229076147204776,2.697812157999802,4.349304155086719,0.7674898482256542,0.5932125184171632,0.02250127879650976,1.056275591172348
344,-10.963440662646601,21.837869920515626,2.8543776793367384,-8.36266676923428,17.986390829208016,3.6358481313344937,-7.282353330308728,16.585950174450847,5.109049823153617,-9.308693664926208,19.229076147204776,2.645361930875997,4.351991246237471,0.7674898482256542,0.5932125184171632,0.02250127879650976,1.056275591172348
345,-11.096894023806502,21.876280178791532,2.8625530038452975,-8.36266676923428,17.986390829208016,3.6537994940760044,-7.282353330308728,16.585950174450847,5.161699551605378,-9.308693664926208,19.229076147204776,2.6017512983172764,4.354528362525237,0.7674898482256542,0.5932125184171632,0.02250127879650976,1.056275591172348
346,-11.230759600308192,21.913700355374154,2.8704120132156388,-8.36266676923428,17.986390829208016,3.678385756340946,-7.282353330308728,16.585950174450847,5.218361977248427,-9.308693664926208,19.229076147204776,2.567383780378249,4.357007828214711,0.7674898482256542,0.5932125184171632,0.02250127879650976,1.056275591172348
347,-11.365016007302179,21.950164062217734,2.8779580409710825,-8.36266676923428,17.986390829208016,3.7094348746979797,-7.282353330308728,16.585950174450847,5.278880052580033,-9.308693664926208,19.229076147204776,2.54257486332536,4.359482277721749,0.7674898482256542,0.5932125184171632,0.02250127879650976,1.056275591172348
348,-11.499643781298584,21.98570410106955,2.885194990409332,-8.36266676923428,17.986390829208016,3.746740481526727,-7.282353330308728,16.585950174450847,5.343091611339612,-9.308693664926208,19.229076147204776,2.5275364710269024,4.361979136191075,0.7674898482256542,0.5932125184171632,0.02250127879650976,1.056275591172348
349,-11.634624836386365,22.020352566556856,2.8921273145948,-8.36266676923428,17.986390829208016,3.7900678703642403,-7.282353330308728,16.585950174450847,5.410831492807894,-9.308693664926208,19.229076147204776,2.5223656385946795,4.364509445662887,0.7674898482256542,0.5932125184171632,0.02250127879650976,1.056275591172348
350,-11.769942094338154,22.054140980091407,2.898759992006662,-8.36266676923428,17.986390829208016,3.839160142150471,-7.282353330308728,16.585950174450847,5.481933481656558,-9.308693664926208,19.229076147204776,2.527038978653273,4.367073436522513,0.7674898482256542,0.5932125184171632,0.02250127879650976,1.056275591172348
351,-11.905579230303065,22.08710042372053,2.905098496668318,-8.36266676923428,17.986390829208016,3.893744247786343,-7.282353330308728,16.585950174450847,5.556232031583331,-9.308693664926208,19.229076147204776,2.5414138160057838,4.369664203447769,0.7674898482256542,0.5932125184171632,0.02250127879650976,1.056275591172348
352,-12.041520499118867,22.119261655776242,2.9111487626539407,-8.36266676923428,17.986390829208016,3.9535367012507523,-7.282353330308728,16.585950174450847,5.633563756131121,-9.308693664926208,19.229076147204776,2.565235976370873,4.372270253181743,0.7674898482256542,0.5932125184171632,0.02250127879650976,1.056275591172348
353,-12.17775062016764,22.150655198860584,2.9169171435522876,-8.36266676923428,17.986390829208016,4.018248790465183,-7.282353330308728,16.585950174450847,5.713768682921538,-9.308693664926208,19.229076147204776,2.5981533329257234,4.374877351891268,0.7674898482256542,0.5932125184171632,0.02250127879650976,1.056275591172348
