time,ego_x,ego_y,yaw,cone0_x,cone0_y,cone0_min_dist,cone1_x,cone1_y,cone1_min_dist,cone2_x,cone2_y,cone2_min_dist,speed_car,broken_car_color0,broken_car_color1,broken_car_color2,min_distance_cones
0,31.926047421653116,14.91447177319908,-3.10282649679737,-8.357648434673797,17.997249538656103,38.3811201430267,-7.232562723031765,16.577898947045494,37.305276318696876,-9.287491895869113,19.184347809036623,39.306185680507596,0.005205318162951834,0.6110344312231973,0.6510339146758706,0.3583878477072176,37.305276318696876
1,31.922374458933167,14.914492351144148,-3.102756447496068,-8.357648434673797,17.997249538656103,38.377177520100396,-7.232562723031765,16.577898947045494,37.30137019153459,-9.287491895869113,19.184347809036623,39.302246032269935,0.11368019196120997,0.6110344312231973,0.6510339146758706,0.3583878477072176,37.30137019153459
2,31.915770509528322,14.914506331602242,-3.1028321437156925,-8.357648434673797,17.997249538656103,38.370867672114144,-7.232562723031765,16.577898947045494,37.29503014376121,-9.287491895869113,19.184347809036623,39.295930526513345,0.20077401692435015,0.6110344312231973,0.6510339146758706,0.3583878477072176,37.29503014376121
3,31.90506849593783,14.914468498067192,-3.1030921246587178,-8.357648434673797,17.997249538656103,38.36117191338605,-7.232562723031765,16.577898947045494,37.2852190890768,-9.287491895869113,19.184347809036623,39.28621947747908,0.3238891451159708,0.6110344312231973,0.6510339146758706,0.3583878477072176,37.2852190890768
4,31.890008584495178,14.91442994997484,-3.103522549898386,-8.357648434673797,17.997249538656103,38.34777822157408,-7.232562723031765,16.577898947045494,37.271633016018534,-9.287491895869113,19.184347809036623,39.27280007034838,0.4554543923304946,0.6110344312231973,0.6510339146758706,0.3583878477072176,37.271633016018534
5,31.870510223515467,14.914458347515403,-3.1041239127996607,-8.357648434673797,17.997249538656103,38.330609725228626,-7.232562723031765,16.577898947045494,37.25419656344363,-9.287491895869113,19.184347809036623,39.25559332475487,0.590397127695716,0.6110344312231973,0.6510339146758706,0.3583878477072176,37.25419656344363
6,31.846549622606936,14.91462216290399,-3.104923693034775,-8.357648434673797,17.997249538656103,38.30975092609672,-7.232562723031765,16.577898947045494,37.232564284491026,-9.287491895869113,19.184347809036623,39.23468005185445,0.7276350910736642,0.6110344312231973,0.6510339146758706,0.3583878477072176,37.232564284491026
7,31.818209371921867,14.91495853360176,-3.1059385008736147,-8.357648434673797,17.997249538656103,38.28535039593573,-7.232562723031765,16.577898947045494,37.20714667364261,-9.287491895869113,19.184347809036623,39.210206744686296,0.8643335519884319,0.6110344312231973,0.6510339146758706,0.3583878477072176,37.20714667364261
8,31.786678982296603,14.915719561272558,-3.107095368697931,-8.357648434673797,17.997249538656103,38.25832106735362,-7.232562723031765,16.577898947045494,37.17896181030032,-9.287491895869113,19.184347809036623,39.183082972672345,0.969902021625421,0.6110344312231973,0.6510339146758706,0.3583878477072176,37.17896181030032
9,31.752649171157756,14.91660431810698,-3.108417351665587,-8.357648434673797,17.997249538656103,38.229438007688685,-7.232562723031765,16.577898947045494,37.148757904851976,-9.287491895869113,19.184347809036623,39.15409182418646,1.0559555457544203,0.6110344312231973,0.6510339146758706,0.3583878477072176,37.148757904851976
10,31.71602157895733,14.917382485352231,-3.109918881613684,-8.357648434673797,17.997249538656103,38.198655586584565,-7.232562723031765,16.577898947045494,37.11647218830334,-9.287491895869113,19.184347809036623,39.12319395134147,1.144814938193822,0.6110344312231973,0.6510339146758706,0.3583878477072176,37.11647218830334
11,31.67718795543632,14.917575219320662,-3.1115893484999213,-8.357648434673797,17.997249538656103,38.16631620944792,-7.232562723031765,16.577898947045494,37.08245242626563,-9.287491895869113,19.184347809036623,39.09074725244735,1.2198788994277818,0.6110344312231973,0.6510339146758706,0.3583878477072176,37.08245242626563
12,31.636094224514828,14.917192541119348,-3.1134107531109483,-8.357648434673797,17.997249538656103,38.13229750325173,-7.232562723031765,16.577898947045494,37.04659458606046,-9.287491895869113,19.184347809036623,39.05663017592238,1.2968766389792044,0.6110344312231973,0.6510339146758706,0.3583878477072176,37.04659458606046
13,31.592927696445134,14.916241074739254,-3.1153741459110287,-8.357648434673797,17.997249538656103,38.096753443592036,-7.232562723031765,16.577898947045494,37.009061706391336,-9.287491895869113,19.184347809036623,39.02099714144198,1.3675994419743371,0.6110344312231973,0.6510339146758706,0.3583878477072176,37.009061706391336
14,31.5483872139931,14.914554991915683,-3.117433729605231,-8.357648434673797,17.997249538656103,38.06020244407804,-7.232562723031765,16.577898947045494,36.970295551587334,-9.287491895869113,19.184347809036623,38.98437451404412,1.4137426431414555,0.6110344312231973,0.6510339146758706,0.3583878477072176,36.970295551587334
15,31.502079926527863,14.91219634865642,-3.119669374966372,-8.357648434673797,17.997249538656103,38.022565174586,-7.232562723031765,16.577898947045494,36.92918581349009,-9.287491895869113,19.184347809036623,38.94667658374822,1.4708397255168129,0.6110344312231973,0.6510339146758706,0.3583878477072176,36.92918581349009
16,31.453797382383584,14.909238579364594,-3.1220734662577696,-8.357648434673797,17.997249538656103,37.983606993212035,-7.232562723031765,16.577898947045494,36.88649485782515,-9.287491895869113,19.184347809036623,38.90766699988186,1.532883310223313,0.6110344312231973,0.6510339146758706,0.3583878477072176,36.88649485782515
17,31.403742889458233,14.905961599335944,-3.124558861791925,-8.357648434673797,17.997249538656103,37.94319854989147,-7.232562723031765,16.577898947045494,36.842228074760435,-9.287491895869113,19.184347809036623,38.867212813983144,1.587270904858857,0.6110344312231973,0.6510339146758706,0.3583878477072176,36.842228074760435
18,31.351978251484386,14.902677539308627,-3.1270591793838327,-8.357648434673797,17.997249538656103,37.90114943401586,-7.232562723031765,16.577898947045494,36.796297405438835,-9.287491895869113,19.184347809036623,38.82511772131673,1.6383006097134052,0.6110344312231973,0.6510339146758706,0.3583878477072176,36.796297405438835
19,31.298271578378625,14.899508923673642,-3.129600218879561,-8.357648434673797,17.997249538656103,37.8563953800057,-7.232562723031765,16.577898947045494,36.748534216948165,-9.287491895869113,19.184347809036623,38.78124828090049,1.6963128544612192,0.6110344312231973,0.6510339146758706,0.3583878477072176,36.748534216948165
20,31.242687557032344,14.896509416157379,-3.1321098727239263,-8.357648434673797,17.997249538656103,37.809266157380286,-7.232562723031765,16.577898947045494,36.69819351706767,-9.287491895869113,19.184347809036623,38.73539049889029,1.7518401346627668,0.6110344312231973,0.6510339146758706,0.3583878477072176,36.69819351706767
21,31.18589356169184,14.893958156178986,-3.134460994011967,-8.357648434673797,17.997249538656103,37.76040501420172,-7.232562723031765,16.577898947045494,36.64568176338997,-9.287491895869113,19.184347809036623,38.68771643009499,1.7857205965816147,0.6110344312231973,0.6510339146758706,0.3583878477072176,36.64568176338997
22,31.12703793426358,14.89205550715327,-3.1368105206525665,-8.357648434673797,17.997249538656103,37.7094913572498,-7.232562723031765,16.577898947045494,36.59111778373116,-9.287491895869113,19.184347809036623,38.6379780719913,1.847641643639122,0.6110344312231973,0.6510339146758706,0.3583878477072176,36.59111778373116
23,31.0660184332873,14.890712125893838,-3.139123848054264,-8.357648434673797,17.997249538656103,37.656305004137614,-7.232562723031765,16.577898947045494,36.53433554867085,-9.287491895869113,19.184347809036623,38.585939952798796,1.9133539151993173,0.6110344312231973,0.6510339146758706,0.3583878477072176,36.53433554867085
24,31.002795066492858,14.8898771102686,-3.1413834794103934,-8.357648434673797,17.997249538656103,37.600616730211584,-7.232562723031765,16.577898947045494,36.47526232688686,-9.287491895869113,19.184347809036623,38.531494266315015,1.9807306765290011,0.6110344312231973,0.6510339146758706,0.3583878477072176,36.47526232688686
25,30.937329720674914,14.889506067207586,3.139595963938118,-8.357648434673797,17.997249538656103,37.541457196352546,-7.232562723031765,16.577898947045494,36.41385914889908,-9.287491895869113,19.184347809036623,38.47460244842406,2.0496405646561615,0.6110344312231973,0.6510339146758706,0.3583878477072176,36.41385914889908
26,30.869588407642027,14.889555263422379,3.1374374458497436,-8.357648434673797,17.997249538656103,37.47989244888047,-7.232562723031765,16.577898947045494,36.34946366804817,-9.287491895869113,19.184347809036623,38.41525532554045,2.1198868464014224,0.6110344312231973,0.6510339146758706,0.3583878477072176,36.34946366804817
27,30.79954235526575,14.889982190685533,3.1353128291718586,-8.357648434673797,17.997249538656103,37.415932036103236,-7.232562723031765,16.577898947045494,36.28219642679435,-9.287491895869113,19.184347809036623,38.3534763844574,2.1912581333023873,0.6110344312231973,0.6510339146758706,0.3583878477072176,36.28219642679435
28,30.727180057804112,14.89074811461526,3.1332104648293324,-8.357648434673797,17.997249538656103,37.34959780869341,-7.232562723031765,16.577898947045494,36.212588778063555,-9.287491895869113,19.184347809036623,38.289299559132076,2.263192001666921,0.6110344312231973,0.6510339146758706,0.3583878477072176,36.212588778063555
29,30.652497585814658,14.891815650723952,3.1311141846200377,-8.357648434673797,17.997249538656103,37.280932353611924,-7.232562723031765,16.577898947045494,36.14065829229131,-9.287491895869113,19.184347809036623,38.22278415537807,2.335418820301375,0.6110344312231973,0.6510339146758706,0.3583878477072176,36.14065829229131
30,30.57721323373743,14.893123653973275,3.128796904438181,-8.357648434673797,17.997249538656103,37.21227123036773,-7.232562723031765,16.577898947045494,36.06842401081748,-9.287491895869113,19.184347809036623,38.15653578238535,2.354848910199462,0.6110344312231973,0.6510339146758706,0.3583878477072176,36.06842401081748
31,30.499948540958908,14.894506941131521,3.1265987978283,-8.357648434673797,17.997249538656103,37.140137600605016,-7.232562723031765,16.577898947045494,35.99406071092956,-9.287491895869113,19.184347809036623,38.08785046332397,2.4160056070711815,0.6110344312231973,0.6510339146758706,0.3583878477072176,35.99406071092956
32,30.420561153195443,14.89611718418718,3.1244030700759167,-8.357648434673797,17.997249538656103,37.06588061733581,-7.232562723031765,16.577898947045494,35.91723318223782,-9.287491895869113,19.184347809036623,38.01654259450727,2.4823042805457414,0.6110344312231973,0.6510339146758706,0.3583878477072176,35.91723318223782
33,30.33870896956161,14.897934008659469,3.122143603213972,-8.357648434673797,17.997249538656103,36.98931402733669,-7.232562723031765,16.577898947045494,35.83714723595966,-9.287491895869113,19.184347809036623,37.942296224993534,2.5594699245572388,0.6110344312231973,0.6510339146758706,0.3583878477072176,35.83714723595966
34,30.254411049267063,14.89992711306915,3.119864877528638,-8.357648434673797,17.997249538656103,36.91035356862398,-7.232562723031765,16.577898947045494,35.75463685304338,-9.287491895869113,19.184347809036623,37.865675310993545,2.636000989489708,0.6110344312231973,0.6510339146758706,0.3583878477072176,35.75463685304338
35,30.16736209186752,14.902259768395735,3.1176464295260398,-8.357648434673797,17.997249538656103,36.8285035458344,-7.232562723031765,16.577898947045494,35.669329561408354,-9.287491895869113,19.184347809036623,37.78610188626057,2.721972854663524,0.6110344312231973,0.6510339146758706,0.3583878477072176,35.669329561408354
36,30.077567542345285,14.904871218866246,3.115477750948149,-8.357648434673797,17.997249538656103,36.743739028229044,-7.232562723031765,16.577898947045494,35.58124002335831,-9.287491895869113,19.184347809036623,37.70361769631536,2.8077650869819704,0.6110344312231973,0.6510339146758706,0.3583878477072176,35.58124002335831
37,29.985147283104798,14.907687986750451,3.113359537798652,-8.357648434673797,17.997249538656103,36.65513779078004,-7.232562723031765,16.577898947045494,35.49048869683133,-9.287491895869113,19.184347809036623,37.61834132283567,2.8897346385542013,0.6110344312231973,0.6510339146758706,0.3583878477072176,35.49048869683133
38,29.890109154243397,14.91072276284405,3.1112971493601203,-8.357648434673797,17.997249538656103,36.56381911223907,-7.232562723031765,16.577898947045494,35.397078224247636,-9.287491895869113,19.184347809036623,37.529710049029305,2.971561836525212,0.6110344312231973,0.6510339146758706,0.3583878477072176,35.397078224247636
39,29.792457109995937,14.91398433370674,3.1092906741324846,-8.357648434673797,17.997249538656103,36.46978587859645,-7.232562723031765,16.577898947045494,35.299922855420306,-9.287491895869113,19.184347809036623,37.437738891348666,3.053361388731852,0.6110344312231973,0.6510339146758706,0.3583878477072176,35.299922855420306
40,29.692203795258457,14.917474641647953,3.1073453828881568,-8.357648434673797,17.997249538656103,36.37304039166734,-7.232562723031765,16.577898947045494,35.20014596258463,-9.287491895869113,19.184347809036623,37.34299212783787,3.134831919319,0.6110344312231973,0.6510339146758706,0.3583878477072176,35.20014596258463
41,29.589358178561813,14.921196896245533,3.1054618693510436,-8.357648434673797,17.997249538656103,36.27358978855843,-7.232562723031765,16.577898947045494,35.09775948813236,-9.287491895869113,19.184347809036623,37.24547625815666,3.2160867307964343,0.6110344312231973,0.6510339146758706,0.3583878477072176,35.09775948813236
42,29.48392494153069,14.925155508692681,3.1036394734226866,-8.357648434673797,17.997249538656103,36.17143920977526,-7.232562723031765,16.577898947045494,34.99276752699104,-9.287491895869113,19.184347809036623,37.14519707151176,3.2972516260556053,0.6110344312231973,0.6510339146758706,0.3583878477072176,34.99276752699104
43,29.375904946637124,14.929356269046455,3.1018841001770876,-8.357648434673797,17.997249538656103,36.066470747427246,-7.232562723031765,16.577898947045494,34.885168447746935,-9.287491895869113,19.184347809036623,37.042137659048464,3.3784303588011255,0.6110344312231973,0.6510339146758706,0.3583878477072176,34.885168447746935
44,29.26828647871186,14.932966350340607,3.1000296699909464,-8.357648434673797,17.997249538656103,35.96122302489271,-7.232562723031765,16.577898947045494,34.77802707507698,-9.287491895869113,19.184347809036623,36.93979122437569,3.368573604629936,0.6110344312231973,0.6510339146758706,0.3583878477072176,34.77802707507698
45,29.163063049271525,14.93718784011,3.0984112192549125,-8.357648434673797,17.997249538656103,35.85803611149621,-7.232562723031765,16.577898947045494,34.6731933022778,-9.287491895869113,19.184347809036623,36.83879300895135,3.300464207001385,0.6110344312231973,0.6510339146758706,0.3583878477072176,34.6731933022778
46,29.059792841288694,14.941741984650355,3.096870053563774,-8.357648434673797,17.997249538656103,35.7566880809553,-7.232562723031765,16.577898947045494,34.57008639847313,-9.287491895869113,19.184347809036623,36.739030619383804,3.2438601726036866,0.6110344312231973,0.6510339146758706,0.3583878477072176,34.57008639847313
47,28.957622585609034,14.946443102600494,3.0953938276240387,-8.357648434673797,17.997249538656103,35.65635087196967,-7.232562723031765,16.577898947045494,34.467448881446515,-9.287491895869113,19.184347809036623,36.64021167272214,3.211094440416033,0.6110344312231973,0.6510339146758706,0.3583878477072176,34.467448881446515
48,28.853891509847255,14.95134482270236,3.0939802027313337,-8.357648434673797,17.997249538656103,35.55436667668504,-7.232562723031765,16.577898947045494,34.363261266201974,-9.287491895869113,19.184347809036623,36.53968097768416,3.258439437589541,0.6110344312231973,0.6510339146758706,0.3583878477072176,34.363261266201974
49,28.747084327577298,14.956807078623589,3.0925974560944067,-8.357648434673797,17.997249538656103,35.4492466389364,-7.232562723031765,16.577898947045494,34.25598369436714,-9.287491895869113,19.184347809036623,36.43598142081061,3.351184932820975,0.6110344312231973,0.6510339146758706,0.3583878477072176,34.25598369436714
50,28.637214027503145,14.962674517637524,3.0913551237389436,-8.357648434673797,17.997249538656103,35.34086575017941,-7.232562723031765,16.577898947045494,34.145662794801225,-9.287491895869113,19.184347809036623,36.32887583498401,3.442885143757568,0.6110344312231973,0.6510339146758706,0.3583878477072176,34.145662794801225
51,28.524277952461762,14.968821796809118,3.090241672724111,-8.357648434673797,17.997249538656103,35.22924150717264,-7.232562723031765,16.577898947045494,34.032298752718646,-9.287491895869113,19.184347809036623,36.218393945092686,3.535273787823208,0.6110344312231973,0.6510339146758706,0.3583878477072176,34.032298752718646
52,28.408237358024543,14.975193003048911,3.089227744567639,-8.357648434673797,17.997249538656103,35.11437598367356,-7.232562723031765,16.577898947045494,33.915848169672984,-9.287491895869113,19.184347809036623,36.104568178471396,3.6291400786889594,0.6110344312231973,0.6510339146758706,0.3583878477072176,33.915848169672984
53,28.289029999887966,14.98177307890855,3.088294388679071,-8.357648434673797,17.997249538656103,34.99623233630876,-7.232562723031765,16.577898947045494,33.79624474632708,-9.287491895869113,19.184347809036623,35.98738122658488,3.724754617076523,0.6110344312231973,0.6510339146758706,0.3583878477072176,33.79624474632708
54,28.166578953926628,14.988563829081484,3.0874285876037044,-8.357648434673797,17.997249538656103,34.874285461988,-7.232562723031765,16.577898947045494,33.67340818174566,-9.287491895869113,19.184347809036623,35.86678646651925,3.8222538499032783,0.6110344312231973,0.6510339146758706,0.3583878477072176,33.67340818174566
55,28.040800235833757,14.995573685772081,3.086618834984219,-8.357648434673797,17.997249538656103,34.748952235052904,-7.232562723031765,16.577898947045494,33.547251239477546,-9.287491895869113,19.184347809036623,35.742726445502754,3.921729236948549,0.6110344312231973,0.6510339146758706,0.3583878477072176,33.547251239477546
56,27.912646854330724,15.002521709530942,3.0858659804083803,-8.357648434673797,17.997249538656103,34.621208600334654,-7.232562723031765,16.577898947045494,33.41874000086518,-9.287491895869113,19.184347809036623,35.61616448914229,3.9902375519439235,0.6110344312231973,0.6510339146758706,0.3583878477072176,33.41874000086518
57,27.78214087737257,15.0095258308154,3.0851318515780424,-8.357648434673797,17.997249538656103,34.491099456316434,-7.232562723031765,16.577898947045494,33.287881654840355,-9.287491895869113,19.184347809036623,35.486983114032014,4.0579750682010856,0.6110344312231973,0.6510339146758706,0.3583878477072176,33.287881654840355
58,27.650815301789237,15.015882132552239,3.084143711483116,-8.357648434673797,17.997249538656103,34.36041415283382,-7.232562723031765,16.577898947045494,33.156182411976715,-9.287491895869113,19.184347809036623,35.3573189898979,4.080472214632405,0.6110344312231973,0.6510339146758706,0.3583878477072176,33.156182411976715
59,27.518681552913105,15.0221857019001,3.0831415044429678,-8.357648434673797,17.997249538656103,34.22893827608623,-7.232562723031765,16.577898947045494,33.023677419061364,-9.287491895869113,19.184347809036623,35.226879047597485,4.104520609606477,0.6110344312231973,0.6510339146758706,0.3583878477072176,33.023677419061364
60,27.38577107110204,15.028567944433808,3.0821769952885223,-8.357648434673797,17.997249538656103,34.09665401673488,-7.232562723031765,16.577898947045494,32.8901294596982,-9.287491895869113,19.184347809036623,35.09559187588509,4.128643422303778,0.6110344312231973,0.6510339146758706,0.3583878477072176,32.8901294596982
61,27.252276812097538,15.034996182584742,3.081241588186793,-8.357648434673797,17.997249538656103,33.96376263541755,-7.232562723031765,16.577898947045494,32.75579088013581,-9.287491895869113,19.184347809036623,34.96366763232171,4.148000506063418,0.6110344312231973,0.6510339146758706,0.3583878477072176,32.75579088013581
62,27.11834065412447,15.04149684648239,3.080346064343026,-8.357648434673797,17.997249538656103,33.8303953672409,-7.232562723031765,16.577898947045494,32.62103841078067,-9.287491895869113,19.184347809036623,34.83122636728226,4.164149328986104,0.6110344312231973,0.6510339146758706,0.3583878477072176,32.62103841078067
63,26.984052932440132,15.048108744679505,3.07950387907725,-8.357648434673797,17.997249538656103,33.69662904215037,-7.232562723031765,16.577898947045494,32.48596961215439,-9.287491895869113,19.184347809036623,34.69833094986495,4.17849191058832,0.6110344312231973,0.6510339146758706,0.3583878477072176,32.48596961215439
64,26.849455378989372,15.05487234991928,3.078726426403043,-8.357648434673797,17.997249538656103,33.56249346554862,-7.232562723031765,16.577898947045494,32.35063180920628,-9.287491895869113,19.184347809036623,34.56499934758048,4.192268180055343,0.6110344312231973,0.6510339146758706,0.3583878477072176,32.35063180920628
65,26.714546519465184,15.061826368318203,3.078026513392252,-8.357648434673797,17.997249538656103,33.42797424276512,-7.232562723031765,16.577898947045494,32.215030358094495,-9.287491895869113,19.184347809036623,34.43120388604608,4.206529878440454,0.6110344312231973,0.6510339146758706,0.3583878477072176,32.215030358094495
66,26.57928729748989,15.069005062847085,3.0774107050295587,-8.357648434673797,17.997249538656103,33.293024733746634,-7.232562723031765,16.577898947045494,32.079128666247534,-9.287491895869113,19.184347809036623,34.296891083431554,4.222161155996796,0.6110344312231973,0.6510339146758706,0.3583878477072176,32.079128666247534
67,26.44377468788208,15.076398648728777,3.0768553271956964,-8.357648434673797,17.997249538656103,33.15776116530488,-7.232562723031765,16.577898947045494,31.943006022048337,-9.287491895869113,19.184347809036623,34.16220152197139,4.23540427068775,0.6110344312231973,0.6510339146758706,0.3583878477072176,31.943006022048337
68,26.307806763932458,15.084119052553904,3.0764029055669497,-8.357648434673797,17.997249538656103,33.02194066148393,-7.232562723031765,16.577898947045494,31.806485305121313,-9.287491895869113,19.184347809036623,34.02684831072694,4.2542965266448745,0.6110344312231973,0.6510339146758706,0.3583878477072176,31.806485305121313
69,26.171216810937498,15.092165432959604,3.0760483485850534,-8.357648434673797,17.997249538656103,32.885400739352995,-7.232562723031765,16.577898947045494,31.669396147336304,-9.287491895869113,19.184347809036623,33.89067423006716,4.277633471324823,0.6110344312231973,0.6510339146758706,0.3583878477072176,31.669396147336304
70,26.033843522957987,15.100529326811369,3.0757836339099316,-8.357648434673797,17.997249538656103,32.747987214049914,-7.232562723031765,16.577898947045494,31.53157194941236,-9.287491895869113,19.184347809036623,33.75353339295369,4.305224692864493,0.6110344312231973,0.6510339146758706,0.3583878477072176,31.53157194941236
71,25.895557407929807,15.10918577379242,3.075590458034061,-8.357648434673797,17.997249538656103,32.60958703903409,-7.232562723031765,16.577898947045494,31.392871291543365,-9.287491895869113,19.184347809036623,33.61533166449209,4.336089606987624,0.6110344312231973,0.6510339146758706,0.3583878477072176,31.392871291543365
72,25.75624410525861,15.118118922995244,3.075457436205098,-8.357648434673797,17.997249538656103,32.47009617546416,-7.232562723031765,16.577898947045494,31.25317249920108,-9.287491895869113,19.184347809036623,33.4759767740691,4.369942620644548,0.6110344312231973,0.6510339146758706,0.3583878477072176,31.25317249920108
73,25.616359203341258,15.127285527357392,3.0753553702948793,-8.357648434673797,17.997249538656103,32.32999560999418,-7.232562723031765,16.577898947045494,31.112911052148277,-9.287491895869113,19.184347809036623,33.33597977137489,4.389441181211693,0.6110344312231973,0.6510339146758706,0.3583878477072176,31.112911052148277
74,25.476235360056613,15.136628487079557,3.0752539942872033,-8.357648434673797,17.997249538656103,32.18964536244777,-7.232562723031765,16.577898947045494,30.972399932386757,-9.287491895869113,19.184347809036623,33.19573189700903,4.398231542821158,0.6110344312231973,0.6510339146758706,0.3583878477072176,30.972399932386757
75,25.336013391537197,15.146116209580123,3.07513810821542,-8.357648434673797,17.997249538656103,32.049200236016304,-7.232562723031765,16.577898947045494,30.831770342108715,-9.287491895869113,19.184347809036623,33.055403642921085,4.402194718273712,0.6110344312231973,0.6510339146758706,0.3583878477072176,30.831770342108715
76,25.195758259828036,15.155725124729608,3.0749900971432154,-8.357648434673797,17.997249538656103,31.908740808576585,-7.232562723031765,16.577898947045494,30.69107546581978,-9.287491895869113,19.184347809036623,32.915093748892595,4.4037013539442045,0.6110344312231973,0.6510339146758706,0.3583878477072176,30.69107546581978
77,25.055505174429523,15.165436143978534,3.074797217569858,-8.357648434673797,17.997249538656103,31.768313764371488,-7.232562723031765,16.577898947045494,30.550342183143023,-9.287491895869113,19.184347809036623,32.774862043698406,4.40372913773236,0.6110344312231973,0.6510339146758706,0.3583878477072176,30.550342183143023
78,24.91527739805096,15.175231913506924,3.0745542227732856,-8.357648434673797,17.997249538656103,31.627947702400036,-7.232562723031765,16.577898947045494,30.409590988466707,-9.287491895869113,19.184347809036623,32.6347425593373,4.402711447687192,0.6110344312231973,0.6510339146758706,0.3583878477072176,30.409590988466707
79,24.775092867597742,15.185095490869134,3.074257808313604,-8.357648434673797,17.997249538656103,31.487664325932965,-7.232562723031765,16.577898947045494,30.26883851389217,-9.287491895869113,19.184347809036623,32.49476043498061,4.400876351095289,0.6110344312231973,0.6510339146758706,0.3583878477072176,30.26883851389217
80,24.635010934687568,15.194979424151452,3.0739174689833466,-8.357648434673797,17.997249538656103,31.347518126392696,-7.232562723031765,16.577898947045494,30.128154354932615,-9.287491895869113,19.184347809036623,32.35496052153896,4.396577859740275,0.6110344312231973,0.6510339146758706,0.3583878477072176,30.128154354932615
81,24.495019259366828,15.204869005521664,3.0735123652093925,-8.357648434673797,17.997249538656103,31.207514733406278,-7.232562723031765,16.577898947045494,29.987511688896987,-9.287491895869113,19.184347809036623,32.215369914323354,4.392628031397855,0.6110344312231973,0.6510339146758706,0.3583878477072176,29.987511688896987
82,24.355117516657156,15.214763798284038,3.0730391769230607,-8.357648434673797,17.997249538656103,31.067548051645073,-7.232562723031765,16.577898947045494,29.84690789599115,-9.287491895869113,19.184347809036623,32.07599459473768,4.388703816835417,0.6110344312231973,0.6510339146758706,0.3583878477072176,29.84690789599115
83,24.215310275912444,15.224663542473252,3.0725015497572565,-8.357648434673797,17.997249538656103,30.927538152202292,-7.232562723031765,16.577898947045494,29.706350460839,-9.287491895869113,19.184347809036623,31.936832609778424,4.384650054052054,0.6110344312231973,0.6510339146758706,0.3583878477072176,29.706350460839
84,24.075598896570373,15.234570432097621,3.071902745711732,-8.357648434673797,17.997249538656103,30.7876403756861,-7.232562723031765,16.577898947045494,29.56584322595249,-9.287491895869113,19.184347809036623,31.797879365539288,4.380602893322333,0.6110344312231973,0.6510339146758706,0.3583878477072176,29.56584322595249
85,23.935981688014817,15.24448985129747,3.0712496145022143,-8.357648434673797,17.997249538656103,30.647850955728888,-7.232562723031765,16.577898947045494,29.42538945330608,-9.287491895869113,19.184347809036623,31.659120406279975,4.376686191031874,0.6110344312231973,0.6510339146758706,0.3583878477072176,29.42538945330608
86,23.796454072055685,15.254427910118554,3.0705520427846906,-8.357648434673797,17.997249538656103,30.508162347187646,-7.232562723031765,16.577898947045494,29.284991714704702,-9.287491895869113,19.184347809036623,31.52047830322469,4.373006785051846,0.6110344312231973,0.6510339146758706,0.3583878477072176,29.284991714704702
87,23.657009347655595,15.26439218325573,3.0698175174569355,-8.357648434673797,17.997249538656103,30.36856539977829,-7.232562723031765,16.577898947045494,29.14464855146438,-9.287491895869113,19.184347809036623,31.381639385101952,4.3696467833835335,0.6110344312231973,0.6510339146758706,0.3583878477072176,29.14464855146438
88,23.517639190973775,15.27439153551672,3.069053537060754,-8.357648434673797,17.997249538656103,30.229049213376484,-7.232562723031765,16.577898947045494,29.004356778078886,-9.287491895869113,19.184347809036623,31.242911425138523,4.366667683570614,0.6110344312231973,0.6510339146758706,0.3583878477072176,29.004356778078886
89,23.37833419906063,15.284436193820271,3.068268941905785,-8.357648434673797,17.997249538656103,30.089601300821798,-7.232562723031765,16.577898947045494,28.864112996832233,-9.287491895869113,19.184347809036623,31.10427281352693,4.364110773501803,0.6110344312231973,0.6510339146758706,0.3583878477072176,28.864112996832233
90,23.239084223565666,15.294535799926592,3.067474465913544,-8.357648434673797,17.997249538656103,29.950207902416924,-7.232562723031765,16.577898947045494,28.723914452393085,-9.287491895869113,19.184347809036623,30.965698721307582,4.361999246189896,0.6110344312231973,0.6510339146758706,0.3583878477072176,28.723914452393085
91,23.099878986324605,15.304698943464416,3.0666784756707135,-8.357648434673797,17.997249538656103,29.810855814239655,-7.232562723031765,16.577898947045494,28.58375652937143,-9.287491895869113,19.184347809036623,30.827167313666468,4.36033480401866,0.6110344312231973,0.6510339146758706,0.3583878477072176,28.58375652937143
92,22.960708675421817,15.314934818470439,3.065887506360107,-8.357648434673797,17.997249538656103,29.671532720598385,-7.232562723031765,16.577898947045494,28.4436336471178,-9.287491895869113,19.184347809036623,30.688659526581382,4.359102416353305,0.6110344312231973,0.6510339146758706,0.3583878477072176,28.4436336471178
93,22.821563848751886,15.325250192878439,3.065109580627144,-8.357648434673797,17.997249538656103,29.53222640207724,-7.232562723031765,16.577898947045494,28.303541805349546,-9.287491895869113,19.184347809036623,30.550154868257078,4.358279118772768,0.6110344312231973,0.6510339146758706,0.3583878477072176,28.303541805349546
94,22.68243616423337,15.335652144599269,3.064348927613417,-8.357648434673797,17.997249538656103,29.392926748985065,-7.232562723031765,16.577898947045494,28.163475266324227,-9.287491895869113,19.184347809036623,30.411638858410345,4.357825839370007,0.6110344312231973,0.6510339146758706,0.3583878477072176,28.163475266324227
95,22.543318096109886,15.346145561573834,3.0636115903353023,-8.357648434673797,17.997249538656103,29.25362409254206,-7.232562723031765,16.577898947045494,28.023430551150074,-9.287491895869113,19.184347809036623,30.273095597267126,4.3577026461736,0.6110344312231973,0.6510339146758706,0.3583878477072176,28.023430551150074
96,22.404203369364794,15.356735040912431,3.0629012307718675,-8.357648434673797,17.997249538656103,29.114310688339163,-7.232562723031765,16.577898947045494,27.883403686067552,-9.287491895869113,19.184347809036623,30.134513559604542,4.357860754793853,0.6110344312231973,0.6510339146758706,0.3583878477072176,27.883403686067552
97,22.26508664461059,15.367422535603547,3.062222315307481,-8.357648434673797,17.997249538656103,28.974979679277464,-7.232562723031765,16.577898947045494,27.743392372785955,-9.287491895869113,19.184347809036623,29.995881286970633,4.358253131399424,0.6110344312231973,0.6510339146758706,0.3583878477072176,27.743392372785955
98,22.12596382651138,15.37820905464387,3.061575276627722,-8.357648434673797,17.997249538656103,28.835626673037254,-7.232562723031765,16.577898947045494,27.603392675609292,-9.287491895869113,19.184347809036623,29.857193937572546,4.358827968039455,0.6110344312231973,0.6510339146758706,0.3583878477072176,27.603392675609292
99,21.98683192033036,15.38909521806032,3.0609608014532594,-8.357648434673797,17.997249538656103,28.696248334008125,-7.232562723031765,16.577898947045494,27.46340197000373,-9.287491895869113,19.184347809036623,29.718447465870852,4.359538330317282,0.6110344312231973,0.6510339146758706,0.3583878477072176,27.46340197000373
100,21.847688794656285,15.400080284716722,3.060381221943917,-8.357648434673797,17.997249538656103,28.55684181274731,-7.232562723031765,16.577898947045494,27.323419772226156,-9.287491895869113,19.184347809036623,29.579636623549714,4.360342021040823,0.6110344312231973,0.6510339146758706,0.3583878477072176,27.323419772226156
101,21.708533075794094,15.411161160582369,3.0598369727610715,-8.357648434673797,17.997249538656103,28.41740574670691,-7.232562723031765,16.577898947045494,27.18344513523285,-9.287491895869113,19.184347809036623,29.440759607406065,4.3611985332042735,0.6110344312231973,0.6510339146758706,0.3583878477072176,27.18344513523285
102,21.56936436499759,15.422335461243819,3.0593253569941123,-8.357648434673797,17.997249538656103,28.277940617533446,-7.232562723031765,16.577898947045494,27.043475788752854,-9.287491895869113,19.184347809036623,29.30181967750748,4.362070039373286,0.6110344312231973,0.6510339146758706,0.3583878477072176,27.043475788752854
103,21.4301827823199,15.43360002657402,3.0588474714680793,-8.357648434673797,17.997249538656103,28.138446379376916,-7.232562723031765,16.577898947045494,26.903512773847837,-9.287491895869113,19.184347809036623,29.16281566637565,4.362928884426084,0.6110344312231973,0.6510339146758706,0.3583878477072176,26.903512773847837
104,21.290988808686265,15.444949387191214,3.058403473750155,-8.357648434673797,17.997249538656103,27.99892380085156,-7.232562723031765,16.577898947045494,26.763556967614008,-9.287491895869113,19.184347809036623,29.023748193577898,4.363750043675527,0.6110344312231973,0.6510339146758706,0.3583878477072176,26.763556967614008
105,21.151783495866944,15.456378318369714,3.0579889774787743,-8.357648434673797,17.997249538656103,27.85937555499413,-7.232562723031765,16.577898947045494,26.62360654790194,-9.287491895869113,19.184347809036623,28.884624455887018,4.364510911186968,0.6110344312231973,0.6510339146758706,0.3583878477072176,26.62360654790194
106,21.012568159112487,15.467881102736474,3.0576001594812774,-8.357648434673797,17.997249538656103,27.719804465836653,-7.232562723031765,16.577898947045494,26.483660409988104,-9.287491895869113,19.184347809036623,28.745451222979924,4.365197031041961,0.6110344312231973,0.6510339146758706,0.3583878477072176,26.483660409988104
107,20.873344425593405,15.479452930700505,3.057232721529169,-8.357648434673797,17.997249538656103,27.580213756301895,-7.232562723031765,16.577898947045494,26.343717377692382,-9.287491895869113,19.184347809036623,28.60623614925015,4.365797905253643,0.6110344312231973,0.6510339146758706,0.3583878477072176,26.343717377692382
108,20.73411402031991,15.49108915991788,3.056884648861674,-8.357648434673797,17.997249538656103,27.44060606580539,-7.232562723031765,16.577898947045494,26.203778008033353,-9.287491895869113,19.184347809036623,28.46698395660137,4.366308609003424,0.6110344312231973,0.6510339146758706,0.3583878477072176,26.203778008033353
109,20.594878721681713,15.502785346210137,3.0565546297065516,-8.357648434673797,17.997249538656103,27.30098386826144,-7.232562723031765,16.577898947045494,26.063843407065185,-9.287491895869113,19.184347809036623,28.32769847796399,4.366727090672995,0.6110344312231973,0.6510339146758706,0.3583878477072176,26.063843407065185
110,20.45564028816981,15.514537161091948,3.0562419746431604,-8.357648434673797,17.997249538656103,27.16120535029123,-7.232562723031765,16.577898947045494,25.923915101286383,-9.287491895869113,19.184347809036623,28.188382695013296,4.367054396132245,0.6110344312231973,0.6510339146758706,0.3583878477072176,25.923915101286383
111,20.316400363085073,15.52633990697214,3.0559459922016434,-8.357648434673797,17.997249538656103,27.021399324346362,-7.232562723031765,16.577898947045494,25.783994526436544,-9.287491895869113,19.184347809036623,28.049039508951264,4.367294057474333,0.6110344312231973,0.6510339146758706,0.3583878477072176,25.783994526436544
112,20.177160485445324,15.538188938836369,3.055664561950464,-8.357648434673797,17.997249538656103,26.881592772761238,-7.232562723031765,16.577898947045494,25.64408199652686,-9.287491895869113,19.184347809036623,27.909673615910464,4.367451262453404,0.6110344312231973,0.6510339146758706,0.3583878477072176,25.64408199652686
113,20.03792205876427,15.550079881503018,3.0553947244450033,-8.357648434673797,17.997249538656103,26.74178674855088,-7.232562723031765,16.577898947045494,25.504177082729978,-9.287491895869113,19.184347809036623,27.770290677619645,4.3675331785378795,0.6110344312231973,0.6510339146758706,0.3583878477072176,25.504177082729978
114,19.89868641821236,15.562009829737757,3.0551339462443643,-8.357648434673797,17.997249538656103,26.601982209617745,-7.232562723031765,16.577898947045494,25.364279504351394,-9.287491895869113,19.184347809036623,27.630895612527468,4.36754852934253,0.6110344312231973,0.6510339146758706,0.3583878477072176,25.364279504351394
115,19.759454622453113,15.573975622571462,3.0548822177661106,-8.357648434673797,17.997249538656103,26.462180492318726,-7.232562723031765,16.577898947045494,25.224390516472635,-9.287491895869113,19.184347809036623,27.491489728038957,4.36750755528406,0.6110344312231973,0.6510339146758706,0.3583878477072176,25.224390516472635
116,19.620227604416918,15.585975029143086,3.054638708470657,-8.357648434673797,17.997249538656103,26.322382517817445,-7.232562723031765,16.577898947045494,25.08451060768447,-9.287491895869113,19.184347809036623,27.352075227267573,4.3674196473736355,0.6110344312231973,0.6510339146758706,0.3583878477072176,25.08451060768447
117,19.48100604982471,15.598005793822121,3.054404114623882,-8.357648434673797,17.997249538656103,26.18258934212089,-7.232562723031765,16.577898947045494,24.94464110339768,-9.287491895869113,19.184347809036623,27.212652035773605,4.367294993023269,0.6110344312231973,0.6510339146758706,0.3583878477072176,24.94464110339768
118,19.341790397362658,15.610065252717195,3.0541781318579506,-8.357648434673797,17.997249538656103,26.04280156709828,-7.232562723031765,16.577898947045494,24.804782398568847,-9.287491895869113,19.184347809036623,27.073221197299965,4.367142762254569,0.6110344312231973,0.6510339146758706,0.3583878477072176,24.804782398568847
119,19.202580951814078,15.622151329121037,3.053958563048304,-8.357648434673797,17.997249538656103,25.903019141127384,-7.232562723031765,16.577898947045494,24.66493338113385,-9.287491895869113,19.184347809036623,26.933722536040417,4.366971346235758,0.6110344312231973,0.6510339146758706,0.3583878477072176,24.66493338113385
120,19.06337791051712,15.634263000307708,3.0537441881650365,-8.357648434673797,17.997249538656103,25.76324204931111,-7.232562723031765,16.577898947045494,24.525093460286925,-9.287491895869113,19.184347809036623,26.79416900014222,4.366789187924269,0.6110344312231973,0.6510339146758706,0.3583878477072176,24.525093460286925
121,18.92418130215626,15.646399555354073,3.0535360860430862,-8.357648434673797,17.997249538656103,25.623470645336184,-7.232562723031765,16.577898947045494,24.385263480874386,-9.287491895869113,19.184347809036623,26.654614658852566,4.3666041471290855,0.6110344312231973,0.6510339146758706,0.3583878477072176,24.385263480874386
122,18.78499098281121,15.65856006377184,3.053335767413314,-8.357648434673797,17.997249538656103,25.483705236650334,-7.232562723031765,16.577898947045494,24.245444430674556,-9.287491895869113,19.184347809036623,26.51505826658236,4.366422558014609,0.6110344312231973,0.6510339146758706,0.3583878477072176,24.245444430674556
123,18.645806744718932,15.670744197056424,3.0531445858269595,-8.357648434673797,17.997249538656103,25.34394597014725,-7.232562723031765,16.577898947045494,24.105637081963025,-9.287491895869113,19.184347809036623,26.375498577761736,4.366249538699599,0.6110344312231973,0.6510339146758706,0.3583878477072176,24.105637081963025
124,18.506628101694904,15.682949756992917,3.0529641294501912,-8.357648434673797,17.997249538656103,25.204192949189704,-7.232562723031765,16.577898947045494,23.965842207162897,-9.287491895869113,19.184347809036623,26.235934066259166,4.366089368811477,0.6110344312231973,0.6510339146758706,0.3583878477072176,23.965842207162897
125,18.367454671724097,15.695176070395837,3.0527918201582906,-8.357648434673797,17.997249538656103,25.06444521740623,-7.232562723031765,16.577898947045494,23.82605765759973,-9.287491895869113,19.184347809036623,26.096366431018676,4.365944239490257,0.6110344312231973,0.6510339146758706,0.3583878477072176,23.82605765759973
126,18.228285968937765,15.70742227607362,3.0526281704906917,-8.357648434673797,17.997249538656103,24.924702490312104,-7.232562723031765,16.577898947045494,23.68628336797618,-9.287491895869113,19.184347809036623,25.95679486219801,4.36581715791039,0.6110344312231973,0.6510339146758706,0.3583878477072176,23.68628336797618
127,18.08912141572513,15.71968678721777,3.052472480116939,-8.357648434673797,17.997249538656103,24.784964165244755,-7.232562723031765,16.577898947045494,23.54651837450846,-9.287491895869113,19.184347809036623,25.81721948185309,4.365709152795718,0.6110344312231973,0.6510339146758706,0.3583878477072176,23.54651837450846
128,17.9499605825218,15.731969634485262,3.052322452842307,-8.357648434673797,17.997249538656103,24.645229245662307,-7.232562723031765,16.577898947045494,23.40676064501875,-9.287491895869113,19.184347809036623,25.677641656822654,4.365620433606561,0.6110344312231973,0.6510339146758706,0.3583878477072176,23.40676064501875
129,17.81080296937516,15.744270375710785,3.05217925230493,-8.357648434673797,17.997249538656103,24.505497554262437,-7.232562723031765,16.577898947045494,23.26701053398866,-9.287491895869113,19.184347809036623,25.538060013400916,4.365551540051032,0.6110344312231973,0.6510339146758706,0.3583878477072176,23.26701053398866
130,17.671648160164853,15.756589219316979,3.0520437030734087,-8.357648434673797,17.997249538656103,24.365768852235377,-7.232562723031765,16.577898947045494,23.12726820036128,-9.287491895869113,19.184347809036623,25.398473463893467,4.365501513205465,0.6110344312231973,0.6510339146758706,0.3583878477072176,23.12726820036128
131,17.532495629236156,15.768924943162656,3.051917541353148,-8.357648434673797,17.997249538656103,24.226043148980196,-7.232562723031765,16.577898947045494,22.987534416963722,-9.287491895869113,19.184347809036623,25.258880234098623,4.365469192193875,0.6110344312231973,0.6510339146758706,0.3583878477072176,22.987534416963722
132,17.39334495987651,15.781276874004533,3.051799409610712,-8.357648434673797,17.997249538656103,24.08631975800441,-7.232562723031765,16.577898947045494,22.847807867314728,-9.287491895869113,19.184347809036623,25.119281036578474,4.365452409787721,0.6110344312231973,0.6510339146758706,0.3583878477072176,22.847807867314728
133,17.254195746290634,15.793644105922812,3.0516889319614813,-8.357648434673797,17.997249538656103,23.946598265451822,-7.232562723031765,16.577898947045494,22.708087948132633,-9.287491895869113,19.184347809036623,24.979675846818722,4.365449577373912,0.6110344312231973,0.6510339146758706,0.3583878477072176,22.708087948132633
134,17.11504764235078,15.806025858008661,3.0515852217347246,-8.357648434673797,17.997249538656103,23.806878181676048,-7.232562723031765,16.577898947045494,22.568373752699717,-9.287491895869113,19.184347809036623,24.84006508985367,4.365458615122108,0.6110344312231973,0.6510339146758706,0.3583878477072176,22.568373752699717
135,16.97590034672952,15.818421327690404,3.0514873771211626,-8.357648434673797,17.997249538656103,23.667159060841993,-7.232562723031765,16.577898947045494,22.428664411631345,-9.287491895869113,19.184347809036623,24.70044925012169,4.365477455432293,0.6110344312231973,0.6510339146758706,0.3583878477072176,22.428664411631345
136,16.836753605222043,15.830829691993209,3.051394060709976,-8.357648434673797,17.997249538656103,23.527440401099085,-7.232562723031765,16.577898947045494,22.28895880224572,-9.287491895869113,19.184347809036623,24.560829204297217,4.36550397028422,0.6110344312231973,0.6510339146758706,0.3583878477072176,22.28895880224572
137,16.697607302140803,15.843251147512635,3.051304302609565,-8.357648434673797,17.997249538656103,23.387721831252037,-7.232562723031765,16.577898947045494,22.149256137615613,-9.287491895869113,19.184347809036623,24.421205578948054,4.365536257110784,0.6110344312231973,0.6510339146758706,0.3583878477072176,22.149256137615613
138,16.558461325226617,15.855685564288649,3.051219773900592,-8.357648434673797,17.997249538656103,23.248003654793067,-7.232562723031765,16.577898947045494,22.009557492934782,-9.287491895869113,19.184347809036623,24.281576958545134,4.36557269957164,0.6110344312231973,0.6510339146758706,0.3583878477072176,22.009557492934782
139,16.41931555168649,15.868132172662934,3.0511414339601926,-8.357648434673797,17.997249538656103,23.108286052878473,-7.232562723031765,16.577898947045494,21.869863473407023,-9.287491895869113,19.184347809036623,24.14194253927125,4.365611289166587,0.6110344312231973,0.6510339146758706,0.3583878477072176,21.869863473407023
140,16.280169918344754,15.880590392034767,3.051068912206351,-8.357648434673797,17.997249538656103,22.96856892601043,-7.232562723031765,16.577898947045494,21.73017380708793,-9.287491895869113,19.184347809036623,24.002302604741246,4.365650334765665,0.6110344312231973,0.6510339146758706,0.3583878477072176,21.73017380708793
141,16.141024389360542,15.893059650420714,3.0510025644926815,-8.357648434673797,17.997249538656103,22.828852377258492,-7.232562723031765,16.577898947045494,21.590488753825426,-9.287491895869113,19.184347809036623,23.86265689368057,4.365688659947765,0.6110344312231973,0.6510339146758706,0.3583878477072176,21.590488753825426
142,16.001878917133787,15.905538963902295,3.050942837618578,-8.357648434673797,17.997249538656103,22.689136559486514,-7.232562723031765,16.577898947045494,21.45080864848885,-9.287491895869113,19.184347809036623,23.723005102142835,4.365725126519662,0.6110344312231973,0.6510339146758706,0.3583878477072176,21.45080864848885
143,15.862733495012943,15.918027537642098,3.0508893907021797,-8.357648434673797,17.997249538656103,22.54942145799001,-7.232562723031765,16.577898947045494,21.31113330885618,-9.287491895869113,19.184347809036623,23.583347568646705,4.3657587862953,0.6110344312231973,0.6510339146758706,0.3583878477072176,21.31113330885618
144,15.723588036997528,15.930523550619787,3.0508414210059964,-8.357648434673797,17.997249538656103,22.409706965715312,-7.232562723031765,16.577898947045494,21.17146221408101,-9.287491895869113,19.184347809036623,23.443685017173276,4.365788912562332,0.6110344312231973,0.6510339146758706,0.3583878477072176,21.17146221408101
145,15.584442646201277,15.943027108785312,3.050796431427246,-8.357648434673797,17.997249538656103,22.269992570488842,-7.232562723031765,16.577898947045494,21.031793747943954,-9.287491895869113,19.184347809036623,23.304019504855134,4.36581514677949,0.6110344312231973,0.6510339146758706,0.3583878477072176,21.031793747943954
146,15.445297266140473,15.95553662585428,3.0507552690973583,-8.357648434673797,17.997249538656103,22.130278572090344,-7.232562723031765,16.577898947045494,20.892128551277334,-9.287491895869113,19.184347809036623,23.16435046440088,4.365837417502453,0.6110344312231973,0.6510339146758706,0.3583878477072176,20.892128551277334
147,15.306152017814384,15.968052308430515,3.0507155597311044,-8.357648434673797,17.997249538656103,21.990564496711762,-7.232562723031765,16.577898947045494,20.75246510960502,-9.287491895869113,19.184347809036623,23.024679864533255,4.365855413040852,0.6110344312231973,0.6510339146758706,0.3583878477072176,20.75246510960502
148,15.167006975904503,15.980573981763706,3.050678964946372,-8.357648434673797,17.997249538656103,21.850850837108453,-7.232562723031765,16.577898947045494,20.61280467712659,-9.287491895869113,19.184347809036623,22.885006489412095,4.365869510190143,0.6110344312231973,0.6510339146758706,0.3583878477072176,20.61280467712659
149,15.02786210123528,15.993100175293073,3.050645620232007,-8.357648434673797,17.997249538656103,21.711137727580347,-7.232562723031765,16.577898947045494,20.47314741243956,-9.287491895869113,19.184347809036623,22.74533033827235,4.36587947093103,0.6110344312231973,0.6510339146758706,0.3583878477072176,20.47314741243956
150,14.88871747835636,16.00563080437051,3.050612663355502,-8.357648434673797,17.997249538656103,21.57142456818319,-7.232562723031765,16.577898947045494,20.333491449699054,-9.287491895869113,19.184347809036623,22.605653756278546,4.365885578385268,0.6110344312231973,0.6510339146758706,0.3583878477072176,20.333491449699054
151,14.749573210004435,16.018166191265365,3.050580760289784,-8.357648434673797,17.997249538656103,21.431711591489368,-7.232562723031765,16.577898947045494,20.19383735625368,-9.287491895869113,19.184347809036623,22.465976290431925,4.365888597824786,0.6110344312231973,0.6510339146758706,0.3583878477072176,20.19383735625368
152,14.610429322453736,16.030705884335507,3.0505515859558785,-8.357648434673797,17.997249538656103,21.29199927210907,-7.232562723031765,16.577898947045494,20.054186361678266,-9.287491895869113,19.184347809036623,22.326296694056193,4.365888740833404,0.6110344312231973,0.6510339146758706,0.3583878477072176,20.054186361678266
153,14.471285861888914,16.043249690482657,3.050525168298006,-8.357648434673797,17.997249538656103,21.152287681476185,-7.232562723031765,16.577898947045494,19.91453856411315,-9.287491895869113,19.184347809036623,22.18661501091493,4.36588626078215,0.6110344312231973,0.6510339146758706,0.3583878477072176,19.91453856411315
154,14.332142847535126,16.055797263039604,3.0505021949006883,-8.357648434673797,17.997249538656103,21.012577038585523,-7.232562723031765,16.577898947045494,19.774894497647256,-9.287491895869113,19.184347809036623,22.046930754284528,4.365881692305618,0.6110344312231973,0.6510339146758706,0.3583878477072176,19.774894497647256
155,14.193000184814569,16.068347111999117,3.050482163753285,-8.357648434673797,17.997249538656103,20.872867271120622,-7.232562723031765,16.577898947045494,19.635253827784382,-9.287491895869113,19.184347809036623,21.907244372906593,4.3658753165946855,0.6110344312231973,0.6510339146758706,0.3583878477072176,19.635253827784382
156,14.053857921801912,16.080899437497095,3.050462210589852,-8.357648434673797,17.997249538656103,20.73315771521447,-7.232562723031765,16.577898947045494,19.495614645724583,-9.287491895869113,19.184347809036623,21.767558149062747,4.365867743527565,0.6110344312231973,0.6510339146758706,0.3583878477072176,19.495614645724583
157,13.91471607464897,16.093454282761368,3.050443336909056,-8.357648434673797,17.997249538656103,20.593448625554363,-7.232562723031765,16.577898947045494,19.35597767991079,-9.287491895869113,19.184347809036623,21.627871307775077,4.365859663393039,0.6110344312231973,0.6510339146758706,0.3583878477072176,19.35597767991079
158,13.775574645521814,16.106011561444284,3.0504264408865116,-8.357648434673797,17.997249538656103,20.4537402304887,-7.232562723031765,16.577898947045494,19.216343579961553,-9.287491895869113,19.184347809036623,21.488183154471766,4.3658512087678325,0.6110344312231973,0.6510339146758706,0.3583878477072176,19.216343579961553
159,13.636433634866343,16.118571220388528,3.0504122153934166,-8.357648434673797,17.997249538656103,20.314032703952538,-7.232562723031765,16.577898947045494,19.076712850151388,-9.287491895869113,19.184347809036623,21.348493151343085,4.365842624474855,0.6110344312231973,0.6510339146758706,0.3583878477072176,19.076712850151388
160,13.4972929405446,16.131132148382115,3.050400766483089,-8.357648434673797,17.997249538656103,20.174326077500776,-7.232562723031765,16.577898947045494,18.937085547414064,-9.287491895869113,19.184347809036623,21.208801224745958,4.365834060888236,0.6110344312231973,0.6510339146758706,0.3583878477072176,18.937085547414064
161,13.358152527915989,16.14369405245222,3.0503896514408915,-8.357648434673797,17.997249538656103,20.03461975409636,-7.232562723031765,16.577898947045494,18.797460006144927,-9.287491895869113,19.184347809036623,21.06910929136848,4.365825836515504,0.6110344312231973,0.6510339146758706,0.3583878477072176,18.797460006144927
162,13.21901236773011,16.156256820109203,3.050378016575666,-8.357648434673797,17.997249538656103,19.89491350927134,-7.232562723031765,16.577898947045494,18.65783564877607,-9.287491895869113,19.184347809036623,20.929418005633366,4.365818384503871,0.6110344312231973,0.6510339146758706,0.3583878477072176,18.65783564877607
163,13.079872479064036,16.1688208918912,3.050365760445669,-8.357648434673797,17.997249538656103,19.755207295614532,-7.232562723031765,16.577898947045494,18.518212433005708,-9.287491895869113,19.184347809036623,20.789727423815222,4.365811857165674,0.6110344312231973,0.6510339146758706,0.3583878477072176,18.518212433005708
164,12.940732828032012,16.18138612412746,3.0503537531700053,-8.357648434673797,17.997249538656103,19.61550130464904,-7.232562723031765,16.577898947045494,18.378590960213405,-9.287491895869113,19.184347809036623,20.650036843715007,4.365806217550856,0.6110344312231973,0.6510339146758706,0.3583878477072176,18.378590960213405
165,12.801593399737515,16.193952560110283,3.0503414929014068,-8.357648434673797,17.997249538656103,19.475795396389806,-7.232562723031765,16.577898947045494,18.238970903369506,-9.287491895869113,19.184347809036623,20.510346641963928,4.365801408854317,0.6110344312231973,0.6510339146758706,0.3583878477072176,18.238970903369506
166,12.662454213552246,16.20652064650537,3.0503291782093873,-8.357648434673797,17.997249538656103,19.336089595861885,-7.232562723031765,16.577898947045494,18.099352428147274,-9.287491895869113,19.184347809036623,20.37065663879836,4.365797574597431,0.6110344312231973,0.6510339146758706,0.3583878477072176,18.099352428147274
167,12.523315202685316,16.219089877162023,3.0503175549752037,-8.357648434673797,17.997249538656103,19.19638406690543,-7.232562723031765,16.577898947045494,17.9597360384759,-9.287491895869113,19.184347809036623,20.230966233306408,4.365794593061798,0.6110344312231973,0.6510339146758706,0.3583878477072176,17.9597360384759
168,12.384176373887595,16.231660526261475,3.050305391661717,-8.357648434673797,17.997249538656103,19.056678491820083,-7.232562723031765,16.577898947045494,17.820120923261765,-9.287491895869113,19.184347809036623,20.09127637402292,4.365792419558708,0.6110344312231973,0.6510339146758706,0.3583878477072176,17.820120923261765
169,12.245037782581079,16.244233429682815,3.050293920548122,-8.357648434673797,17.997249538656103,18.916973144792202,-7.232562723031765,16.577898947045494,17.680507971308792,-9.287491895869113,19.184347809036623,19.9515860664137,4.365791231317051,0.6110344312231973,0.6510339146758706,0.3583878477072176,17.680507971308792
170,12.10589938331882,16.256808252402422,3.0502858145787766,-8.357648434673797,17.997249538656103,18.777268662533995,-7.232562723031765,16.577898947045494,17.54089901013036,-9.287491895869113,19.184347809036623,19.811893200900546,4.3657907256071935,0.6110344312231973,0.6510339146758706,0.3583878477072176,17.54089901013036
171,11.966761080033647,16.269384026179196,3.0502805941009234,-8.357648434673797,17.997249538656103,18.63756492781744,-7.232562723031765,16.577898947045494,17.401293702591182,-9.287491895869113,19.184347809036623,19.67219815735065,4.365790534931691,0.6110344312231973,0.6510339146758706,0.3583878477072176,17.401293702591182
172,11.827622858550853,16.28196072601022,3.050276427140968,-8.357648434673797,17.997249538656103,18.497861485426746,-7.232562723031765,16.577898947045494,17.26169082836682,-9.287491895869113,19.184347809036623,19.532502365090906,4.3657908450947165,0.6110344312231973,0.6510339146758706,0.3583878477072176,17.26169082836682
173,11.688484640250868,16.294537650844628,3.0502731644262857,-8.357648434673797,17.997249538656103,18.358158289732412,-7.232562723031765,16.577898947045494,17.122090283576227,-9.287491895869113,19.184347809036623,19.392805935034968,4.36579167401204,0.6110344312231973,0.6510339146758706,0.3583878477072176,17.122090283576227
174,11.549346431606033,16.307114993836816,3.050269314450079,-8.357648434673797,17.997249538656103,18.218454967170658,-7.232562723031765,16.577898947045494,16.982491095541285,-9.287491895869113,19.184347809036623,19.253110027282194,4.365792930501161,0.6110344312231973,0.6510339146758706,0.3583878477072176,16.982491095541285
175,11.410208216639264,16.319692689871587,3.050265114438007,-8.357648434673797,17.997249538656103,18.078751566696337,-7.232562723031765,16.577898947045494,16.842893457533975,-9.287491895869113,19.184347809036623,19.113414448017664,4.365794563190097,0.6110344312231973,0.6510339146758706,0.3583878477072176,16.842893457533975
176,11.271070070439428,16.332271613166284,3.050261065703904,-8.357648434673797,17.997249538656103,17.939048201320524,-7.232562723031765,16.577898947045494,16.70329778645663,-9.287491895869113,19.184347809036623,18.973718793194834,4.365796478461524,0.6110344312231973,0.6510339146758706,0.3583878477072176,16.70329778645663
177,11.131931947130619,16.344851256643572,3.0502595295163872,-8.357648434673797,17.997249538656103,17.79934545008706,-7.232562723031765,16.577898947045494,16.563705705054602,-9.287491895869113,19.184347809036623,18.834021217319634,4.365798403569022,0.6110344312231973,0.6510339146758706,0.3583878477072176,16.563705705054602
178,10.992793807518947,16.35743112901214,3.05025964739675,-8.357648434673797,17.997249538656103,17.659643114376113,-7.232562723031765,16.577898947045494,16.4241166633768,-9.287491895869113,19.184347809036623,18.6943224069479,4.365800091723611,0.6110344312231973,0.6510339146758706,0.3583878477072176,16.4241166633768
179,10.853655606307553,16.370010725990674,3.0502601361941757,-8.357648434673797,17.997249538656103,17.519940887184077,-7.232562723031765,16.577898947045494,16.28452982260054,-9.287491895869113,19.184347809036623,18.554623376720347,4.365801682327049,0.6110344312231973,0.6510339146758706,0.3583878477072176,16.28452982260054
180,10.714517391766448,16.382590597379092,3.050260285924398,-8.357648434673797,17.997249538656103,17.38023859165574,-7.232562723031765,16.577898947045494,16.144944776743845,-9.287491895869113,19.184347809036623,18.41492467890676,4.365803359822102,0.6110344312231973,0.6510339146758706,0.3583878477072176,16.144944776743845
181,10.575379068565805,16.395169689897685,3.050260830890936,-8.357648434673797,17.997249538656103,17.240536415321344,-7.232562723031765,16.577898947045494,16.005362030114036,-9.287491895869113,19.184347809036623,18.275225750817334,4.365804888514028,0.6110344312231973,0.6510339146758706,0.3583878477072176,16.005362030114036
182,10.436240711406954,16.407748792146048,3.0502593974170296,-8.357648434673797,17.997249538656103,17.100833778739272,-7.232562723031765,16.577898947045494,15.865780077269639,-9.287491895869113,19.184347809036623,18.13552845114232,4.365806306303127,0.6110344312231973,0.6510339146758706,0.3583878477072176,15.865780077269639
183,10.297102334681085,16.420328061472613,3.050257633663567,-8.357648434673797,17.997249538656103,16.961131083787834,-7.232562723031765,16.577898947045494,15.726200093948473,-9.287491895869113,19.184347809036623,17.995831488512092,4.365807730215661,0.6110344312231973,0.6510339146758706,0.3583878477072176,15.726200093948473
184,10.157963949110174,16.432907540837235,3.050256002354789,-8.357648434673797,17.997249538656103,16.82142845119425,-7.232562723031765,16.577898947045494,15.586622459886307,-9.287491895869113,19.184347809036623,17.85613450920814,4.365808892093923,0.6110344312231973,0.6510339146758706,0.3583878477072176,15.586622459886307
185,10.018825572529805,16.44548735030218,3.050254683483775,-8.357648434673797,17.997249538656103,16.681725932460218,-7.232562723031765,16.577898947045494,15.447047369733694,-9.287491895869113,19.184347809036623,17.716437380663567,4.365809802487396,0.6110344312231973,0.6510339146758706,0.3583878477072176,15.447047369733694
186,9.879687158297905,16.45806691428213,3.050253594776858,-8.357648434673797,17.997249538656103,16.54202351870359,-7.232562723031765,16.577898947045494,15.307474812105331,-9.287491895869113,19.184347809036623,17.576740181758257,4.365810418921842,0.6110344312231973,0.6510339146758706,0.3583878477072176,15.307474812105331
187,9.740548763569032,16.470646819681157,3.050251546454612,-8.357648434673797,17.997249538656103,16.402320920596107,-7.232562723031765,16.577898947045494,15.1679040868775,-9.287491895869113,19.184347809036623,17.437043845101627,4.365810908637699,0.6110344312231973,0.6510339146758706,0.3583878477072176,15.1679040868775
188,9.601410387273646,16.48322703477101,3.0502499162925703,-8.357648434673797,17.997249538656103,16.262618478254375,-7.232562723031765,16.577898947045494,15.028336186517818,-9.287491895869113,19.184347809036623,17.297347296581933,4.365811327406745,0.6110344312231973,0.6510339146758706,0.3583878477072176,15.028336186517818
189,9.462272064948154,16.495807884677095,3.05024918600773,-8.357648434673797,17.997249538656103,16.12291631491526,-7.232562723031765,16.577898947045494,14.888771524376313,-9.287491895869113,19.184347809036623,17.157650164891827,4.365811563599741,0.6110344312231973,0.6510339146758706,0.3583878477072176,14.888771524376313
190,9.323133735636553,16.50838863631063,3.0502500600502906,-8.357648434673797,17.997249538656103,15.98321461581573,-7.232562723031765,16.577898947045494,14.749210614725397,-9.287491895869113,19.184347809036623,17.01795191557006,4.365811526569429,0.6110344312231973,0.6510339146758706,0.3583878477072176,14.749210614725397
191,9.183995389729587,16.52096914068958,3.050250823987049,-8.357648434673797,17.997249538656103,15.843512968651682,-7.232562723031765,16.577898947045494,14.609652385866593,-9.287491895869113,19.184347809036623,16.8782538998287,4.365811285704312,0.6110344312231973,0.6510339146758706,0.3583878477072176,14.609652385866593
192,9.044857053590041,16.533549702119497,3.050251249032246,-8.357648434673797,17.997249538656103,15.703811315778658,-7.232562723031765,16.577898947045494,14.470096778481276,-9.287491895869113,19.184347809036623,16.738556295587,4.365811100666416,0.6110344312231973,0.6510339146758706,0.3583878477072176,14.470096778481276
193,8.905718676042792,16.546129757390126,3.050251702297751,-8.357648434673797,17.997249538656103,15.564109753173524,-7.232562723031765,16.577898947045494,14.33054409348483,-9.287491895869113,19.184347809036623,16.598858825235517,4.365810838112625,0.6110344312231973,0.6510339146758706,0.3583878477072176,14.33054409348483
194,8.766580358500004,16.558710409144613,3.050251465521729,-8.357648434673797,17.997249538656103,15.42440809984077,-7.232562723031765,16.577898947045494,14.190993994039218,-9.287491895869113,19.184347809036623,16.45916204344949,4.365810629200077,0.6110344312231973,0.6510339146758706,0.3583878477072176,14.190993994039218
195,8.627442047805525,16.571291059961922,3.0502531446873364,-8.357648434673797,17.997249538656103,15.284707002423998,-7.232562723031765,16.577898947045494,14.05144827137752,-9.287491895869113,19.184347809036623,16.319463923839503,4.365810373577558,0.6110344312231973,0.6510339146758706,0.3583878477072176,14.05144827137752
196,8.488303714850122,16.583871329993094,3.050255447808662,-8.357648434673797,17.997249538656103,15.145006155036418,-7.232562723031765,16.577898947045494,13.911906145565338,-9.287491895869113,19.184347809036623,16.17976549089771,4.36580986846891,0.6110344312231973,0.6510339146758706,0.3583878477072176,13.911906145565338
197,8.349165391928116,16.59645158737778,3.0502577399837194,-8.357648434673797,17.997249538656103,15.005305400387321,-7.232562723031765,16.577898947045494,13.772367308836447,-9.287491895869113,19.184347809036623,16.040067240060374,4.36580944140511,0.6110344312231973,0.6510339146758706,0.3583878477072176,13.772367308836447
198,8.210027003721,16.609031023852875,3.0502605549635344,-8.357648434673797,17.997249538656103,14.865604876434686,-7.232562723031765,16.577898947045494,13.632832172050803,-9.287491895869113,19.184347809036623,15.900368765919856,4.365809003771594,0.6110344312231973,0.6510339146758706,0.3583878477072176,13.632832172050803
199,8.070888540653879,16.621609552837764,3.050261510730384,-8.357648434673797,17.997249538656103,14.725903999384421,-7.232562723031765,16.577898947045494,13.493299261462855,-9.287491895869113,19.184347809036623,15.760671933328526,4.365808552576557,0.6110344312231973,0.6510339146758706,0.3583878477072176,13.493299261462855
200,7.931750080524645,16.634188096767616,3.050260237210005,-8.357648434673797,17.997249538656103,14.586202666868322,-7.232562723031765,16.577898947045494,13.353768487812928,-9.287491895869113,19.184347809036623,15.620977018433841,4.365808392882353,0.6110344312231973,0.6510339146758706,0.3583878477072176,13.353768487812928
201,7.792611649557296,16.646766968101673,3.0502589579988033,-8.357648434673797,17.997249538656103,14.446501423247007,-7.232562723031765,16.577898947045494,13.214241446988767,-9.287491895869113,19.184347809036623,15.481282282898569,4.365808385246702,0.6110344312231973,0.6510339146758706,0.3583878477072176,13.214241446988767
202,7.6534732398015155,16.659346032503365,3.0502584629005747,-8.357648434673797,17.997249538656103,14.30680047101721,-7.232562723031765,16.577898947045494,13.074718774185445,-9.287491895869113,19.184347809036623,15.34158712086726,4.365808244080701,0.6110344312231973,0.6510339146758706,0.3583878477072176,13.074718774185445
203,7.514334848072106,16.671925223808678,3.0502584547119076,-8.357648434673797,17.997249538656103,14.167099743436076,-7.232562723031765,16.577898947045494,12.9352003962181,-9.287491895869113,19.184347809036623,15.201891773331754,4.3658080133785955,0.6110344312231973,0.6510339146758706,0.3583878477072176,12.9352003962181
204,7.375196441587439,16.684504188297208,3.050258563768983,-8.357648434673797,17.997249538656103,14.027399154795367,-7.232562723031765,16.577898947045494,12.795686180095295,-9.287491895869113,19.184347809036623,15.062196537817663,4.36580777173092,0.6110344312231973,0.6510339146758706,0.3583878477072176,12.795686180095295
205,7.236058044048571,16.69708321339055,3.0502580211275334,-8.357648434673797,17.997249538656103,13.887698513759705,-7.232562723031765,16.577898947045494,12.656175771181804,-9.287491895869113,19.184347809036623,14.922502013770448,4.365807634052738,0.6110344312231973,0.6510339146758706,0.3583878477072176,12.656175771181804
206,7.0969196558737675,16.709662335408755,3.0502574844771746,-8.357648434673797,17.997249538656103,13.747997982426506,-7.232562723031765,16.577898947045494,12.516669740967789,-9.287491895869113,19.184347809036623,14.782807690324548,4.365807616501618,0.6110344312231973,0.6510339146758706,0.3583878477072176,12.516669740967789
207,6.95778131687516,16.722241990696887,3.0502575354445187,-8.357648434673797,17.997249538656103,13.608297704236067,-7.232562723031765,16.577898947045494,12.377168640187858,-9.287491895869113,19.184347809036623,14.643113114722398,4.36580766379836,0.6110344312231973,0.6510339146758706,0.3583878477072176,12.377168640187858
208,6.81864295448306,16.734821363626825,3.0502590292792693,-8.357648434673797,17.997249538656103,13.468597902827593,-7.232562723031765,16.577898947045494,12.237673134248299,-9.287491895869113,19.184347809036623,14.503417638534168,4.365807600353492,0.6110344312231973,0.6510339146758706,0.3583878477072176,12.237673134248299
209,6.679504572615257,16.747400489474327,3.0502600624310943,-8.357648434673797,17.997249538656103,13.328898112126353,-7.232562723031765,16.577898947045494,12.098182147001584,-9.287491895869113,19.184347809036623,14.363722752424518,4.365807482906201,0.6110344312231973,0.6510339146758706,0.3583878477072176,12.098182147001584
210,6.540366184360447,16.75997955800785,3.0502606872193287,-8.357648434673797,17.997249538656103,13.189198342905339,-7.232562723031765,16.577898947045494,11.958695889091137,-9.287491895869113,19.184347809036623,14.224028415501882,4.365807532679064,0.6110344312231973,0.6510339146758706,0.3583878477072176,11.958695889091137
211,6.401227742748751,16.772558072431167,3.050260925689104,-8.357648434673797,17.997249538656103,13.049498607007719,-7.232562723031765,16.577898947045494,11.819214522600197,-9.287491895869113,19.184347809036623,14.084334621820306,4.3658075815623825,0.6110344312231973,0.6510339146758706,0.3583878477072176,11.819214522600197
212,6.26208933609831,16.785137016192028,3.0502599104693537,-8.357648434673797,17.997249538656103,12.909798683559883,-7.232562723031765,16.577898947045494,11.67973773001737,-9.287491895869113,19.184347809036623,13.944642039759913,4.36580775172947,0.6110344312231973,0.6510339146758706,0.3583878477072176,11.67973773001737
213,6.1229509454131446,16.79771618940766,3.050259960245713,-8.357648434673797,17.997249538656103,12.770099152299425,-7.232562723031765,16.577898947045494,11.540267191735238,-9.287491895869113,19.184347809036623,13.804948873287794,4.365807980396986,0.6110344312231973,0.6510339146758706,0.3583878477072176,11.540267191735238
214,5.98381258556253,16.81029570309202,3.0502611159972566,-8.357648434673797,17.997249538656103,12.630400032130323,-7.232562723031765,16.577898947045494,11.400803145929153,-9.287491895869113,19.184347809036623,13.665255102228455,4.36580807018633,0.6110344312231973,0.6510339146758706,0.3583878477072176,11.400803145929153
215,5.844674234009888,16.822875282350704,3.0502639522841943,-8.357648434673797,17.997249538656103,12.490701476036012,-7.232562723031765,16.577898947045494,11.261346157302214,-9.287491895869113,19.184347809036623,13.525560294682698,4.365808080635419,0.6110344312231973,0.6510339146758706,0.3583878477072176,11.261346157302214
216,5.7055358133180025,16.835454059891838,3.0502676738696817,-8.357648434673797,17.997249538656103,12.351003301733812,-7.232562723031765,16.577898947045494,11.121895883224237,-9.287491895869113,19.184347809036623,13.385865091688496,4.365807942549471,0.6110344312231973,0.6510339146758706,0.3583878477072176,11.121895883224237
217,5.566397365431822,16.848032529089274,3.0502705003586006,-8.357648434673797,17.997249538656103,12.211305064491144,-7.232562723031765,16.577898947045494,10.98245144491509,-9.287491895869113,19.184347809036623,13.246170876976022,4.3658079183357845,0.6110344312231973,0.6510339146758706,0.3583878477072176,10.98245144491509
218,5.427258842822859,16.860610214027,3.0502732388204135,-8.357648434673797,17.997249538656103,12.071606970660344,-7.232562723031765,16.577898947045494,10.843013573397677,-9.287491895869113,19.184347809036623,13.106477034563468,4.365807998855472,0.6110344312231973,0.6510339146758706,0.3583878477072176,10.843013573397677
219,5.288120275722743,16.87318745429284,3.0502747528305183,-8.357648434673797,17.997249538656103,11.931908738852488,-7.232562723031765,16.577898947045494,10.70358182661296,-9.287491895869113,19.184347809036623,12.966784451400876,4.36580809897866,0.6110344312231973,0.6510339146758706,0.3583878477072176,10.70358182661296
220,5.14898163901606,16.88576399527582,3.0502751738117366,-8.357648434673797,17.997249538656103,11.79221040772356,-7.232562723031765,16.577898947045494,10.5641565485179,-9.287491895869113,19.184347809036623,12.827093036300171,4.365808228110099,0.6110344312231973,0.6510339146758706,0.3583878477072176,10.5641565485179
221,5.009843016036255,16.898340758053344,3.0502740142067593,-8.357648434673797,17.997249538656103,11.65251185162703,-7.232562723031765,16.577898947045494,10.42473778313893,-9.287491895869113,19.184347809036623,12.687403163824802,4.365808447879362,0.6110344312231973,0.6510339146758706,0.3583878477072176,10.42473778313893
222,4.870704357664836,16.9109172008358,3.0502728074029384,-8.357648434673797,17.997249538656103,11.51281346483382,-7.232562723031765,16.577898947045494,10.285326775650871,-9.287491895869113,19.184347809036623,12.547713661935472,4.365808626240807,0.6110344312231973,0.6510339146758706,0.3583878477072176,10.285326775650871
223,4.731565713285647,16.92349383434439,3.0502701855602337,-8.357648434673797,17.997249538656103,11.373114909701131,-7.232562723031765,16.577898947045494,10.145923023872015,-9.287491895869113,19.184347809036623,12.408025598144226,4.3658087210996515,0.6110344312231973,0.6510339146758706,0.3583878477072176,10.145923023872015
224,4.592427120388542,16.936071081066437,3.0502673266666527,-8.357648434673797,17.997249538656103,11.233416481965444,-7.232562723031765,16.577898947045494,10.00652764285008,-9.287491895869113,19.184347809036623,12.268338062705539,4.365808916034565,0.6110344312231973,0.6510339146758706,0.3583878477072176,10.00652764285008
225,4.453288603957701,16.94864918403385,3.0502657415508616,-8.357648434673797,17.997249538656103,11.093718567657318,-7.232562723031765,16.577898947045494,9.867141960522078,-9.287491895869113,19.184347809036623,12.128649896106177,4.365809074978039,0.6110344312231973,0.6510339146758706,0.3583878477072176,9.867141960522078
226,4.314150091931055,16.961227297511552,3.0502659397466036,-8.357648434673797,17.997249538656103,10.954021316854975,-7.232562723031765,16.577898947045494,9.727766616453906,-9.287491895869113,19.184347809036623,11.988960735048872,4.365809000116681,0.6110344312231973,0.6510339146758706,0.3583878477072176,9.727766616453906
227,4.175011610504115,16.97380569002411,3.050266300858234,-8.357648434673797,17.997249538656103,10.814324331057426,-7.232562723031765,16.577898947045494,9.588401015308085,-9.287491895869113,19.184347809036623,11.849271846883285,4.3658088705542735,0.6110344312231973,0.6510339146758706,0.3583878477072176,9.588401015308085
228,4.035873119686841,16.98638395163822,3.0502674217632144,-8.357648434673797,17.997249538656103,10.674627770836135,-7.232562723031765,16.577898947045494,9.449045920665009,-9.287491895869113,19.184347809036623,11.709582787671106,4.365808806134834,0.6110344312231973,0.6510339146758706,0.3583878477072176,9.449045920665009
229,3.8969093702169797,16.998895501149747,3.0502131045781,-8.357648434673797,17.997249538656103,10.535098115115378,-7.232562723031765,16.577898947045494,9.309842922332875,-9.287491895869113,19.184347809036623,11.57011787381481,4.3602975897282965,0.6110344312231973,0.6510339146758706,0.3583878477072176,9.309842922332875
230,3.757948899044994,17.011402360914957,3.049989455553402,-8.357648434673797,17.997249538656103,10.39552983875621,-7.232562723031765,16.577898947045494,9.170549988562572,-9.287491895869113,19.184347809036623,11.430788123127705,4.3601523774493245,0.6110344312231973,0.6510339146758706,0.3583878477072176,9.170549988562572
231,3.618952808282928,17.02393435955395,3.0496185403390252,-8.357648434673797,17.997249538656103,10.255886843596361,-7.232562723031765,16.577898947045494,9.031143076651984,-9.287491895869113,19.184347809036623,11.291534666919796,4.3612878808818945,0.6110344312231973,0.6510339146758706,0.3583878477072176,9.031143076651984
232,3.479926009254685,17.036512751934833,3.049131186342206,-8.357648434673797,17.997249538656103,10.116179771130499,-7.232562723031765,16.577898947045494,8.891647561428298,-9.287491895869113,19.184347809036623,11.152336415345731,4.3623461961795815,0.6110344312231973,0.6510339146758706,0.3583878477072176,8.891647561428298
233,3.340883888739909,17.049153652448883,3.048547684863895,-8.357648434673797,17.997249538656103,9.976427587509397,-7.232562723031765,16.577898947045494,8.752092898209309,-9.287491895869113,19.184347809036623,11.013191423610925,4.362990775404643,0.6110344312231973,0.6510339146758706,0.3583878477072176,8.752092898209309
234,3.2018414823235775,17.06187014453947,3.0478788315250576,-8.357648434673797,17.997249538656103,9.836646853202193,-7.232562723031765,16.577898947045494,8.612502490854707,-9.287491895869113,19.184347809036623,10.874105087224075,4.363221360990408,0.6110344312231973,0.6510339146758706,0.3583878477072176,8.612502490854707
235,3.062810848132854,17.07467384933071,3.0471291494130837,-8.357648434673797,17.997249538656103,9.696849772891433,-7.232562723031765,16.577898947045494,8.472893111978728,-9.287491895869113,19.184347809036623,10.735084879356348,4.363122922971264,0.6110344312231973,0.6510339146758706,0.3583878477072176,8.472893111978728
236,2.923801145738889,17.087575912872634,3.0462993169462993,-8.357648434673797,17.997249538656103,9.557044799605652,-7.232562723031765,16.577898947045494,8.333276530898567,-9.287491895869113,19.184347809036623,10.596138459644289,4.362781557564037,0.6110344312231973,0.6510339146758706,0.3583878477072176,8.333276530898567
237,2.7848193922811726,17.10058755607953,3.045387687733057,-8.357648434673797,17.997249538656103,9.417237729091953,-7.232562723031765,16.577898947045494,8.193661255708756,-9.287491895869113,19.184347809036623,10.457273205916696,4.362262538532495,0.6110344312231973,0.6510339146758706,0.3583878477072176,8.193661255708756
238,2.645871216848632,17.113720348894475,3.044391183530714,-8.357648434673797,17.997249538656103,9.277432663280317,-7.232562723031765,16.577898947045494,8.054053887947754,-9.287491895869113,19.184347809036623,10.318496258867464,4.361609504856021,0.6110344312231973,0.6510339146758706,0.3583878477072176,8.054053887947754
239,2.50696143832025,17.12698632830973,3.0433058010326914,-8.357648434673797,17.997249538656103,9.137632718149412,-7.232562723031765,16.577898947045494,7.914460066353719,-9.287491895869113,19.184347809036623,10.179814707584184,4.360849321521658,0.6110344312231973,0.6510339146758706,0.3583878477072176,7.914460066353719
240,2.3680944632198475,17.140398039090446,3.0421268918611677,-8.357648434673797,17.997249538656103,8.997840505465629,-7.232562723031765,16.577898947045494,7.774885096521284,-9.287491895869113,19.184347809036623,10.041235781541333,4.359997284893142,0.6110344312231973,0.6510339146758706,0.3583878477072176,7.774885096521284
241,2.229274545665416,17.153968546279796,3.040849314286377,-8.357648434673797,17.997249538656103,8.858058450737447,-7.232562723031765,16.577898947045494,7.635334370824548,-9.287491895869113,19.184347809036623,9.902767010047224,4.359061203278775,0.6110344312231973,0.6510339146758706,0.3583878477072176,7.635334370824548
242,2.0905059536148483,17.167711447691705,3.039467515712907,-8.357648434673797,17.997249538656103,8.718289003910742,-7.232562723031765,16.577898947045494,7.495813660594108,-9.287491895869113,19.184347809036623,9.764416344878825,4.358044228488758,0.6110344312231973,0.6510339146758706,0.3583878477072176,7.495813660594108
243,1.9517930758069357,17.181640900013406,3.0379755802416986,-8.357648434673797,17.997249538656103,8.578534784778869,-7.232562723031765,16.577898947045494,7.35632933750425,-9.287491895869113,19.184347809036623,9.62619225269636,4.356946694411069,0.6110344312231973,0.6510339146758706,0.3583878477072176,7.35632933750425
244,1.8131404930841661,17.19577166227958,3.0363672603319793,-8.357648434673797,17.997249538656103,8.438798691576357,-7.232562723031765,16.577898947045494,7.216888561110484,-9.287491895869113,19.184347809036623,9.488103786022162,4.355767259310855,0.6110344312231973,0.6510339146758706,0.3583878477072176,7.216888561110484
245,1.674553029293688,17.210119154383495,3.0346360023258216,-8.357648434673797,17.997249538656103,8.299083991107832,-7.232562723031765,16.577898947045494,7.077499455455135,-9.287491895869113,19.184347809036623,9.350160640949822,4.354503591231671,0.6110344312231973,0.6510339146758706,0.3583878477072176,7.077499455455135
246,1.5360357910312357,17.224699525182622,3.032774970210485,-8.357648434673797,17.997249538656103,8.159394401894602,-7.232562723031765,16.577898947045494,6.938171288622266,-9.287491895869113,19.184347809036623,9.212373208387037,4.353152766204198,0.6110344312231973,0.6510339146758706,0.3583878477072176,6.938171288622266
247,1.3975942016358345,17.239529723874824,3.0307770690950533,-8.357648434673797,17.997249538656103,8.019734177437336,-7.232562723031765,16.577898947045494,6.798914663730823,-9.287491895869113,19.184347809036623,9.074752624188255,4.351711492076887,0.6110344312231973,0.6510339146758706,0.3583878477072176,6.798914663730823
248,1.259234032461861,17.25462756891855,3.0286349685390896,-8.357648434673797,17.997249538656103,7.88010819403248,-7.232562723031765,16.577898947045494,6.659741726938725,-9.287491895869113,19.184347809036623,8.937310822194235,4.350176230213105,0.6110344312231973,0.6510339146758706,0.3583878477072176,6.659741726938725
249,1.1209614330502102,17.270011810169247,3.0263411254522343,-8.357648434673797,17.997249538656103,7.740522046048753,-7.232562723031765,16.577898947045494,6.520666396704995,-9.287491895869113,19.184347809036623,8.800060593029038,4.348543260189737,0.6110344312231973,0.6510339146758706,0.3583878477072176,6.520666396704995
250,0.982782961027288,17.285702181556562,3.023887806345103,-8.357648434673797,17.997249538656103,7.600982150748448,-7.232562723031765,16.577898947045494,6.381704618196675,-9.287491895869113,19.184347809036623,8.663015650542805,4.346808715147665,0.6110344312231973,0.6510339146758706,0.3583878477072176,6.381704618196675
251,0.844705612131437,17.30171944314854,3.0212671089627463,-8.357648434673797,17.997249538656103,7.461495864346603,-7.232562723031765,16.577898947045494,6.242874646916147,-9.287491895869113,19.184347809036623,8.526190707049203,4.3449686044025935,0.6110344312231973,0.6510339146758706,0.3583878477072176,6.242874646916147
252,0.7067368505408155,17.31808541261822,3.0184709835956176,-8.357648434673797,17.997249538656103,7.322071610860911,-7.232562723031765,16.577898947045494,6.104197366105956,-9.287491895869113,19.184347809036623,8.3896015579912,4.343018833045516,0.6110344312231973,0.6510339146758706,0.3583878477072176,6.104197366105956
253,0.5688846395559445,17.3348229868659,3.0154912545485413,-8.357648434673797,17.997249538656103,7.182719025307905,-7.232562723031765,16.577898947045494,5.9656966431207135,-9.287491895869113,19.184347809036623,8.253265176360271,4.340955224023137,0.6110344312231973,0.6510339146758706,0.3583878477072176,5.9656966431207135
254,0.4311574726171833,17.35195615488013,3.012319642325076,-8.357648434673797,17.997249538656103,7.043345101135061,-7.232562723031765,16.577898947045494,5.827399730678651,-9.287491895869113,19.184347809036623,8.11719981705922,4.338773545605959,0.6110344312231973,0.6510339146758706,0.3583878477072176,5.827399730678651
255,0.2935644045822382,17.369510002929808,3.0089477870608894,-8.357648434673797,17.997249538656103,6.902007742207174,-7.232562723031765,16.577898947045494,5.689337719710347,-9.287491895869113,19.184347809036623,7.980782583650366,4.336469545600836,0.6110344312231973,0.6510339146758706,0.3583878477072176,5.689337719710347
256,0.15611508313811595,17.387510712979907,3.0053672736430066,-8.357648434673797,17.997249538656103,6.760591032458732,-7.232562723031765,16.577898947045494,5.551546051431022,-9.287491895869113,19.184347809036623,7.843066946300535,4.334038992752192,0.6110344312231973,0.6510339146758706,0.3583878477072176,5.551546051431022
257,0.018819780171761336,17.405985554924886,3.0015696588159226,-8.357648434673797,17.997249538656103,6.619098345495178,-7.232562723031765,16.577898947045494,5.414065097312672,-9.287491895869113,19.184347809036623,7.705501796633177,4.331477725252793,0.6110344312231973,0.6510339146758706,0.3583878477072176,5.414065097312672
258,-0.11831057712538273,17.424962872923746,2.9975465004311728,-8.357648434673797,17.997249538656103,6.4775344565046495,-7.232562723031765,16.577898947045494,5.276940816863024,-9.287491895869113,19.184347809036623,7.568100720755463,4.328781705993085,0.6110344312231973,0.6510339146758706,0.3583878477072176,5.276940816863024
259,-0.2552611822257078,17.444472421025793,2.993289800411268,-8.357648434673797,17.997249538656103,6.3359091675918515,-7.232562723031765,16.577898947045494,5.140228856295497,-9.287491895869113,19.184347809036623,7.430881770780552,4.325852624778383,0.6110344312231973,0.6510339146758706,0.3583878477072176,5.140228856295497
260,-0.3920043382822178,17.464546015521773,2.9887930290837903,-8.357648434673797,17.997249538656103,6.194247042599392,-7.232562723031765,16.577898947045494,5.004004676513172,-9.287491895869113,19.184347809036623,7.293876100463186,4.322325895858308,0.6110344312231973,0.6510339146758706,0.3583878477072176,5.004004676513172
261,-0.5285191408999756,17.48521457107552,2.9840482097801995,-8.357648434673797,17.997249538656103,6.0525663984693905,-7.232562723031765,16.577898947045494,4.868343572289863,-9.287491895869113,19.184347809036623,7.1571099147827795,4.318415780668149,0.6110344312231973,0.6510339146758706,0.3583878477072176,4.868343572289863
262,-0.6647885801430842,17.50650970120871,2.979047050620981,-8.357648434673797,17.997249538656103,5.910883048871849,-7.232562723031765,16.577898947045494,4.733325192166369,-9.287491895869113,19.184347809036623,7.020606979264789,4.314258307081711,0.6110344312231973,0.6510339146758706,0.3583878477072176,4.733325192166369
263,-0.80079555870053,17.528463696278088,2.973784537020697,-8.357648434673797,17.997249538656103,5.769217168092244,-7.232562723031765,16.577898947045494,4.599039622964176,-9.287491895869113,19.184347809036623,6.8843916826787455,4.30986559507113,0.6110344312231973,0.6510339146758706,0.3583878477072176,4.599039622964176
264,-0.9365224787203132,17.55110459362379,2.9682558155908962,-8.357648434673797,17.997249538656103,5.627592328436109,-7.232562723031765,16.577898947045494,4.4655874573409635,-9.287491895869113,19.184347809036623,6.748491202126523,4.305210961959072,0.6110344312231973,0.6510339146758706,0.3583878477072176,4.4655874573409635
265,-1.0719520574062287,17.57446392312594,2.9624545196989494,-8.357648434673797,17.997249538656103,5.4860325858131365,-7.232562723031765,16.577898947045494,4.3330809439219475,-9.287491895869113,19.184347809036623,6.612934212688147,4.300344803384185,0.6110344312231973,0.6510339146758706,0.3583878477072176,4.3330809439219475
266,-1.2070683467842052,17.598571447936077,2.956372078202976,-8.357648434673797,17.997249538656103,5.344562317300136,-7.232562723031765,16.577898947045494,4.201644296747043,-9.287491895869113,19.184347809036623,6.477751278551762,4.295317119948466,0.6110344312231973,0.6510339146758706,0.3583878477072176,4.201644296747043
267,-1.3418547279976227,17.623459766195754,2.950001255289914,-8.357648434673797,17.997249538656103,5.20321052038062,-7.232562723031765,16.577898947045494,4.0714190861873245,-9.287491895869113,19.184347809036623,6.342511656197614,4.290143854967042,0.6110344312231973,0.6510339146758706,0.3583878477072176,4.0714190861873245
268,-1.4762937698823282,17.6491631046103,2.9433357379899476,-8.357648434673797,17.997249538656103,5.062011338897956,-7.232562723031765,16.577898947045494,3.942566422692833,-9.287491895869113,19.184347809036623,6.203781589025964,4.284832494320291,0.6110344312231973,0.6510339146758706,0.3583878477072176,3.942566422692833
269,-1.6103672510875822,17.675716343574038,2.9363697138888356,-8.357648434673797,17.997249538656103,4.9210044921494225,-7.232562723031765,16.577898947045494,3.815269335679602,-9.287491895869113,19.184347809036623,6.06521489912701,4.279387334601654,0.6110344312231973,0.6510339146758706,0.3583878477072176,3.815269335679602
270,-1.7440691957568546,17.703158774829554,2.9291000562650544,-8.357648434673797,17.997249538656103,4.780223899410139,-7.232562723031765,16.577898947045494,3.6897236743006667,-9.287491895869113,19.184347809036623,5.926824801130847,4.2742242757087245,0.6110344312231973,0.6510339146758706,0.3583878477072176,3.6897236743006667
271,-1.8773974439147503,17.731530256850537,2.921523813626818,-8.357648434673797,17.997249538656103,4.639705681728505,-7.232562723031765,16.577898947045494,3.5661490542855696,-9.287491895869113,19.184347809036623,5.788623373100603,4.269488519725203,0.6110344312231973,0.6510339146758706,0.3583878477072176,3.5661490542855696
272,-2.010349850221123,17.760870264794505,2.9136382021077125,-8.357648434673797,17.997249538656103,4.499493020860913,-7.232562723031765,16.577898947045494,3.444796279731032,-9.287491895869113,19.184347809036623,5.650625837292205,4.265201408763622,0.6110344312231973,0.6510339146758706,0.3583878477072176,3.444796279731032
273,-2.14292396171318,17.79121844812482,2.9054409513105046,-8.357648434673797,17.997249538656103,4.359637738192615,-7.232562723031765,16.577898947045494,3.325951961405291,-9.287491895869113,19.184347809036623,5.512851240362889,4.261385426062263,0.6110344312231973,0.6510339146758706,0.3583878477072176,3.325951961405291
274,-2.2751168804448967,17.82261485642027,2.896930539868964,-8.357648434673797,17.997249538656103,4.220201847410663,-7.232562723031765,16.577898947045494,3.2099431913773997,-9.287491895869113,19.184347809036623,5.3753230328746255,4.25806128184256,0.6110344312231973,0.6510339146758706,0.3583878477072176,3.2099431913773997
275,-2.406925189258309,17.85509992724449,2.8881062891119518,-8.357648434673797,17.997249538656103,4.081259218844197,-7.232562723031765,16.577898947045494,3.0971423159411153,-9.287491895869113,19.184347809036623,5.23806965541425,4.255248217737115,0.6110344312231973,0.6510339146758706,0.3583878477072176,3.0971423159411153
276,-2.538362322481276,17.888721161020875,2.87896807865715,-8.357648434673797,17.997249538656103,3.9428793505183473,-7.232562723031765,16.577898947045494,2.9879578621733756,-9.287491895869113,19.184347809036623,5.10016327701817,4.253548273128618,0.6110344312231973,0.6510339146758706,0.3583878477072176,2.9879578621733756
277,-2.6694211469804285,17.923518352370795,2.8695187626342236,-8.357648434673797,17.997249538656103,3.805169397839618,-7.232562723031765,16.577898947045494,2.882869047523272,-9.287491895869113,19.184347809036623,4.9569416447239885,4.252302780906241,0.6110344312231973,0.6510339146758706,0.3583878477072176,2.882869047523272
278,-2.8000916736254133,17.959531187489127,2.8597607463199015,-8.357648434673797,17.997249538656103,3.668256594945593,-7.232562723031765,16.577898947045494,2.7824154063334428,-9.287491895869113,19.184347809036623,4.813649821195179,4.251465576379511,0.6110344312231973,0.6510339146758706,0.3583878477072176,2.7824154063334428
279,-2.93029231790732,17.99678726195372,2.849694968394015,-8.357648434673797,17.997249538656103,3.5323605943323497,-7.232562723031765,16.577898947045494,2.687256039158484,-9.287491895869113,19.184347809036623,4.670390444780675,4.248909605347468,0.6110344312231973,0.6510339146758706,0.3583878477072176,2.687256039158484
280,-3.0599604986998465,18.035307957718786,2.8393185684374016,-8.357648434673797,17.997249538656103,3.3977056873552933,-7.232562723031765,16.577898947045494,2.598086643220257,-9.287491895869113,19.184347809036623,4.527252706110819,4.245159156400149,0.6110344312231973,0.6510339146758706,0.3583878477072176,2.598086643220257
281,-3.189044632904626,18.075116089518737,2.8286297048254148,-8.357648434673797,17.997249538656103,3.264534513191551,-7.232562723031765,16.577898947045494,2.5156433472535884,-9.287491895869113,19.184347809036623,4.384322569976452,4.240572160204602,0.6110344312231973,0.6510339146758706,0.3583878477072176,2.5156433472535884
282,-3.3175009376541817,18.11623155745703,2.817626284393557,-8.357648434673797,17.997249538656103,3.1331162205923184,-7.232562723031765,16.577898947045494,2.4406951525558553,-9.287491895869113,19.184347809036623,4.241687288131174,4.235367775231627,0.6110344312231973,0.6510339146758706,0.3583878477072176,2.4406951525558553
283,-3.4452897163247997,18.158676396300915,2.806308181474639,-8.357648434673797,17.997249538656103,3.00375650922054,-7.232562723031765,16.577898947045494,2.3740322297603664,-9.287491895869113,19.184347809036623,4.09944038152259,4.229710372449869,0.6110344312231973,0.6510339146758706,0.3583878477072176,2.3740322297603664
284,-3.5723736386959772,18.202475795284595,2.7946777497868034,-8.357648434673797,17.997249538656103,2.8768062956557063,-7.232562723031765,16.577898947045494,2.316444562553416,-9.287491895869113,19.184347809036623,3.957684774849402,4.223731434573954,0.6110344312231973,0.6510339146758706,0.3583878477072176,2.316444562553416
285,-3.6987173161636306,18.247655566951835,2.7827388289619437,-8.357648434673797,17.997249538656103,2.752669923822687,-7.232562723031765,16.577898947045494,2.26869180532324,-9.287491895869113,19.184347809036623,3.8165349868204013,4.217527102650317,0.6110344312231973,0.6510339146758706,0.3583878477072176,2.26869180532324
286,-3.824286738642646,18.294241242483416,2.7704963895480783,-8.357648434673797,17.997249538656103,2.631814670797109,-7.232562723031765,16.577898947045494,2.2314676885619193,-9.287491895869113,19.184347809036623,3.676119846366805,4.211169456731409,0.6110344312231973,0.6510339146758706,0.3583878477072176,2.2314676885619193
287,-3.9490497826308584,18.342253718178416,2.7579546763073504,-8.357648434673797,17.997249538656103,2.514779938016222,-7.232562723031765,16.577898947045494,2.205360095799076,-9.287491895869113,19.184347809036623,3.5365847429851507,4.2046913813245945,0.6110344312231973,0.6510339146758706,0.3583878477072176,2.205360095799076
288,-4.072975608426553,18.391709752370197,2.7451173592887916,-8.357648434673797,17.997249538656103,2.4021882804932306,-7.232562723031765,16.577898947045494,2.1908139903610744,-9.287491895869113,19.184347809036623,3.398095476795677,4.198108941670553,0.6110344312231973,0.6510339146758706,0.3583878477072176,2.1908139903610744
289,-4.1960323745022245,18.442630037087007,2.7319910195986443,-8.357648434673797,17.997249538656103,2.294757878907245,-7.232562723031765,16.577898947045494,2.188102418278748,-9.287491895869113,19.184347809036623,3.2608440989021847,4.191476853247403,0.6110344312231973,0.6510339146758706,0.3583878477072176,2.188102418278748
290,-4.318188582946657,18.4950355396293,2.7185836654447937,-8.357648434673797,17.997249538656103,2.193309009264197,-7.232562723031765,16.577898947045494,2.1973045265173847,-9.287491895869113,19.184347809036623,3.12505229169512,4.184845339943437,0.6110344312231973,0.6510339146758706,0.3583878477072176,2.188102418278748
291,-4.43941338666686,18.54894651352195,2.704904300058954,-8.357648434673797,17.997249538656103,2.098767613764895,-7.232562723031765,16.577898947045494,2.218299777419789,-9.287491895869113,19.184347809036623,2.9909766528290076,4.178261278400597,0.6110344312231973,0.6510339146758706,0.3583878477072176,2.098767613764895
292,-4.559676656253824,18.604382196334914,2.6909627747612137,-8.357648434673797,17.997249538656103,2.0121618422065426,-7.232562723031765,16.577898947045494,2.2507782593716534,-9.287491895869113,19.184347809036623,2.858915336093537,4.171769211513633,0.6110344312231973,0.6510339146758706,0.3583878477072176,2.0121618422065426
293,-4.678949007778419,18.66136069983349,2.6767697248890823,-8.357648434673797,17.997249538656103,1.9346072036661808,-7.232562723031765,16.577898947045494,2.2942649644513233,-9.287491895869113,19.184347809036623,2.7292160443254847,4.165412264827797,0.6110344312231973,0.6510339146758706,0.3583878477072176,1.9346072036661808
294,-4.7972018326326005,18.71989896630702,2.6623365338780505,-8.357648434673797,17.997249538656103,1.8672757493792733,-7.232562723031765,16.577898947045494,2.3481538485473172,-9.287491895869113,19.184347809036623,2.602285500420366,4.159232753672183,0.6110344312231973,0.6510339146758706,0.3583878477072176,1.8672757493792733
295,-4.914407333251891,18.780012753039315,2.647675307989855,-8.357648434673797,17.997249538656103,1.8113455928636928,-7.232562723031765,16.577898947045494,2.4117464778632,-9.287491895869113,19.184347809036623,2.4786004948867255,4.153272473970722,0.6110344312231973,0.6510339146758706,0.3583878477072176,1.8113455928636928
296,-5.030538561144656,18.84171662944742,2.63279885445526,-8.357648434673797,17.997249538656103,1.767929992358819,-7.232562723031765,16.577898947045494,2.4842903149375344,-9.287491895869113,19.184347809036623,2.3587204702839637,4.147572729569793,0.6110344312231973,0.6510339146758706,0.3583878477072176,1.767929992358819
297,-5.145569453298888,18.905023978409304,2.617720659263538,-8.357648434673797,17.997249538656103,1.7379905758469454,-7.232562723031765,16.577898947045494,2.565012878254732,-9.287491895869113,19.184347809036623,2.243301319678279,4.142174160017948,0.6110344312231973,0.6510339146758706,0.3583878477072176,1.7379905758469454
298,-5.259474864131706,18.969946996418507,2.602454862428786,-8.357648434673797,17.997249538656103,1.7222461929524517,-7.232562723031765,16.577898947045494,2.6531495746127285,-9.287491895869113,19.184347809036623,2.133109575011974,4.137116428887776,0.6110344312231973,0.6510339146758706,0.3583878477072176,1.7222461929524517
299,-5.372230591338287,19.036496689154674,2.587016229525793,-8.357648434673797,17.997249538656103,1.721094670449707,-7.232562723031765,16.577898947045494,2.7479644671780323,-9.287491895869113,19.184347809036623,2.029035348228224,4.132437824386301,0.6110344312231973,0.6510339146758706,0.3583878477072176,1.721094670449707
300,-5.483813394995835,19.104682860463278,2.5714201189352135,-8.357648434673797,17.997249538656103,1.734565796094167,-7.232562723031765,16.577898947045494,2.8487643250889225,-9.287491895869113,19.184347809036623,1.9321011807187756,4.128174814628285,0.6110344312231973,0.6510339146758706,0.3583878477072176,1.721094670449707
301,-5.594201010055839,19.17451409375509,2.555682444668902,-8.357648434673797,17.997249538656103,1.7623179154022792,-7.232562723031765,16.577898947045494,2.954906932837137,-9.287491895869113,19.184347809036623,1.8434623621709412,4.124361590869193,0.6110344312231973,0.6510339146758706,0.3583878477072176,1.721094670449707
302,-5.703372152941766,19.245997725543997,2.539819634912315,-8.357648434673797,17.997249538656103,1.8036790943474168,-7.232562723031765,16.577898947045494,3.0658048866980967,-9.287491895869113,19.184347809036623,1.764392546515411,4.121029623813601,0.6110344312231973,0.6510339146758706,0.3583878477072176,1.721094670449707
303,-5.811306523391956,19.31913981131361,2.52384858656362,-8.357648434673797,17.997249538656103,1.8577219224598174,-7.232562723031765,16.577898947045494,3.180926092488264,-9.287491895869113,19.184347809036623,1.6962473288264759,4.118207251122771,0.6110344312231973,0.6510339146758706,0.3583878477072176,1.6962473288264759
304,-5.917984802974546,19.39394508421097,2.50778661610752,-8.357648434673797,17.997249538656103,1.923354056522854,-7.232562723031765,16.577898947045494,3.299792021933376,-9.287491895869113,19.184347809036623,1.6403991827933284,4.115919308553107,0.6110344312231973,0.6510339146758706,0.3583878477072176,1.6403991827933284
305,-6.0214679706559435,19.469076777898124,2.4926201162656763,-8.357648434673797,17.997249538656103,1.996713902844859,-7.232562723031765,16.577898947045494,3.418616624946431,-9.287491895869113,19.184347809036623,1.597959567069496,4.038479455488802,0.6110344312231973,0.6510339146758706,0.3583878477072176,1.597959567069496
306,-6.12264405288261,19.54594465078562,2.4815434840383137,-8.357648434673797,17.997249538656103,2.071433378935652,-7.232562723031765,16.577898947045494,3.5331520190292305,-9.287491895869113,19.184347809036623,1.5645691493230542,3.997401286745838,0.6110344312231973,0.6510339146758706,0.3583878477072176,1.5645691493230542
307,-6.2215717281859,19.624038212149653,2.4745853850957826,-8.357648434673797,17.997249538656103,2.145924407266338,-7.232562723031765,16.577898947045494,3.642855706649719,-9.287491895869113,19.184347809036623,1.538990558797126,3.953548330139693,0.6110344312231973,0.6510339146758706,0.3583878477072176,1.538990558797126
308,-6.318091775076278,19.702001774362582,2.471999752891163,-8.357648434673797,17.997249538656103,2.217579718702737,-7.232562723031765,16.577898947045494,3.7459575260229676,-9.287491895869113,19.184347809036623,1.519092772999166,3.883663073685364,0.6110344312231973,0.6510339146758706,0.3583878477072176,1.519092772999166
309,-6.412804410235747,19.779456415827575,2.473163900316018,-8.357648434673797,17.997249538656103,2.28651098515615,-7.232562723031765,16.577898947045494,3.843290170843206,-9.287491895869113,19.184347809036623,1.5040276515628135,3.82589226995774,0.6110344312231973,0.6510339146758706,0.3583878477072176,1.5040276515628135
310,-6.50649606984668,19.856313868152572,2.477398575905261,-8.357648434673797,17.997249538656103,2.3534133896469163,-7.232562723031765,16.577898947045494,3.9360948574481593,-9.287491895869113,19.184347809036623,1.4934712421747425,3.78897494531227,0.6110344312231973,0.6510339146758706,0.3583878477072176,1.4934712421747425
311,-6.599851965626287,19.932519654553296,2.484138358678583,-8.357648434673797,17.997249538656103,2.4189638076285607,-7.232562723031765,16.577898947045494,4.02542888505841,-9.287491895869113,19.184347809036623,1.487356527358023,3.769665083977166,0.6110344312231973,0.6510339146758706,0.3583878477072176,1.487356527358023
312,-6.693569042545178,20.008193044055268,2.492775855090159,-8.357648434673797,17.997249538656103,2.4842033672121335,-7.232562723031765,16.577898947045494,4.112592271425768,-9.287491895869113,19.184347809036623,1.4861225739120978,3.770203078552483,0.6110344312231973,0.6510339146758706,0.3583878477072176,1.4861225739120978
313,-6.788005334138651,20.08331713601554,2.5030081191436504,-8.357648434673797,17.997249538656103,2.5495400513795423,-7.232562723031765,16.577898947045494,4.198166071245631,-9.287491895869113,19.184347809036623,1.4899388238858615,3.779699117431678,0.6110344312231973,0.6510339146758706,0.3583878477072176,1.4861225739120978
314,-6.883368762205202,20.157730871721192,2.51467374978551,-8.357648434673797,17.997249538656103,2.615010910420618,-7.232562723031765,16.577898947045494,4.282324914761686,-9.287491895869113,19.184347809036623,1.4987195107960882,3.792146858933325,0.6110344312231973,0.6510339146758706,0.3583878477072176,1.4861225739120978
315,-6.9801041440201494,20.23136272965362,2.5272667891411755,-8.357648434673797,17.997249538656103,2.681423556521607,-7.232562723031765,16.577898947045494,4.36596906032946,-9.287491895869113,19.184347809036623,1.513064330113159,3.8139769885181423,0.6110344312231973,0.6510339146758706,0.3583878477072176,1.4861225739120978
316,-7.078533672081258,20.304147020424296,2.5403881561989428,-8.357648434673797,17.997249538656103,2.7494139130716504,-7.232562723031765,16.577898947045494,4.449803724486398,-9.287491895869113,19.184347809036623,1.5334952578384011,3.8424451209646566,0.6110344312231973,0.6510339146758706,0.3583878477072176,1.4861225739120978
317,-7.178801530295747,20.376000403571105,2.5538361614417897,-8.357648434673797,17.997249538656103,2.8192374271979723,-7.232562723031765,16.577898947045494,4.53414788229982,-9.287491895869113,19.184347809036623,1.560198864447227,3.873495422668902,0.6110344312231973,0.6510339146758706,0.3583878477072176,1.4861225739120978
318,-7.2809633765075334,20.446833180475334,2.567495355611291,-8.357648434673797,17.997249538656103,2.8909818443616775,-7.232562723031765,16.577898947045494,4.619149063486256,-9.287491895869113,19.184347809036623,1.5931692597563916,3.905153244320139,0.6110344312231973,0.6510339146758706,0.3583878477072176,1.4861225739120978
319,-7.38504341130812,20.516562370078937,2.5812856220963916,-8.357648434673797,17.997249538656103,2.964676968722337,-7.232562723031765,16.577898947045494,4.704895448476226,-9.287491895869113,19.184347809036623,1.6322927002074432,3.936918214028944,0.6110344312231973,0.6510339146758706,0.3583878477072176,1.4861225739120978
320,-7.491049094073566,20.585116732251393,2.5951454481674507,-8.357648434673797,17.997249538656103,3.0403305471023514,-7.232562723031765,16.577898947045494,4.791451518233328,-9.287491895869113,19.184347809036623,1.677386820623638,3.9686503678627045,0.6110344312231973,0.6510339146758706,0.3583878477072176,1.4861225739120978
321,-7.598980888097195,20.652439992537726,2.6090205186178452,-8.357648434673797,17.997249538656103,3.1179526774078625,-7.232562723031765,16.577898947045494,4.878882136134338,-9.287491895869113,19.184347809036623,1.7282350004449827,4.0004338037630705,0.6110344312231973,0.6510339146758706,0.3583878477072176,1.4861225739120978
322,-7.70883203282181,20.718490401179587,2.6228655513555035,-8.357648434673797,17.997249538656103,3.197551345930603,-7.232562723031765,16.577898947045494,4.967248377956846,-9.287491895869113,19.184347809036623,1.7845935921067049,4.0323177384915345,0.6110344312231973,0.6510339146758706,0.3583878477072176,1.4861225739120978
323,-7.820589340466652,20.783239837516838,2.6366448531957403,-8.357648434673797,17.997249538656103,3.279130143154862,-7.232562723031765,16.577898947045494,5.056605438926892,-9.287491895869113,19.184347809036623,1.8462002423170452,4.06433465508272,0.6110344312231973,0.6510339146758706,0.3583878477072176,1.4861225739120978
324,-7.934236488690779,20.846672845650403,2.650329111386118,-8.357648434673797,17.997249538656103,3.362693331423394,-7.232562723031765,16.577898947045494,5.147007683100564,-9.287491895869113,19.184347809036623,1.9127883108408577,4.096555752296505,0.6110344312231973,0.6510339146758706,0.3583878477072176,1.4861225739120978
325,-8.049755922414684,20.908784845170533,2.6638938056205945,-8.357648434673797,17.997249538656103,3.4482471374299988,-7.232562723031765,16.577898947045494,5.144103367198917,-9.287491895869113,19.184347809036623,1.984095835481995,4.129057376481163,0.6110344312231973,0.6510339146758706,0.3583878477072176,1.4861225739120978
326,-8.167121717197613,20.96957083987019,2.6773249304906424,-8.357648434673797,17.997249538656103,3.535776771864152,-7.232562723031765,16.577898947045494,5.10123444888486,-9.287491895869113,19.184347809036623,2.0598480707920097,4.16160514827571,0.6110344312231973,0.6510339146758706,0.3583878477072176,1.4861225739120978
327,-8.286082936864673,21.028877838951384,2.690529431280543,-8.357648434673797,17.997249538656103,3.6251524120633047,-7.232562723031765,16.577898947045494,5.061240365004737,-9.287491895869113,19.184347809036623,2.13968721601432,4.185825281913895,0.6110344312231973,0.6510339146758706,0.3583878477072176,1.4861225739120978
328,-8.406420195393757,21.086651813033658,2.7034716400112293,-8.357648434673797,17.997249538656103,3.7162394821687674,-7.232562723031765,16.577898947045494,5.024477675456279,-9.287491895869113,19.184347809036623,2.223245959031647,4.203901207406259,0.6110344312231973,0.6510339146758706,0.3583878477072176,1.4861225739120978
329,-8.527990428340908,21.142874246058426,2.71613086498178,-8.357648434673797,17.997249538656103,3.808939553543329,-7.232562723031765,16.577898947045494,4.991227794276558,-9.287491895869113,19.184347809036623,2.3101976725919164,4.218380010644999,0.6110344312231973,0.6510339146758706,0.3583878477072176,1.4861225739120978
330,-8.65070485809631,21.197533546836254,2.7284850466247463,-8.357648434673797,17.997249538656103,3.9031872702648025,-7.232562723031765,16.577898947045494,4.961735421695092,-9.287491895869113,19.184347809036623,2.400263528168718,4.230833789645684,0.6110344312231973,0.6510339146758706,0.3583878477072176,1.4861225739120978
331,-8.77455900952471,21.250533254097906,2.7404734329051363,-8.357648434673797,17.997249538656103,3.998956423956001,-7.232562723031765,16.577898947045494,4.93621917621344,-9.287491895869113,19.184347809036623,2.493221772068814,4.2427665033977915,0.6110344312231973,0.6510339146758706,0.3583878477072176,1.4861225739120978
332,-8.899417983421207,21.30202711896467,2.7521391256259933,-8.357648434673797,17.997249538656103,4.096189558223304,-7.232562723031765,16.577898947045494,4.914865200363899,-9.287491895869113,19.184347809036623,2.5888443349564145,4.2530641712933726,0.6110344312231973,0.6510339146758706,0.3583878477072176,1.4861225739120978
333,-9.025180182147556,21.35211620947462,2.7635052764497425,-8.357648434673797,17.997249538656103,4.091133162291157,-7.232562723031765,16.577898947045494,4.897838114151202,-9.287491895869113,19.184347809036623,2.6869179123851783,4.261963807541407,0.6110344312231973,0.6510339146758706,0.3583878477072176,1.4861225739120978
334,-9.151781167894791,21.400849225170692,2.774570999668064,-8.357648434673797,17.997249538656103,4.022056205388246,-7.232562723031765,16.577898947045494,4.885286423843294,-9.287491895869113,19.184347809036623,2.787259341171079,4.269906546712815,0.6110344312231973,0.6510339146758706,0.3583878477072176,1.4861225739120978
335,-9.279167884845773,21.448265993904325,2.785331558357423,-8.357648434673797,17.997249538656103,3.9576762520845223,-7.232562723031765,16.577898947045494,4.8773341879763645,-9.287491895869113,19.184347809036623,2.8897065161177093,4.277093526174787,0.6110344312231973,0.6510339146758706,0.3583878477072176,1.4861225739120978
336,-9.407214905945773,21.49441290766373,2.795797907710052,-8.357648434673797,17.997249538656103,3.898324893536398,-7.232562723031765,16.577898947045494,4.874061945050299,-9.287491895869113,19.184347809036623,2.994044084461961,4.281048799056136,0.6110344312231973,0.6510339146758706,0.3583878477072176,1.4861225739120978
337,-9.535909037367587,21.539328163189428,2.8059492490685156,-8.357648434673797,17.997249538656103,3.8443542692389334,-7.232562723031765,16.577898947045494,4.875571045317763,-9.287491895869113,19.184347809036623,3.1001833428082795,4.285389934586368,0.6110344312231973,0.6510339146758706,0.3583878477072176,1.4861225739120978
338,-9.665224437496521,21.583050746922986,2.8157804823497568,-8.357648434673797,17.997249538656103,3.7960569089965923,-7.232562723031765,16.577898947045494,4.881903538158164,-9.287491895869113,19.184347809036623,3.208017794188446,4.289777103313879,0.6110344312231973,0.6510339146758706,0.3583878477072176,1.4861225739120978
339,-9.795127737858465,21.625619649400317,2.8252906463500955,-8.357648434673797,17.997249538656103,3.7536945334943863,-7.232562723031765,16.577898947045494,4.893070047726084,-9.287491895869113,19.184347809036623,3.2917385514515374,4.293952258686059,0.6110344312231973,0.6510339146758706,0.3583878477072176,1.4861225739120978
340,-9.925576674455323,21.66706934524537,2.834477528023431,-8.357648434673797,17.997249538656103,3.717504711127381,-7.232562723031765,16.577898947045494,4.9090570732160685,-9.287491895869113,19.184347809036623,3.1955460991418394,4.2976008309649405,0.6110344312231973,0.6510339146758706,0.3583878477072176,1.4861225739120978
341,-10.056528491987336,21.707433253549397,2.8433402497495943,-8.357648434673797,17.997249538656103,3.687686543499305,-7.232562723031765,16.577898947045494,4.929823990909169,-9.287491895869113,19.184347809036623,3.1046236987273286,4.300688000261718,0.6110344312231973,0.6510339146758706,0.3583878477072176,1.4861225739120978
342,-10.187949154664311,21.74674625791789,2.851880035822591,-8.357648434673797,17.997249538656103,3.664394257468149,-7.232562723031765,16.577898947045494,4.955306065649099,-9.287491895869113,19.184347809036623,3.019450685022727,4.303469280950111,0.6110344312231973,0.6510339146758706,0.3583878477072176,1.4861225739120978
343,-10.319810449181023,21.78504313530267,2.860098997088084,-8.357648434673797,17.997249538656103,3.6477384878367953,-7.232562723031765,16.577898947045494,4.985418559981254,-9.287491895869113,19.184347809036623,2.9405114013400424,4.306097485339686,0.6110344312231973,0.6510339146758706,0.3583878477072176,1.4861225739120978
344,-10.452088079875804,21.822358011666555,2.8679998950095795,-8.357648434673797,17.997249538656103,3.637785471645179,-7.232562723031765,16.577898947045494,5.020059294355662,-9.287491895869113,19.184347809036623,2.868289978789426,4.308663097156147,0.6110344312231973,0.6510339146758706,0.3583878477072176,1.4861225739120978
345,-10.584760450620788,21.85872420330201,2.8755860891759264,-8.357648434673797,17.997249538656103,3.6345565762542833,-7.232562723031765,16.577898947045494,5.059111036186421,-9.287491895869113,19.184347809036623,2.8032618709194947,4.311218009343379,0.6110344312231973,0.6510339146758706,0.3583878477072176,1.4861225739120978
346,-10.717807873177899,21.894174231201077,2.8828615134832405,-8.357648434673797,17.997249538656103,3.638028752341979,-7.232562723031765,16.577898947045494,5.102443908548266,-9.287491895869113,19.184347809036623,2.745882868409265,4.313789558258848,0.6110344312231973,0.6510339146758706,0.3583878477072176,1.4861225739120978
347,-10.851212038970813,21.92873991739063,2.8898306536281626,-8.357648434673797,17.997249538656103,3.648136053081298,-7.232562723031765,16.577898947045494,5.14991779110583,-9.287491895869113,19.184347809036623,2.696576089870087,4.316389069838041,0.6110344312231973,0.6510339146758706,0.3583878477072176,1.4861225739120978
348,-10.98495565804619,21.962452513317128,2.896498521059212,-8.357648434673797,17.997249538656103,3.6647721991901747,-7.232562723031765,16.577898947045494,5.201384655059824,-9.287491895869113,19.184347809036623,2.655717636861438,4.319017251056624,0.6110344312231973,0.6510339146758706,0.3583878477072176,1.4861225739120978
349,-11.119022209051993,21.995342830066924,2.902870622273086,-8.357648434673797,17.997249538656103,3.6877940752964244,-7.232562723031765,16.577898947045494,5.256690778251528,-9.287491895869113,19.184347809036623,2.623621887452684,4.3216677489895705,0.6110344312231973,0.6510339146758706,0.3583878477072176,1.4861225739120978
350,-11.253395766781367,22.027441352307086,2.9089529232139433,-8.357648434673797,17.997249538656103,3.71702597835627,-7.232562723031765,16.577898947045494,5.315678797830524,-9.287491895869113,19.184347809036623,2.600527657016166,4.324329623366188,0.6110344312231973,0.6510339146758706,0.3583878477072176,1.4861225739120978
351,-11.388060886328141,22.058778326161573,2.9147518091372304,-8.357648434673797,17.997249538656103,3.752264399011631,-7.232562723031765,16.577898947045494,5.378189570309368,-9.287491895869113,19.184347809036623,2.5865865848387988,4.326989147558936,0.6110344312231973,0.6510339146758706,0.3583878477072176,1.4861225739120978
352,-11.523003024334184,22.089382792214508,2.9202741240177326,-8.357648434673797,17.997249538656103,3.793282055816254,-7.232562723031765,16.577898947045494,5.444062945405376,-9.287491895869113,19.184347809036623,2.5818537659858665,4.329640886078228,0.6110344312231973,0.6510339146758706,0.3583878477072176,1.4861225739120978
353,-11.658207978961105,22.11928362446567,2.925526988391193,-8.357648434673797,17.997249538656103,3.8398342856484438,-7.232562723031765,16.577898947045494,5.513140198298335,-9.287491895869113,19.184347809036623,2.58628570495587,4.33226870840014,0.6110344312231973,0.6510339146758706,0.3583878477072176,1.4861225739120978
354,-11.793661550162973,22.148510231015447,2.9305175791774696,-8.357648434673797,17.997249538656103,3.891664805894538,-7.232562723031765,16.577898947045494,5.585265834614545,-9.287491895869113,19.184347809036623,2.599742785115068,4.334850403558854,0.6110344312231973,0.6510339146758706,0.3583878477072176,1.4861225739120978
355,-11.92934985262534,22.17709196761263,2.9352533011034088,-8.357648434673797,17.997249538656103,3.948509520030854,-7.232562723031765,16.577898947045494,5.66028792457298,-9.287491895869113,19.184347809036623,2.6219944301707243,4.33737162474307,0.6110344312231973,0.6510339146758706,0.3583878477072176,1.4861225739120978
356,-12.065259343747389,22.205058014313842,2.939741782121824,-8.357648434673797,17.997249538656103,4.010100683915205,-7.232562723031765,16.577898947045494,5.738058823245422,-9.287491895869113,19.184347809036623,2.6527295949770746,4.3398195105699875,0.6110344312231973,0.6510339146758706,0.3583878477072176,1.4861225739120978
357,-12.201376836142332,22.23243733070707,2.943990841625101,-8.357648434673797,17.997249538656103,4.076170702539438,-7.232562723031765,16.577898947045494,5.818435823342087,-9.287491895869113,19.184347809036623,2.6915705843516546,4.34218269587815,0.6110344312231973,0.6510339146758706,0.3583878477072176,1.4861225739120978
