time,ego_x,ego_y,yaw,cone0_x,cone0_y,cone0_min_dist,cone1_x,cone1_y,cone1_min_dist,cone2_x,cone2_y,cone2_min_dist,speed_car,broken_car_color0,broken_car_color1,broken_car_color2,min_distance_cones
0,31.904506440279494,14.938190636405253,-3.138906560440675,-8.296897903868889,18.00550770783931,38.43358330281654,-7.325537184194138,16.607849350240702,37.46546261530372,-9.281033503214873,19.169782398489108,39.416505501631995,0.0020821026162947767,0.9249091955012498,0.45200918272831103,0.22382200325612883,37.46546261530372
1,31.900452914153988,14.938380600292701,-3.138877987134541,-8.296897903868889,18.00550770783931,38.42943450545187,-7.325537184194138,16.607849350240702,37.461357469995434,-9.281033503214873,19.169782398489108,39.4123396383233,0.12574622394071172,0.9249091955012498,0.45200918272831103,0.22382200325612883,37.461357469995434
2,31.891953873121082,14.938734605967062,-3.1389257422905343,-8.296897903868889,18.00550770783931,38.42110063971577,-7.325537184194138,16.607849350240702,37.452947693653186,-9.281033503214873,19.169782398489108,39.40402317877656,0.2595907643090202,0.9249091955012498,0.45200918272831103,0.22382200325612883,37.452947693653186
3,31.87917924417059,14.939204140171368,-3.139044726043665,-8.296897903868889,18.00550770783931,38.40873395991598,-7.325537184194138,16.607849350240702,37.4403936700514,-9.281033503214873,19.169782398489108,39.391706694503185,0.3882847667675263,0.9249091955012498,0.45200918272831103,0.22382200325612883,37.4403936700514
4,31.862304911258537,14.939832222695939,-3.1392276998110042,-8.296897903868889,18.00550770783931,38.39248619233247,-7.325537184194138,16.607849350240702,37.42385823115124,-9.281033503214873,19.169782398489108,39.37553766237897,0.5121148995439812,0.9249091955012498,0.45200918272831103,0.22382200325612883,37.42385823115124
5,31.841327371827646,14.940647854633339,-3.1394814956205077,-8.296897903868889,18.00550770783931,38.37237734703235,-7.325537184194138,16.607849350240702,37.40335063783053,-9.281033503214873,19.169782398489108,39.35553892909803,0.6370025907212138,0.9249091955012498,0.45200918272831103,0.22382200325612883,37.40335063783053
6,31.816184738939562,14.9416757978419,-3.1398027453489528,-8.296897903868889,18.00550770783931,38.34833444217423,-7.325537184194138,16.607849350240702,37.378803052584985,-9.281033503214873,19.169782398489108,39.331635447399414,0.7652315492939896,0.9249091955012498,0.45200918272831103,0.22382200325612883,37.378803052584985
7,31.786815092248332,14.942914181488103,-3.1402019159806973,-8.296897903868889,18.00550770783931,38.32024140448543,-7.325537184194138,16.607849350240702,37.35017295471106,-9.281033503214873,19.169782398489108,39.303806102699475,0.8975349089775021,0.9249091955012498,0.45200918272831103,0.22382200325612883,37.35017295471106
8,31.75409120547716,14.943870107258533,-3.1408391514157596,-8.296897903868889,18.00550770783931,38.28933275314835,-7.325537184194138,16.607849350240702,37.318625743060025,-9.281033503214873,19.169782398489108,39.27354990523274,1.0078583655767615,0.9249091955012498,0.45200918272831103,0.22382200325612883,37.318625743060025
9,31.71870284894923,14.944657835565621,-3.141549855791369,-8.296897903868889,18.00550770783931,38.25597127957043,-7.325537184194138,16.607849350240702,37.2845494373782,-9.281033503214873,19.169782398489108,39.240916974388114,1.09915082078804,0.9249091955012498,0.45200918272831103,0.22382200325612883,37.2845494373782
10,31.681143577403123,14.945138866150073,3.140974089003099,-8.296897903868889,18.00550770783931,38.22030038585346,-7.325537184194138,16.607849350240702,37.24821092256268,-9.281033503214873,19.169782398489108,39.205924949045034,1.1741059846955917,0.9249091955012498,0.45200918272831103,0.22382200325612883,37.24821092256268
11,31.641338348320303,14.945385293843763,3.1403441508346535,-8.296897903868889,18.00550770783931,38.18229569319,-7.325537184194138,16.607849350240702,37.209568298836516,-9.281033503214873,19.169782398489108,39.168567633989205,1.2515428137877356,0.9249091955012498,0.45200918272831103,0.22382200325612883,37.209568298836516
12,31.59947328980984,14.945383889617398,3.139739608853341,-8.296897903868889,18.00550770783931,38.142160506872145,-7.325537184194138,16.607849350240702,37.16881861201597,-9.281033503214873,19.169782398489108,39.12905456905552,1.3225609553367939,0.9249091955012498,0.45200918272831103,0.22382200325612883,37.16881861201597
13,31.556161737141007,14.944828587023332,3.1391347120000628,-8.296897903868889,18.00550770783931,38.10058327953807,-7.325537184194138,16.607849350240702,37.12651606188499,-9.281033503214873,19.169782398489108,39.0881016446026,1.371695308454305,0.9249091955012498,0.45200918272831103,0.22382200325612883,37.12651606188499
14,31.51156537054212,14.943774619972027,3.1384619840143544,-8.296897903868889,18.00550770783931,38.05791860906044,-7.325537184194138,16.607849350240702,37.082809439499975,-9.281033503214873,19.169782398489108,39.04613262151515,1.4138353973800943,0.9249091955012498,0.45200918272831103,0.22382200325612883,37.082809439499975
15,31.46530128359689,14.942410674658563,3.1376910876679878,-8.296897903868889,18.00550770783931,38.013869803478975,-7.325537184194138,16.607849350240702,37.03756715502507,-9.281033503214873,19.169782398489108,39.00288138696756,1.466335017510293,0.9249091955012498,0.45200918272831103,0.22382200325612883,37.03756715502507
16,31.417581833236323,14.940880617911382,3.136904004866743,-8.296897903868889,18.00550770783931,37.96841392387532,-7.325537184194138,16.607849350240702,36.99089334202794,-9.281033503214873,19.169782398489108,38.95824029053868,1.5105134891997563,0.9249091955012498,0.45200918272831103,0.22382200325612883,36.99089334202794
17,31.368146453629073,14.939306374060548,3.1360823599716077,-8.296897903868889,18.00550770783931,37.92134256005115,-7.325537184194138,16.607849350240702,36.942550462967866,-9.281033503214873,19.169782398489108,38.91201941775215,1.5622572941676431,0.9249091955012498,0.45200918272831103,0.22382200325612883,36.942550462967866
18,31.317017300575746,14.937745925884014,3.1352871920023255,-8.296897903868889,18.00550770783931,37.8725026047485,-7.325537184194138,16.607849350240702,36.892480232883436,-9.281033503214873,19.169782398489108,38.864002748481006,1.61252085267666,0.9249091955012498,0.45200918272831103,0.22382200325612883,36.892480232883436
19,31.26477497928832,14.936527609109492,3.1346224668670803,-8.296897903868889,18.00550770783931,37.822174493990026,-7.325537184194138,16.607849350240702,36.84112359808703,-9.281033503214873,19.169782398489108,38.81436280226645,1.6435634297769552,0.9249091955012498,0.45200918272831103,0.22382200325612883,36.84112359808703
20,31.210474195325745,14.935804547300657,3.133944921575557,-8.296897903868889,18.00550770783931,37.76982304411618,-7.325537184194138,16.607849350240702,36.78772161179869,-9.281033503214873,19.169782398489108,38.762711134138335,1.7053324308571962,0.9249091955012498,0.45200918272831103,0.22382200325612883,36.78772161179869
21,31.154021140381307,14.93550502566806,3.1332863922277943,-8.296897903868889,18.00550770783931,37.71526341057067,-7.325537184194138,16.607849350240702,36.73213931618473,-9.281033503214873,19.169782398489108,38.7088304127054,1.770597745021753,0.9249091955012498,0.45200918272831103,0.22382200325612883,36.73213931618473
22,31.095364762093137,14.935576495682302,3.132662662146512,-8.296897903868889,18.00550770783931,37.65839939896661,-7.325537184194138,16.607849350240702,36.67430531950404,-9.281033503214873,19.169782398489108,38.65260839027948,1.8378339480191488,0.9249091955012498,0.45200918272831103,0.22382200325612883,36.67430531950404
23,31.034458954219897,14.935930141979519,3.132053229379758,-8.296897903868889,18.00550770783931,37.59924418639789,-7.325537184194138,16.607849350240702,36.61420124290648,-9.281033503214873,19.169782398489108,38.59407959697175,1.9068042122805928,0.9249091955012498,0.45200918272831103,0.22382200325612883,36.61420124290648
24,30.97126596114121,14.936547337121326,3.1314591737383575,-8.296897903868889,18.00550770783931,37.53775697959568,-7.325537184194138,16.607849350240702,36.55178805098946,-9.281033503214873,19.169782398489108,38.533202186345854,1.9772275517052986,0.9249091955012498,0.45200918272831103,0.22382200325612883,36.55178805098946
25,30.905763751461773,14.937381170913284,3.1308596233873063,-8.296897903868889,18.00550770783931,37.473975998349424,-7.325537184194138,16.607849350240702,36.48707165250377,-9.281033503214873,19.169782398489108,38.47003597498659,2.048569946346239,0.9249091955012498,0.45200918272831103,0.22382200325612883,36.48707165250377
26,30.83793819493584,14.93838911490841,3.130234802418722,-8.296897903868889,18.00550770783931,37.4079442781919,-7.325537184194138,16.607849350240702,36.420064460507824,-9.281033503214873,19.169782398489108,38.404644454733834,2.1205478599639256,0.9249091955012498,0.45200918272831103,0.22382200325612883,36.420064460507824
27,30.767781995178122,14.939535829212183,3.129566433181842,-8.296897903868889,18.00550770783931,37.33953623562634,-7.325537184194138,16.607849350240702,36.350783767099855,-9.281033503214873,19.169782398489108,38.33709212999845,2.192919668125971,0.9249091955012498,0.45200918272831103,0.22382200325612883,36.350783767099855
28,30.69529339159722,14.940793598461791,3.128835813081382,-8.296897903868889,18.00550770783931,37.268745721651925,-7.325537184194138,16.607849350240702,36.27925298948916,-9.281033503214873,19.169782398489108,38.26745073565482,2.2654919288599147,0.9249091955012498,0.45200918272831103,0.22382200325612883,36.27925298948916
29,30.620474865623628,14.942142570734163,3.1280276459157643,-8.296897903868889,18.00550770783931,37.19580652862981,-7.325537184194138,16.607849350240702,36.205495320737874,-9.281033503214873,19.169782398489108,38.19578298314539,2.338113088278459,0.9249091955012498,0.45200918272831103,0.22382200325612883,36.205495320737874
30,30.54685581889087,14.943610291085177,3.126774397910495,-8.296897903868889,18.00550770783931,37.125108501694285,-7.325537184194138,16.607849350240702,36.133527756047656,-9.281033503214873,19.169782398489108,38.12697312839652,2.3016050989758288,0.9249091955012498,0.45200918272831103,0.22382200325612883,36.133527756047656
31,30.4711307073967,14.945166389254153,3.125734466032584,-8.296897903868889,18.00550770783931,37.05180569399762,-7.325537184194138,16.607849350240702,36.05917289072973,-9.281033503214873,19.169782398489108,38.05473931657884,2.3669546514221707,0.9249091955012498,0.45200918272831103,0.22382200325612883,36.05917289072973
32,30.39300095035707,14.946831895060653,3.1246592731429854,-8.296897903868889,18.00550770783931,36.97618142713002,-7.325537184194138,16.607849350240702,35.98194137852422,-9.281033503214873,19.169782398489108,37.980220103800725,2.4420952591233442,0.9249091955012498,0.45200918272831103,0.22382200325612883,35.98194137852422
33,30.31245471765789,14.94850112438963,3.1235149615012348,-8.296897903868889,18.00550770783931,36.89830557875541,-7.325537184194138,16.607849350240702,35.902282282261424,-9.281033503214873,19.169782398489108,37.90352048719247,2.517581272644646,0.9249091955012498,0.45200918272831103,0.22382200325612883,35.902282282261424
34,30.229202072370537,14.950336148365396,3.1223407170127317,-8.296897903868889,18.00550770783931,36.81779357497586,-7.325537184194138,16.607849350240702,35.81993982697483,-9.281033503214873,19.169782398489108,37.82421513832295,2.602014594244814,0.9249091955012498,0.45200918272831103,0.22382200325612883,35.81993982697483
35,30.14326546442152,14.952285197244402,3.121123097164214,-8.296897903868889,18.00550770783931,36.73470066164272,-7.325537184194138,16.607849350240702,35.73494855078677,-9.281033503214873,19.169782398489108,37.74237327001155,2.6857600673021844,0.9249091955012498,0.45200918272831103,0.22382200325612883,35.73494855078677
36,30.054665044294005,14.954347610608504,3.119867810463947,-8.296897903868889,18.00550770783931,36.6490338501038,-7.325537184194138,16.607849350240702,35.64732436017447,-9.281033503214873,19.169782398489108,37.65799601973459,2.7689345825985114,0.9249091955012498,0.45200918272831103,0.22382200325612883,35.64732436017447
37,29.96342221309167,14.95652990777613,3.1185796410878743,-8.296897903868889,18.00550770783931,36.56080340879172,-7.325537184194138,16.607849350240702,35.557084944373536,-9.281033503214873,19.169782398489108,37.57108871015771,2.8515078629404136,0.9249091955012498,0.45200918272831103,0.22382200325612883,35.557084944373536
38,29.8695553120388,14.95884162051984,3.1172632537348504,-8.296897903868889,18.00550770783931,36.4700167382713,-7.325537184194138,16.607849350240702,35.46424492462635,-9.281033503214873,19.169782398489108,37.48165390927644,2.933577507526744,0.9249091955012498,0.45200918272831103,0.22382200325612883,35.46424492462635
39,29.773537957700317,14.9610193777487,3.115877561181711,-8.296897903868889,18.00550770783931,36.37686506370416,-7.325537184194138,16.607849350240702,35.369317074620845,-9.281033503214873,19.169782398489108,37.390310203836506,3.001135067793422,0.9249091955012498,0.45200918272831103,0.22382200325612883,35.369317074620845
40,29.675320603169606,14.963228273030097,3.114480051786477,-8.296897903868889,18.00550770783931,36.28117556080308,-7.325537184194138,16.607849350240702,35.27220217219491,-9.281033503214873,19.169782398489108,37.296809964112306,3.070359538656432,0.9249091955012498,0.45200918272831103,0.22382200325612883,35.27220217219491
41,29.57446947257566,14.96577117130733,3.1131359113268786,-8.296897903868889,18.00550770783931,36.18274895378425,-7.325537184194138,16.607849350240702,35.17240698330918,-9.281033503214873,19.169782398489108,37.20009961848147,3.1529010837577283,0.9249091955012498,0.45200918272831103,0.22382200325612883,35.17240698330918
42,29.470986740045863,14.96856614611453,3.1118159912941494,-8.296897903868889,18.00550770783931,36.08164299586082,-7.325537184194138,16.607849350240702,35.0699588758744,-9.281033503214873,19.169782398489108,37.10035307846682,3.2353201369332023,0.9249091955012498,0.45200918272831103,0.22382200325612883,35.0699588758744
43,29.364872621189356,14.971601342236475,3.1105185946251943,-8.296897903868889,18.00550770783931,35.97786123494318,-7.325537184194138,16.607849350240702,34.96417770117385,-9.281033503214873,19.169782398489108,36.997907150005005,3.3177425070126225,0.9249091955012498,0.45200918272831103,0.22382200325612883,34.96417770117385
44,29.258773686408865,14.974458565909746,3.1091604299579965,-8.296897903868889,18.00550770783931,35.87421485247234,-7.325537184194138,16.607849350240702,34.858417792460855,-9.281033503214873,19.169782398489108,36.89565956709378,3.3201459976996595,0.9249091955012498,0.45200918272831103,0.22382200325612883,34.858417792460855
45,29.15498605130704,14.978072438507056,3.1080540880363987,-8.296897903868889,18.00550770783931,35.7723953964419,-7.325537184194138,16.607849350240702,34.754873014476864,-9.281033503214873,19.169782398489108,36.7949776285479,3.254346010920142,0.9249091955012498,0.45200918272831103,0.22382200325612883,34.754873014476864
46,29.05309508992557,14.98204569255308,3.107008453017488,-8.296897903868889,18.00550770783931,35.672350957646394,-7.325537184194138,16.607849350240702,34.65319561201337,-9.281033503214873,19.169782398489108,36.6960070966758,3.1992901403752643,0.9249091955012498,0.45200918272831103,0.22382200325612883,34.65319561201337
47,28.951941175608052,14.986038591755934,3.1059515402254854,-8.296897903868889,18.00550770783931,35.573065436605916,-7.325537184194138,16.607849350240702,34.55225924338326,-9.281033503214873,19.169782398489108,36.59780692741304,3.177530763482582,0.9249091955012498,0.45200918272831103,0.22382200325612883,34.55225924338326
48,28.84902136990121,14.990079237235737,3.1048286041757374,-8.296897903868889,18.00550770783931,35.472137195208205,-7.325537184194138,16.607849350240702,34.44957720954015,-9.281033503214873,19.169782398489108,36.49803193626231,3.2311278017839187,0.9249091955012498,0.45200918272831103,0.22382200325612883,34.44957720954015
49,28.743032045663817,14.994575907037646,3.10364581920183,-8.296897903868889,18.00550770783931,35.36823943421494,-7.325537184194138,16.607849350240702,34.343830394373754,-9.281033503214873,19.169782398489108,36.39534796993395,3.323702645224082,0.9249091955012498,0.45200918272831103,0.22382200325612883,34.343830394373754
50,28.633973830813066,14.999410465646829,3.10253800215986,-8.296897903868889,18.00550770783931,35.26093528800959,-7.325537184194138,16.607849350240702,34.234985469752544,-9.281033503214873,19.169782398489108,36.28937249795191,3.4156025893320727,0.9249091955012498,0.45200918272831103,0.22382200325612883,34.234985469752544
51,28.521841091686213,15.004453036498592,3.101486640540682,-8.296897903868889,18.00550770783931,35.150061702265454,-7.325537184194138,16.607849350240702,34.12304650615616,-9.281033503214873,19.169782398489108,36.18015716061194,3.508215972464643,0.9249091955012498,0.45200918272831103,0.22382200325612883,34.12304650615616
52,28.406592647107495,15.009647856928174,3.100464723610274,-8.296897903868889,18.00550770783931,35.03603222578964,-7.325537184194138,16.607849350240702,34.007981945080104,-9.281033503214873,19.169782398489108,36.06772161688483,3.602321182495878,0.9249091955012498,0.45200918272831103,0.22382200325612883,34.007981945080104
53,28.288164568637804,15.014983894702992,3.099456762538985,-8.296897903868889,18.00550770783931,34.91880362828216,-7.325537184194138,16.607849350240702,33.88973268534254,-9.281033503214873,19.169782398489108,35.95153093888639,3.698188141353559,0.9249091955012498,0.45200918272831103,0.22382200325612883,33.88973268534254
54,28.16647937167921,15.020469248656338,3.09845811528114,-8.296897903868889,18.00550770783931,34.79830414615946,-7.325537184194138,16.607849350240702,33.768222297271,-9.281033503214873,19.169782398489108,35.83205978409765,3.7959415812906228,0.9249091955012498,0.45200918272831103,0.22382200325612883,33.768222297271
55,28.041452975914392,15.0261191015807,3.097459723950277,-8.296897903868889,18.00550770783931,34.674460940351764,-7.325537184194138,16.607849350240702,33.64328973031598,-9.281033503214873,19.169782398489108,35.709244606591895,3.895683447258047,0.9249091955012498,0.45200918272831103,0.22382200325612883,33.64328973031598
56,27.914050965445398,15.031664300929213,3.096470228726363,-8.296897903868889,18.00550770783931,34.54823951980428,-7.325537184194138,16.607849350240702,33.515528231958186,-9.281033503214873,19.169782398489108,35.58404255323996,3.9641502758859577,0.9249091955012498,0.45200918272831103,0.22382200325612883,33.515528231958186
57,27.785489885469502,15.037174554057115,3.0954333104877207,-8.296897903868889,18.00550770783931,34.42092609851188,-7.325537184194138,16.607849350240702,33.386601224522494,-9.281033503214873,19.169782398489108,35.45779749887527,3.995169942834983,0.9249091955012498,0.45200918272831103,0.22382200325612883,33.386601224522494
58,27.656797847015618,15.04202851552452,3.0941318077118938,-8.296897903868889,18.00550770783931,34.293862907140785,-7.325537184194138,16.607849350240702,33.257515462801074,-9.281033503214873,19.169782398489108,35.33207653086319,3.9968128052490934,0.9249091955012498,0.45200918272831103,0.22382200325612883,33.257515462801074
59,27.527768735180537,15.0468231484986,3.092806677630877,-8.296897903868889,18.00550770783931,34.16649996245786,-7.325537184194138,16.607849350240702,33.12809349247016,-9.281033503214873,19.169782398489108,35.20608029105941,4.006500753728833,0.9249091955012498,0.45200918272831103,0.22382200325612883,33.12809349247016
60,27.39833034010711,15.05169065630223,3.091510761051048,-8.296897903868889,18.00550770783931,34.038689270558,-7.325537184194138,16.607849350240702,32.99826901467159,-9.281033503214873,19.169782398489108,35.07960609508322,4.019396197185671,0.9249091955012498,0.45200918272831103,0.22382200325612883,32.99826901467159
61,27.268557564529686,15.056616731940274,3.090242969983695,-8.296897903868889,18.00550770783931,33.91050754979609,-7.325537184194138,16.607849350240702,32.86811711645984,-9.281033503214873,19.169782398489108,34.95273180421113,4.031087131289913,0.9249091955012498,0.45200918272831103,0.22382200325612883,32.86811711645984
62,27.138526840017,15.061628390521468,3.089010200680697,-8.296897903868889,18.00550770783931,33.78202056741476,-7.325537184194138,16.607849350240702,32.73771414446887,-9.281033503214873,19.169782398489108,34.825516012218515,4.04147281451762,0.9249091955012498,0.45200918272831103,0.22382200325612883,32.73771414446887
63,27.008270953317727,15.066772372789618,3.0878317035321214,-8.296897903868889,18.00550770783931,33.6529111651495,-7.325537184194138,16.607849350240702,32.607094623294266,-9.281033503214873,19.169782398489108,34.697943563275594,4.051732398002836,0.9249091955012498,0.45200918272831103,0.22382200325612883,32.607094623294266
64,26.877794506965312,15.072097513573517,3.086723955249797,-8.296897903868889,18.00550770783931,33.52322578982312,-7.325537184194138,16.607849350240702,32.47626404569195,-9.281033503214873,19.169782398489108,34.56997745801931,4.062506320984498,0.9249091955012498,0.45200918272831103,0.22382200325612883,32.47626404569195
65,26.7470922037583,15.077648585872188,3.085701508330088,-8.296897903868889,18.00550770783931,33.39323591244088,-7.325537184194138,16.607849350240702,32.34521768845541,-9.281033503214873,19.169782398489108,34.44129751082788,4.073855552270448,0.9249091955012498,0.45200918272831103,0.22382200325612883,32.34521768845541
66,26.61614736636514,15.083463839987584,3.0847775522775254,-8.296897903868889,18.00550770783931,33.262911636553184,-7.325537184194138,16.607849350240702,32.21393942500268,-9.281033503214873,19.169782398489108,34.31192929499915,4.085890043372979,0.9249091955012498,0.45200918272831103,0.22382200325612883,32.21393942500268
67,26.485027837445916,15.089531796422582,3.0839257466591636,-8.296897903868889,18.00550770783931,33.13234181463993,-7.325537184194138,16.607849350240702,32.08249126490783,-9.281033503214873,19.169782398489108,34.18224076479423,4.0964089124398475,0.9249091955012498,0.45200918272831103,0.22382200325612883,32.08249126490783
68,26.353607966025688,15.095966586780357,3.0831938126084104,-8.296897903868889,18.00550770783931,33.001355784085156,-7.325537184194138,16.607849350240702,31.950752088298543,-9.281033503214873,19.169782398489108,34.052011897441524,4.110287122516006,0.9249091955012498,0.45200918272831103,0.22382200325612883,31.950752088298543
69,26.221859166950523,15.102767728419993,3.0825793171431237,-8.296897903868889,18.00550770783931,32.86992651275946,-7.325537184194138,16.607849350240702,31.818692386897077,-9.281033503214873,19.169782398489108,33.92121816572006,4.1244251770202185,0.9249091955012498,0.45200918272831103,0.22382200325612883,31.818692386897077
70,26.08978485559782,15.10991469211549,3.082071403748747,-8.296897903868889,18.00550770783931,32.73806693447489,-7.325537184194138,16.607849350240702,31.686300855987074,-9.281033503214873,19.169782398489108,33.7898837195259,4.137804092693135,0.9249091955012498,0.45200918272831103,0.22382200325612883,31.686300855987074
71,25.957493718897005,15.117346879183174,3.0816305987388977,-8.296897903868889,18.00550770783931,32.60592044915139,-7.325537184194138,16.607849350240702,31.553473195948932,-9.281033503214873,19.169782398489108,33.65819271157677,4.147177906016584,0.9249091955012498,0.45200918272831103,0.22382200325612883,31.553473195948932
72,25.825067453851858,15.125031112012048,3.0812320797203143,-8.296897903868889,18.00550770783931,32.4735903014191,-7.325537184194138,16.607849350240702,31.42052628492262,-9.281033503214873,19.169782398489108,33.5262739997979,4.153480424552867,0.9249091955012498,0.45200918272831103,0.22382200325612883,31.42052628492262
73,25.692550989029712,15.132942932200228,3.0808606670262333,-8.296897903868889,18.00550770783931,32.341134880239835,-7.325537184194138,16.607849350240702,31.28749493430465,-9.281033503214873,19.169782398489108,33.394201643686536,4.157856113282478,0.9249091955012498,0.45200918272831103,0.22382200325612883,31.28749493430465
74,25.559974967568124,15.141059663189145,3.080497887221175,-8.296897903868889,18.00550770783931,32.20860089229848,-7.325537184194138,16.607849350240702,31.154397121254217,-9.281033503214873,19.169782398489108,33.26204140993389,4.1607824478744995,0.9249091955012498,0.45200918272831103,0.22382200325612883,31.154397121254217
75,25.42736416210102,15.149357931455107,3.080129634036007,-8.296897903868889,18.00550770783931,32.076025781233376,-7.325537184194138,16.607849350240702,31.02124838767014,-9.281033503214873,19.169782398489108,33.12984530717438,4.162490424104637,0.9249091955012498,0.45200918272831103,0.22382200325612883,31.02124838767014
76,25.294740730506724,15.157814006080935,3.079743470409149,-8.296897903868889,18.00550770783931,31.943443104596255,-7.325537184194138,16.607849350240702,30.88806299999328,-9.281033503214873,19.169782398489108,32.99765974010017,4.163120284358788,0.9249091955012498,0.45200918272831103,0.22382200325612883,30.88806299999328
77,25.162125204515,15.166404984677955,3.0793284911843766,-8.296897903868889,18.00550770783931,31.81088355537957,-7.325537184194138,16.607849350240702,30.754854748103394,-9.281033503214873,19.169782398489108,32.865526669875074,4.162786745017553,0.9249091955012498,0.45200918272831103,0.22382200325612883,30.754854748103394
78,25.029536459499596,15.175109123909131,3.0788765111376977,-8.296897903868889,18.00550770783931,31.67837395588724,-7.325537184194138,16.607849350240702,30.621637793257083,-9.281033503214873,19.169782398489108,32.733481384167874,4.161603664225607,0.9249091955012498,0.45200918272831103,0.22382200325612883,30.621637793257083
79,24.897032829527717,15.183876821147152,3.0783947205874562,-8.296897903868889,18.00550770783931,31.545969868223406,-7.325537184194138,16.607849350240702,30.48847923599329,-9.281033503214873,19.169782398489108,32.60157213361099,4.158014428767493,0.9249091955012498,0.45200918272831103,0.22382200325612883,30.48847923599329
80,24.76460624681778,15.192688309696356,3.077863017294597,-8.296897903868889,18.00550770783931,31.41368072326991,-7.325537184194138,16.607849350240702,30.35535723128484,-9.281033503214873,19.169782398489108,32.46982908505562,4.15461846180237,0.9249091955012498,0.45200918272831103,0.22382200325612883,30.35535723128484
81,24.63225842232181,15.201536739401432,3.077277456017018,-8.296897903868889,18.00550770783931,31.281511988764652,-7.325537184194138,16.607849350240702,30.222271117845874,-9.281033503214873,19.169782398489108,32.338261777802074,4.151164608153763,0.9249091955012498,0.45200918272831103,0.22382200325612883,30.222271117845874
82,24.499996424830655,15.210415961375578,3.07663864093871,-8.296897903868889,18.00550770783931,31.149470795639324,-7.325537184194138,16.607849350240702,30.089228998624254,-9.281033503214873,19.169782398489108,32.2068767280131,4.147479413831269,0.9249091955012498,0.45200918272831103,0.22382200325612883,30.089228998624254
83,24.367823777988292,15.219322218517329,3.075947848060687,-8.296897903868889,18.00550770783931,31.017560060711453,-7.325537184194138,16.607849350240702,29.956235797695175,-9.281033503214873,19.169782398489108,32.07567554139431,4.143708490164402,0.9249091955012498,0.45200918272831103,0.22382200325612883,29.956235797695175
84,24.235740699917304,15.228254819380213,3.0752089141025922,-8.296897903868889,18.00550770783931,30.88577714915404,-7.325537184194138,16.607849350240702,29.82329486926354,-9.281033503214873,19.169782398489108,31.944651629462808,4.139983460303781,0.9249091955012498,0.45200918272831103,0.22382200325612883,29.82329486926354
85,24.103744421948065,15.237214789170595,3.074426752856721,-8.296897903868889,18.00550770783931,30.75411545913987,-7.325537184194138,16.607849350240702,29.6904072736757,-9.281033503214873,19.169782398489108,31.813793324586943,4.136417656722864,0.9249091955012498,0.45200918272831103,0.22382200325612883,29.6904072736757
86,23.971829998823697,15.246207181068092,3.0736054716507657,-8.296897903868889,18.00550770783931,30.62256661295965,-7.325537184194138,16.607849350240702,29.557571008195033,-9.281033503214873,19.169782398489108,31.683088004992726,4.133101273973325,0.9249091955012498,0.45200918272831103,0.22382200325612883,29.557571008195033
87,23.839990340403798,15.255238461434956,3.0727548288012145,-8.296897903868889,18.00550770783931,30.490973084451372,-7.325537184194138,16.607849350240702,29.424786044242865,-9.281033503214873,19.169782398489108,31.552510380661655,4.1301108689941675,0.9249091955012498,0.45200918272831103,0.22382200325612883,29.424786044242865
88,23.70821691021234,15.26431543342961,3.0718840262634663,-8.296897903868889,18.00550770783931,30.35912673287185,-7.325537184194138,16.607849350240702,29.292050418863553,-9.281033503214873,19.169782398489108,31.422034669788626,4.127498310208752,0.9249091955012498,0.45200918272831103,0.22382200325612883,29.292050418863553
89,23.576500494208286,15.273446539273452,3.07100059399236,-8.296897903868889,18.00550770783931,30.227337840452098,-7.325537184194138,16.607849350240702,29.159360084271466,-9.281033503214873,19.169782398489108,31.291539544784936,4.125292696828025,0.9249091955012498,0.45200918272831103,0.22382200325612883,29.159360084271466
90,23.444831316696213,15.28263950477367,3.0701140757589664,-8.296897903868889,18.00550770783931,30.095593517734482,-7.325537184194138,16.607849350240702,29.026711929435148,-9.281033503214873,19.169782398489108,31.16071045028464,4.12350985942261,0.9249091955012498,0.45200918272831103,0.22382200325612883,29.026711929435148
91,23.313199799853706,15.291902302106124,3.0692312639323824,-8.296897903868889,18.00550770783931,29.963881751400447,-7.325537184194138,16.607849350240702,28.894100925269452,-9.281033503214873,19.169782398489108,31.02990997101243,4.122144011323306,0.9249091955012498,0.45200918272831103,0.22382200325612883,28.894100925269452
92,23.181596723786313,15.301242104252491,3.068358917965953,-8.296897903868889,18.00550770783931,29.83219091346319,-7.325537184194138,16.607849350240702,28.761522386241925,-9.281033503214873,19.169782398489108,30.899119501063275,4.1211786346531945,0.9249091955012498,0.45200918272831103,0.22382200325612883,28.761522386241925
93,23.050013671401377,15.310666347366531,3.0675027837204794,-8.296897903868889,18.00550770783931,29.700510397109102,-7.325537184194138,16.607849350240702,28.628971620729615,-9.281033503214873,19.169782398489108,30.768322499517847,4.120584541815761,0.9249091955012498,0.45200918272831103,0.22382200325612883,28.628971620729615
94,22.91844286329463,15.320179861611358,3.0666693011238295,-8.296897903868889,18.00550770783931,29.568830203775196,-7.325537184194138,16.607849350240702,28.496445224158553,-9.281033503214873,19.169782398489108,30.637502322914102,4.1203279968817945,0.9249091955012498,0.45200918272831103,0.22382200325612883,28.496445224158553
95,22.78687786289178,15.329788074670331,3.0658601936983256,-8.296897903868889,18.00550770783931,29.437142918939863,-7.325537184194138,16.607849350240702,28.363937591737162,-9.281033503214873,19.169782398489108,30.50664977028079,4.120361676952464,0.9249091955012498,0.45200918272831103,0.22382200325612883,28.363937591737162
96,22.655313057595716,15.339494337818026,3.0650799752401783,-8.296897903868889,18.00550770783931,29.305441313679072,-7.325537184194138,16.607849350240702,28.231446117842296,-9.281033503214873,19.169782398489108,30.375752954785693,4.12064410264523,0.9249091955012498,0.45200918272831103,0.22382200325612883,28.231446117842296
97,22.523744057665116,15.3493015619891,3.064330277234749,-8.296897903868889,18.00550770783931,29.1737202100676,-7.325537184194138,16.607849350240702,28.098967316607474,-9.281033503214873,19.169782398489108,30.24480501104913,4.121126398857957,0.9249091955012498,0.45200918272831103,0.22382200325612883,28.098967316607474
98,22.392167438069066,15.359211514462634,3.06361400136371,-8.296897903868889,18.00550770783931,29.04197511353653,-7.325537184194138,16.607849350240702,27.96649966420232,-9.281033503214873,19.169782398489108,30.113798450295583,4.121764404039553,0.9249091955012498,0.45200918272831103,0.22382200325612883,27.96649966420232
99,22.26058071106895,15.369224739646317,3.0629339811950027,-8.296897903868889,18.00550770783931,28.910202568045005,-7.325537184194138,16.607849350240702,27.834042593641723,-9.281033503214873,19.169782398489108,29.98272689463926,4.1225149191002055,0.9249091955012498,0.45200918272831103,0.22382200325612883,27.834042593641723
100,22.128982170060087,15.379339434171342,3.0622916461957312,-8.296897903868889,18.00550770783931,28.77840047316238,-7.325537184194138,16.607849350240702,27.701595443726973,-9.281033503214873,19.169782398489108,29.851586772616457,4.123337109850075,0.9249091955012498,0.45200918272831103,0.22382200325612883,27.701595443726973
101,21.99737108183272,15.389553720458718,3.061684920589491,-8.296897903868889,18.00550770783931,28.646568718430924,-7.325537184194138,16.607849350240702,27.569155984461588,-9.281033503214873,19.169782398489108,29.72038011422379,4.124191260038681,0.9249091955012498,0.45200918272831103,0.22382200325612883,27.569155984461588
102,21.865747267952383,15.399864346567083,3.061113189253838,-8.296897903868889,18.00550770783931,28.514707444189938,-7.325537184194138,16.607849350240702,27.436723705725502,-9.281033503214873,19.169782398489108,29.589107697788677,4.125047005305454,0.9249091955012498,0.45200918272831103,0.22382200325612883,27.436723705725502
103,21.73411113845353,15.410267164312444,3.06057351414567,-8.296897903868889,18.00550770783931,28.38281813138846,-7.325537184194138,16.607849350240702,27.30429707143024,-9.281033503214873,19.169782398489108,29.457774036969912,4.125876039039941,0.9249091955012498,0.45200918272831103,0.22382200325612883,27.30429707143024
104,21.60246370557601,15.420759055105664,3.0600627081284446,-8.296897903868889,18.00550770783931,28.25090287286649,-7.325537184194138,16.607849350240702,27.171874916316902,-9.281033503214873,19.169782398489108,29.326384511993435,4.12665583695368,0.9249091955012498,0.45200918272831103,0.22382200325612883,27.171874916316902
105,21.470806119126028,15.43133544649704,3.0595811321842676,-8.296897903868889,18.00550770783931,28.11896298656818,-7.325537184194138,16.607849350240702,27.03945888573866,-9.281033503214873,19.169782398489108,29.194940075504686,4.127372192308144,0.9249091955012498,0.45200918272831103,0.22382200325612883,27.03945888573866
106,21.339139903083577,15.441992222951468,3.0591270750332358,-8.296897903868889,18.00550770783931,27.987000740408888,-7.325537184194138,16.607849350240702,26.907049476858695,-9.281033503214873,19.169782398489108,29.063444764201584,4.1280111757819515,0.9249091955012498,0.45200918272831103,0.22382200325612883,26.907049476858695
107,21.207466599938854,15.452723939248225,3.0587002644365024,-8.296897903868889,18.00550770783931,27.85501810755614,-7.325537184194138,16.607849350240702,26.774648337683416,-9.281033503214873,19.169782398489108,28.931900840068298,4.12856563247738,0.9249091955012498,0.45200918272831103,0.22382200325612883,26.774648337683416
108,21.075787944584388,15.463525553369658,3.0582978560909324,-8.296897903868889,18.00550770783931,27.72301798665792,-7.325537184194138,16.607849350240702,26.64225543641047,-9.281033503214873,19.169782398489108,28.800314139514583,4.129029626028974,0.9249091955012498,0.45200918272831103,0.22382200325612883,26.64225543641047
109,20.944105620440656,15.474391514884452,3.057917809855796,-8.296897903868889,18.00550770783931,27.591003037062737,-7.325537184194138,16.607849350240702,26.509871312247263,-9.281033503214873,19.169782398489108,28.66868943219694,4.129402738642725,0.9249091955012498,0.45200918272831103,0.22382200325612883,26.509871312247263
110,20.81242132590181,15.485316675941966,3.0575565968855516,-8.296897903868889,18.00550770783931,27.458976352785683,-7.325537184194138,16.607849350240702,26.377495433557044,-9.281033503214873,19.169782398489108,28.537033455214164,4.129686255356818,0.9249091955012498,0.45200918272831103,0.22382200325612883,26.377495433557044
111,20.680736652643684,15.496295942561817,3.0572107251537752,-8.296897903868889,18.00550770783931,27.326940917895747,-7.325537184194138,16.607849350240702,26.24512719711863,-9.281033503214873,19.169782398489108,28.405352797612945,4.129884754240184,0.9249091955012498,0.45200918272831103,0.22382200325612883,26.24512719711863
112,20.549053189785177,15.507325811175662,3.056876768807876,-8.296897903868889,18.00550770783931,27.194899583675614,-7.325537184194138,16.607849350240702,26.112765951950887,-9.281033503214873,19.169782398489108,28.273653844429216,4.1300045209026965,0.9249091955012498,0.45200918272831103,0.22382200325612883,26.112765951950887
113,20.417372292836983,15.518402946759547,3.056554941880097,-8.296897903868889,18.00550770783931,27.062853876408678,-7.325537184194138,16.607849350240702,25.980413414603166,-9.281033503214873,19.169782398489108,28.14193790614718,4.13005497867209,0.9249091955012498,0.45200918272831103,0.22382200325612883,25.980413414603166
114,20.285695082583565,15.52952362549053,3.056244989319546,-8.296897903868889,18.00550770783931,26.930805258119367,-7.325537184194138,16.607849350240702,25.84807075671951,-9.281033503214873,19.169782398489108,28.010206713042635,4.130044832884275,0.9249091955012498,0.45200918272831103,0.22382200325612883,25.84807075671951
115,20.154022542569365,15.5406846568911,3.0559448161370533,-8.296897903868889,18.00550770783931,26.798697852293746,-7.325537184194138,16.607849350240702,25.715737666640855,-9.281033503214873,19.169782398489108,27.87846426587574,4.129982699819024,0.9249091955012498,0.45200918272831103,0.22382200325612883,25.715737666640855
116,20.022355496918713,15.551883712519423,3.055653330053829,-8.296897903868889,18.00550770783931,26.66648962479427,-7.325537184194138,16.607849350240702,25.583414337888442,-9.281033503214873,19.169782398489108,27.746713010113677,4.129878497426095,0.9249091955012498,0.45200918272831103,0.22382200325612883,25.583414337888442
117,19.890694592476105,15.56311934285176,3.0553719895310563,-8.296897903868889,18.00550770783931,26.534286737555004,-7.325537184194138,16.607849350240702,25.45110254839341,-9.281033503214873,19.169782398489108,27.614951752360604,4.129742546810974,0.9249091955012498,0.45200918272831103,0.22382200325612883,25.45110254839341
118,19.759040050124366,15.574387950406503,3.0551027484048485,-8.296897903868889,18.00550770783931,26.402090222276154,-7.325537184194138,16.607849350240702,25.318804137226564,-9.281033503214873,19.169782398489108,27.483178378122588,4.1295843156775875,0.9249091955012498,0.45200918272831103,0.22382200325612883,25.318804137226564
119,19.627392173738752,15.585688064327982,3.05484208198606,-8.296897903868889,18.00550770783931,26.26989962802991,-7.325537184194138,16.607849350240702,25.1865169925424,-9.281033503214873,19.169782398489108,27.351397987872332,4.129410159957529,0.9249091955012498,0.45200918272831103,0.22382200325612883,25.1865169925424
120,19.495750966054608,15.597017648949958,3.0545908945428493,-8.296897903868889,18.00550770783931,26.137715362578533,-7.325537184194138,16.607849350240702,25.054241890372538,-9.281033503214873,19.169782398489108,27.219609528606785,4.1292293345739735,0.9249091955012498,0.45200918272831103,0.22382200325612883,25.054241890372538
121,19.36411629383092,15.608374619074572,3.0543476453044733,-8.296897903868889,18.00550770783931,26.005537096909105,-7.325537184194138,16.607849350240702,24.92197773825834,-9.281033503214873,19.169782398489108,27.087692083006722,4.129047837600128,0.9249091955012498,0.45200918272831103,0.22382200325612883,24.92197773825834
122,19.232488027351295,15.61975832464174,3.0541102205630093,-8.296897903868889,18.00550770783931,25.87336423010449,-7.325537184194138,16.607849350240702,24.789722953632683,-9.281033503214873,19.169782398489108,26.955765566949726,4.1288711658659665,0.9249091955012498,0.45200918272831103,0.22382200325612883,24.789722953632683
123,19.100865885945463,15.631168189433572,3.0538798526648034,-8.296897903868889,18.00550770783931,25.741196833463434,-7.325537184194138,16.607849350240702,24.657478171785957,-9.281033503214873,19.169782398489108,26.823837221820376,4.128705086517148,0.9249091955012498,0.45200918272831103,0.22382200325612883,24.657478171785957
124,18.96924955367854,15.642604267969523,3.0536584740370363,-8.296897903868889,18.00550770783931,25.60903505425476,-7.325537184194138,16.607849350240702,24.52524444462339,-9.281033503214873,19.169782398489108,26.691905202027023,4.1285533908333925,0.9249091955012498,0.45200918272831103,0.22382200325612883,24.52524444462339
125,18.837638484660122,15.654064949749074,3.053448772822528,-8.296897903868889,18.00550770783931,25.47687915344024,-7.325537184194138,16.607849350240702,24.393023229522985,-9.281033503214873,19.169782398489108,26.55996699845129,4.128419033667462,0.9249091955012498,0.45200918272831103,0.22382200325612883,24.393023229522985
126,18.706032185508295,15.665549107243242,3.053249019402248,-8.296897903868889,18.00550770783931,25.344728309061423,-7.325537184194138,16.607849350240702,24.26081288152951,-9.281033503214873,19.169782398489108,26.428023574091352,4.128302505982828,0.9249091955012498,0.45200918272831103,0.22382200325612883,24.26081288152951
127,18.574430173029267,15.677056158561843,3.053058797413921,-8.296897903868889,18.00550770783931,25.21258198266102,-7.325537184194138,16.607849350240702,24.128612661719757,-9.281033503214873,19.169782398489108,26.29607482057285,4.1282051487746445,0.9249091955012498,0.45200918272831103,0.22382200325612883,24.128612661719757
128,18.44283190183829,15.688585075293073,3.052878921676374,-8.296897903868889,18.00550770783931,25.08043991965735,-7.325537184194138,16.607849350240702,23.99642266591351,-9.281033503214873,19.169782398489108,26.16411964439491,4.128127482911153,0.9249091955012498,0.45200918272831103,0.22382200325612883,23.99642266591351
129,18.311236864636193,15.700134998264703,3.0527089166555976,-8.296897903868889,18.00550770783931,24.94830157069439,-7.325537184194138,16.607849350240702,23.86424210727774,-9.281033503214873,19.169782398489108,26.03215798768168,4.128068689349914,0.9249091955012498,0.45200918272831103,0.22382200325612883,23.86424210727774
130,18.17964456879594,15.711705024848282,3.052548507133628,-8.296897903868889,18.00550770783931,24.816166455343623,-7.325537184194138,16.607849350240702,23.7320703585473,-9.281033503214873,19.169782398489108,25.90018965498821,4.12802784186764,0.9249091955012498,0.45200918272831103,0.22382200325612883,23.7320703585473
131,18.04805454106164,15.723294098038133,3.052397000801728,-8.296897903868889,18.00550770783931,24.684034026000322,-7.325537184194138,16.607849350240702,23.59990652907683,-9.281033503214873,19.169782398489108,25.768214813975376,4.128003456569484,0.9249091955012498,0.45200918272831103,0.22382200325612883,23.59990652907683
132,17.91646643415421,15.73490210489773,3.0522538190968627,-8.296897903868889,18.00550770783931,24.551903799231688,-7.325537184194138,16.607849350240702,23.467749876498107,-9.281033503214873,19.169782398489108,25.63623357802005,4.127993843990797,0.9249091955012498,0.45200918272831103,0.22382200325612883,23.467749876498107
133,17.78487980742801,15.746527606086692,3.052120143293509,-8.296897903868889,18.00550770783931,24.419775756303626,-7.325537184194138,16.607849350240702,23.335600884505556,-9.281033503214873,19.169782398489108,25.504244712213207,4.127997411671601,0.9249091955012498,0.45200918272831103,0.22382200325612883,23.335600884505556
134,17.653294374186046,15.758170054506094,3.0519940318818923,-8.296897903868889,18.00550770783931,24.28764918368055,-7.325537184194138,16.607849350240702,23.203457942533564,-9.281033503214873,19.169782398489108,25.3722495057598,4.128011481791228,0.9249091955012498,0.45200918272831103,0.22382200325612883,23.203457942533564
135,17.521709856898045,15.769828672211808,3.051875660745396,-8.296897903868889,18.00550770783931,24.155523917444995,-7.325537184194138,16.607849350240702,23.071320951421608,-9.281033503214873,19.169782398489108,25.240247614451476,4.128034441434963,0.9249091955012498,0.45200918272831103,0.22382200325612883,23.071320951421608
136,17.390126041216416,15.781502816473216,3.051764870777409,-8.296897903868889,18.00550770783931,24.023399762246335,-7.325537184194138,16.607849350240702,22.939189631856916,-9.281033503214873,19.169782398489108,25.10823900790551,4.128064143758038,0.9249091955012498,0.45200918272831103,0.22382200325612883,22.939189631856916
137,17.258542700785778,15.793191218711042,3.051661314995535,-8.296897903868889,18.00550770783931,23.89127652536997,-7.325537184194138,16.607849350240702,22.80706360003346,-9.281033503214873,19.169782398489108,24.976223852889905,4.128098587027101,0.9249091955012498,0.45200918272831103,0.22382200325612883,22.80706360003346
138,17.12695970970481,15.804893160949486,3.05156300922795,-8.296897903868889,18.00550770783931,23.75915366311661,-7.325537184194138,16.607849350240702,22.674941394037116,-9.281033503214873,19.169782398489108,24.844203652584167,4.128135770405155,0.9249091955012498,0.45200918272831103,0.22382200325612883,22.674941394037116
139,16.99537701185716,15.8166083888713,3.051469599814113,-8.296897903868889,18.00550770783931,23.62703105513494,-7.325537184194138,16.607849350240702,22.542822736471237,-9.281033503214873,19.169782398489108,24.71217865168793,4.128174392044446,0.9249091955012498,0.45200918272831103,0.22382200325612883,22.542822736471237
140,16.863794503331434,15.82833579681323,3.051381431576485,-8.296897903868889,18.00550770783931,23.494908785421316,-7.325537184194138,16.607849350240702,22.410707842955436,-9.281033503214873,19.169782398489108,24.580148580145742,4.128213028422591,0.9249091955012498,0.45200918272831103,0.22382200325612883,22.410707842955436
141,16.732212201166988,15.84007516924048,3.051296914225514,-8.296897903868889,18.00550770783931,23.362786502299997,-7.325537184194138,16.607849350240702,22.27859564409211,-9.281033503214873,19.169782398489108,24.448114726334037,4.128250212139345,0.9249091955012498,0.45200918272831103,0.22382200325612883,22.27859564409211
142,16.6006300948272,15.851825860323938,3.0512164894902916,-8.296897903868889,18.00550770783931,23.230664362917317,-7.325537184194138,16.607849350240702,22.14648648959145,-9.281033503214873,19.169782398489108,24.316076792842164,4.128285250504006,0.9249091955012498,0.45200918272831103,0.22382200325612883,22.14648648959145
143,16.469048275821013,15.863588088565885,3.051140335895862,-8.296897903868889,18.00550770783931,23.098542479114105,-7.325537184194138,16.607849350240702,22.014380594420786,-9.281033503214873,19.169782398489108,24.1840347072375,4.128317299434769,0.9249091955012498,0.45200918272831103,0.22382200325612883,22.014380594420786
144,16.337466715512644,15.875360684021175,3.0510703662532896,-8.296897903868889,18.00550770783931,22.966421398010972,-7.325537184194138,16.607849350240702,21.882279345781267,-9.281033503214873,19.169782398489108,24.05198704607575,4.128345875260452,0.9249091955012498,0.45200918272831103,0.22382200325612883,21.882279345781267
145,16.205885494577696,15.887143421085558,3.0510056411998394,-8.296897903868889,18.00550770783931,22.83430099145502,-7.325537184194138,16.607849350240702,21.750182193829975,-9.281033503214873,19.169782398489108,23.919934650154314,4.128370282127895,0.9249091955012498,0.45200918272831103,0.22382200325612883,21.750182193829975
146,16.074304614114205,15.898935273636486,3.0509474401555283,-8.296897903868889,18.00550770783931,22.70218166857612,-7.325537184194138,16.607849350240702,21.61809010295128,-9.281033503214873,19.169782398489108,23.787876610988107,4.128390610374722,0.9249091955012498,0.45200918272831103,0.22382200325612883,21.61809010295128
147,15.942724077188739,15.910735141582316,3.0508949814421356,-8.296897903868889,18.00550770783931,22.570063346856937,-7.325537184194138,16.607849350240702,21.486002608350674,-9.281033503214873,19.169782398489108,23.6558136536128,4.128406577996832,0.9249091955012498,0.45200918272831103,0.22382200325612883,21.486002608350674
148,15.81114388327963,15.922541933946967,3.0508468571960714,-8.296897903868889,18.00550770783931,22.437945787638952,-7.325537184194138,16.607849350240702,21.353918806976626,-9.281033503214873,19.169782398489108,23.523746992501316,4.1284183539011385,0.9249091955012498,0.45200918272831103,0.22382200325612883,21.353918806976626
149,15.679564055904011,15.934354908910924,3.0508014553137164,-8.296897903868889,18.00550770783931,22.3058286934257,-7.325537184194138,16.607849350240702,21.221837659184807,-9.281033503214873,19.169782398489108,23.391677993365622,4.128426261064484,0.9249091955012498,0.45200918272831103,0.22382200325612883,21.221837659184807
150,15.547984645266197,15.946173728182996,3.0507579482686014,-8.296897903868889,18.00550770783931,22.17371194537887,-7.325537184194138,16.607849350240702,21.08975867517391,-9.281033503214873,19.169782398489108,23.25960739111751,4.128430727380752,0.9249091955012498,0.45200918272831103,0.22382200325612883,21.08975867517391
151,15.416405671601167,15.957997821906746,3.050716125021196,-8.296897903868889,18.00550770783931,22.0415955669968,-7.325537184194138,16.607849350240702,20.957681778059907,-9.281033503214873,19.169782398489108,23.127535427720492,4.1284320971350885,0.9249091955012498,0.45200918272831103,0.22382200325612883,20.957681778059907
152,15.284827223144891,15.969827440575973,3.0506755266472254,-8.296897903868889,18.00550770783931,21.909479510418397,-7.325537184194138,16.607849350240702,20.825606739083824,-9.281033503214873,19.169782398489108,22.995462528238498,4.128430775142798,0.9249091955012498,0.45200918272831103,0.22382200325612883,20.825606739083824
153,15.153249313549852,15.981662162862657,3.050637583983502,-8.296897903868889,18.00550770783931,21.777364177291584,-7.325537184194138,16.607849350240702,20.693534605032124,-9.281033503214873,19.169782398489108,22.863387619903857,4.128427244786469,0.9249091955012498,0.45200918272831103,0.22382200325612883,20.693534605032124
154,15.021671893928636,15.993500922851334,3.0506013157932075,-8.296897903868889,18.00550770783931,21.645249383195935,-7.325537184194138,16.607849350240702,20.56146472557806,-9.281033503214873,19.169782398489108,22.731311531506886,4.128421655133355,0.9249091955012498,0.45200918272831103,0.22382200325612883,20.56146472557806
155,14.890095047762069,16.005344233635956,3.050564553354228,-8.296897903868889,18.00550770783931,21.513134635039684,-7.325537184194138,16.607849350240702,20.429395670209654,-9.281033503214873,19.169782398489108,22.59923600519958,4.128414644168262,0.9249091955012498,0.45200918272831103,0.22382200325612883,20.429395670209654
156,14.75851882019398,16.01719240310456,3.0505295167266655,-8.296897903868889,18.00550770783931,21.381020487478683,-7.325537184194138,16.607849350240702,20.297329021499994,-9.281033503214873,19.169782398489108,22.467159306635534,4.128406951941882,0.9249091955012498,0.45200918272831103,0.22382200325612883,20.297329021499994
157,14.626943184056953,16.02904495540275,3.050497858359138,-8.296897903868889,18.00550770783931,21.24890736087632,-7.325537184194138,16.607849350240702,20.165265939783414,-9.281033503214873,19.169782398489108,22.335080153496094,4.1283986131117665,0.9249091955012498,0.45200918272831103,0.22382200325612883,20.165265939783414
158,14.495368146992021,16.040901837157787,3.0504695382591427,-8.296897903868889,18.00550770783931,21.116795258483855,-7.325537184194138,16.607849350240702,20.033206424196273,-9.281033503214873,19.169782398489108,22.20299859056717,4.128389882608389,0.9249091955012498,0.45200918272831103,0.22382200325612883,20.033206424196273
159,14.363793592743386,16.052761760527236,3.050444866046032,-8.296897903868889,18.00550770783931,20.984684264395376,-7.325537184194138,16.607849350240702,19.90115066283171,-9.281033503214873,19.169782398489108,22.070914384794076,4.128381077584639,0.9249091955012498,0.45200918272831103,0.22382200325612883,19.90115066283171
160,14.232219478294933,16.064624293860106,3.0504209173425223,-8.296897903868889,18.00550770783931,20.8525736673002,-7.325537184194138,16.607849350240702,19.76909663612492,-9.281033503214873,19.169782398489108,21.93882984038032,4.128372450359306,0.9249091955012498,0.45200918272831103,0.22382200325612883,19.76909663612492
161,14.100645833839868,16.07648995808958,3.050397329248592,-8.296897903868889,18.00550770783931,20.720463359127983,-7.325537184194138,16.607849350240702,19.6370441142657,-9.281033503214873,19.169782398489108,21.806745222816506,4.128364611640391,0.9249091955012498,0.45200918272831103,0.22382200325612883,19.6370441142657
162,13.969072645508712,16.08835881791393,3.0503764264068236,-8.296897903868889,18.00550770783931,20.58835388525288,-7.325537184194138,16.607849350240702,19.50499470237439,-9.281033503214873,19.169782398489108,21.674658681229186,4.128357654773103,0.9249091955012498,0.45200918272831103,0.22382200325612883,19.50499470237439
163,13.837499808198576,16.10022987516735,3.0503587032470447,-8.296897903868889,18.00550770783931,20.456245358341214,-7.325537184194138,16.607849350240702,19.372948711037896,-9.281033503214873,19.169782398489108,21.542569820286307,4.128351290017174,0.9249091955012498,0.45200918272831103,0.22382200325612883,19.372948711037896
164,13.70592734500382,16.112103561616017,3.0503425886484488,-8.296897903868889,18.00550770783931,20.32413737838043,-7.325537184194138,16.607849350240702,19.24090507606682,-9.281033503214873,19.169782398489108,21.410479859201548,4.128345734466483,0.9249091955012498,0.45200918272831103,0.22382200325612883,19.24090507606682
165,13.574355139496143,16.12397885904167,3.050329499911817,-8.296897903868889,18.00550770783931,20.192030273360814,-7.325537184194138,16.607849350240702,19.10886473364537,-9.281033503214873,19.169782398489108,21.278387666706177,4.128341126213034,0.9249091955012498,0.45200918272831103,0.22382200325612883,19.10886473364537
166,13.44278315589329,16.13585558422932,3.050317313935037,-8.296897903868889,18.00550770783931,20.059923509870877,-7.325537184194138,16.607849350240702,18.976826218348016,-9.281033503214873,19.169782398489108,21.14629489845188,4.128337329951008,0.9249091955012498,0.45200918272831103,0.22382200325612883,18.976826218348016
167,13.311211355300694,16.147733581076377,3.0503057445903914,-8.296897903868889,18.00550770783931,19.927816995418127,-7.325537184194138,16.607849350240702,18.844789325729355,-9.281033503214873,19.169782398489108,21.014201757362446,4.12833455288613,0.9249091955012498,0.45200918272831103,0.22382200325612883,18.844789325729355
168,13.179639725034123,16.15961295000568,3.050294786904803,-8.296897903868889,18.00550770783931,19.795710707168695,-7.325537184194138,16.607849350240702,18.712754057259716,-9.281033503214873,19.169782398489108,20.882108225838437,4.128332709578274,0.9249091955012498,0.45200918272831103,0.22382200325612883,18.712754057259716
169,13.048068196246605,16.17149314072849,3.050284495099744,-8.296897903868889,18.00550770783931,19.663604643876802,-7.325537184194138,16.607849350240702,18.58072043550903,-9.281033503214873,19.169782398489108,20.750014247802785,4.128331608666201,0.9249091955012498,0.45200918272831103,0.22382200325612883,18.58072043550903
170,12.916496757362436,16.183374205769262,3.050273204170469,-8.296897903868889,18.00550770783931,19.531498384270378,-7.325537184194138,16.607849350240702,18.44868732908333,-9.281033503214873,19.169782398489108,20.61792111837559,4.128331178519799,0.9249091955012498,0.45200918272831103,0.22382200325612883,18.44868732908333
171,12.78492546509202,16.19525695870207,3.0502613531666096,-8.296897903868889,18.00550770783931,19.399392013364185,-7.325537184194138,16.607849350240702,18.316655078038178,-9.281033503214873,19.169782398489108,20.485828469051235,4.128331554089284,0.9249091955012498,0.45200918272831103,0.22382200325612883,18.316655078038178
172,12.653354296546743,16.207141276578316,3.050251323662397,-8.296897903868889,18.00550770783931,19.267286101163986,-7.325537184194138,16.607849350240702,18.184625323867248,-9.281033503214873,19.169782398489108,20.35373441550416,4.128332461715056,0.9249091955012498,0.45200918272831103,0.22382200325612883,18.184625323867248
173,12.521783183787994,16.219026457299872,3.0502426301883747,-8.296897903868889,18.00550770783931,19.135180530944506,-7.325537184194138,16.607849350240702,18.052597729832375,-9.281033503214873,19.169782398489108,20.22163934274571,4.128333513522776,0.9249091955012498,0.45200918272831103,0.22382200325612883,18.052597729832375
174,12.390212141971839,16.230912740770943,3.0502335270534275,-8.296897903868889,18.00550770783931,19.003074869938775,-7.325537184194138,16.607849350240702,17.920571131334416,-9.281033503214873,19.169782398489108,20.08954461724593,4.128334855967554,0.9249091955012498,0.45200918272831103,0.22382200325612883,17.920571131334416
175,12.25864120096835,16.242800551684223,3.0502251447173263,-8.296897903868889,18.00550770783931,18.870969382995447,-7.325537184194138,16.607849350240702,17.788546337062492,-9.281033503214873,19.169782398489108,19.957449338330242,4.128336612169513,0.9249091955012498,0.45200918272831103,0.22382200325612883,17.788546337062492
176,12.127070291351092,16.254689149372503,3.050218586922887,-8.296897903868889,18.00550770783931,18.738864343234763,-7.325537184194138,16.607849350240702,17.656524099392932,-9.281033503214873,19.169782398489108,19.825352642937407,4.128338405868044,0.9249091955012498,0.45200918272831103,0.22382200325612883,17.656524099392932
177,11.995499461559447,16.266579052658578,3.0502125614966653,-8.296897903868889,18.00550770783931,18.606759434345786,-7.325537184194138,16.607849350240702,17.524503585939037,-9.281033503214873,19.169782398489108,19.693255546117946,4.128340209382382,0.9249091955012498,0.45200918272831103,0.22382200325612883,17.524503585939037
178,11.863928665629226,16.27846976815438,3.0502086644318878,-8.296897903868889,18.00550770783931,18.474655049209964,-7.325537184194138,16.607849350240702,17.392485895191815,-9.281033503214873,19.169782398489108,19.561156796912982,4.128342038967936,0.9249091955012498,0.45200918272831103,0.22382200325612883,17.392485895191815
179,11.732357843091965,16.29036059257643,3.050205554780976,-8.296897903868889,18.00550770783931,18.34255087016757,-7.325537184194138,16.607849350240702,17.260470119749098,-9.281033503214873,19.169782398489108,19.429057461142943,4.128343633192892,0.9249091955012498,0.45200918272831103,0.22382200325612883,17.260470119749098
180,11.60078700599708,16.302251665804512,3.0502012867908697,-8.296897903868889,18.00550770783931,18.210446421521866,-7.325537184194138,16.607849350240702,17.12845497220447,-9.281033503214873,19.169782398489108,19.296959068576403,4.128345195933231,0.9249091955012498,0.45200918272831103,0.22382200325612883,17.12845497220447
181,11.469216220563322,16.31414373290326,3.050196680271582,-8.296897903868889,18.00550770783931,18.078341897661588,-7.325537184194138,16.607849350240702,16.996441073084352,-9.281033503214873,19.169782398489108,19.164860967839513,4.128346873477854,0.9249091955012498,0.45200918272831103,0.22382200325612883,16.996441073084352
182,11.337645446172226,16.326036291529945,3.050193708889677,-8.296897903868889,18.00550770783931,17.946237790616543,-7.325537184194138,16.607849350240702,16.86442978434174,-9.281033503214873,19.169782398489108,19.03276161801016,4.128348327677668,0.9249091955012498,0.45200918272831103,0.22382200325612883,16.86442978434174
183,11.206074687681019,16.337929297595423,3.050191230141269,-8.296897903868889,18.00550770783931,17.814133831672596,-7.325537184194138,16.607849350240702,16.732420371314365,-9.281033503214873,19.169782398489108,18.90066192828283,4.128349419317932,0.9249091955012498,0.45200918272831103,0.22382200325612883,16.732420371314365
184,11.07450395718087,16.34982283913166,3.0501893977010606,-8.296897903868889,18.00550770783931,17.682030063171073,-7.325537184194138,16.607849350240702,16.600412982333953,-9.281033503214873,19.169782398489108,18.76856178285832,4.128350357499311,0.9249091955012498,0.45200918272831103,0.22382200325612883,16.600412982333953
185,10.94293322667682,16.361716555923596,3.050188613119352,-8.296897903868889,18.00550770783931,17.549926592129665,-7.325537184194138,16.607849350240702,16.46840791722835,-9.281033503214873,19.169782398489108,18.636460875885426,4.1283510705865885,0.9249091955012498,0.45200918272831103,0.22382200325612883,16.46840791722835
186,10.811362532074941,16.373610786147296,3.0501885636827932,-8.296897903868889,18.00550770783931,17.417823346241523,-7.325537184194138,16.607849350240702,16.336405020886502,-9.281033503214873,19.169782398489108,18.50435945719837,4.128351611618632,0.9249091955012498,0.45200918272831103,0.22382200325612883,16.336405020886502
187,10.67979178586936,16.385504520284865,3.050189869846326,-8.296897903868889,18.00550770783931,17.28572049072673,-7.325537184194138,16.607849350240702,16.204404715748804,-9.281033503214873,19.169782398489108,18.372257054633128,4.128351883714351,0.9249091955012498,0.45200918272831103,0.22382200325612883,16.204404715748804
188,10.548221031611469,16.397398202572678,3.0501902055801513,-8.296897903868889,18.00550770783931,17.15361745727753,-7.325537184194138,16.607849350240702,16.07240549044352,-9.281033503214873,19.169782398489108,18.240155496616094,4.128352011271017,0.9249091955012498,0.45200918272831103,0.22382200325612883,16.07240549044352
189,10.41665023518906,16.409291469091436,3.050190388766854,-8.296897903868889,18.00550770783931,17.02151444930512,-7.325537184194138,16.607849350240702,15.940407925976364,-9.281033503214873,19.169782398489108,18.108054144684417,4.128352121797165,0.9249091955012498,0.45200918272831103,0.22382200325612883,15.940407925976364
190,10.285079431992672,16.421184683373454,3.0501895252739635,-8.296897903868889,18.00550770783931,16.889411248578675,-7.325537184194138,16.607849350240702,15.808411481353978,-9.281033503214873,19.169782398489108,17.975953701815108,4.128352138012809,0.9249091955012498,0.45200918272831103,0.22382200325612883,15.808411481353978
191,10.153508617979893,16.433077787486663,3.0501882408447036,-8.296897903868889,18.00550770783931,16.75730801154302,-7.325537184194138,16.607849350240702,15.676416625192463,-9.281033503214873,19.169782398489108,17.843853680118478,4.128352095641034,0.9249091955012498,0.45200918272831103,0.22382200325612883,15.676416625192463
192,10.021937827078684,16.444971121637366,3.050186410986188,-8.296897903868889,18.00550770783931,16.62520470947192,-7.325537184194138,16.607849350240702,15.544423339680304,-9.281033503214873,19.169782398489108,17.711754179009823,4.128351966554994,0.9249091955012498,0.45200918272831103,0.22382200325612883,15.544423339680304
193,9.890367010901246,16.456864132057287,3.0501842659051315,-8.296897903868889,18.00550770783931,16.493101406580305,-7.325537184194138,16.607849350240702,15.412431808609343,-9.281033503214873,19.169782398489108,17.579655026806485,4.128351698107251,0.9249091955012498,0.45200918272831103,0.22382200325612883,15.412431808609343
194,9.758796264525218,16.468757850531667,3.0501806619529734,-8.296897903868889,18.00550770783931,16.360997816652464,-7.325537184194138,16.607849350240702,15.280441360935164,-9.281033503214873,19.169782398489108,17.44755711447,4.128351463775683,0.9249091955012498,0.45200918272831103,0.22382200325612883,15.280441360935164
195,9.627225614586123,16.480652566867292,3.0501787699912097,-8.296897903868889,18.00550770783931,16.22889471838686,-7.325537184194138,16.607849350240702,15.148454195001907,-9.281033503214873,19.169782398489108,17.315457953339937,4.128351327107054,0.9249091955012498,0.45200918272831103,0.22382200325612883,15.148454195001907
196,9.495655001407656,16.49254753947892,3.050179646794875,-8.296897903868889,18.00550770783931,16.096792387543974,-7.325537184194138,16.607849350240702,15.016471047120483,-9.281033503214873,19.169782398489108,17.183356732044736,4.12835088672848,0.9249091955012498,0.45200918272831103,0.22382200325612883,15.016471047120483
197,9.364084396637441,16.504442415430983,3.050181582365078,-8.296897903868889,18.00550770783931,15.96469041266668,-7.325537184194138,16.607849350240702,14.884490811108241,-9.281033503214873,19.169782398489108,17.051254802246305,4.128350264912865,0.9249091955012498,0.45200918272831103,0.22382200325612883,14.884490811108241
198,9.23251371730738,16.516336329290773,3.0501831081184663,-8.296897903868889,18.00550770783931,15.832588437253735,-7.325537184194138,16.607849350240702,14.752512517419614,-9.281033503214873,19.169782398489108,16.919153322599055,4.128349664171572,0.9249091955012498,0.45200918272831103,0.22382200325612883,14.752512517419614
199,9.100943025852699,16.528230048967846,3.050181970534291,-8.296897903868889,18.00550770783931,15.7004858945437,-7.325537184194138,16.607849350240702,14.62053474745593,-9.281033503214873,19.169782398489108,16.787054047443377,4.128349332771121,0.9249091955012498,0.45200918272831103,0.22382200325612883,14.62053474745593
200,8.969372379542868,16.540124271922124,3.05018037120026,-8.296897903868889,18.00550770783931,15.568383316441459,-7.325537184194138,16.607849350240702,14.488559065835547,-9.281033503214873,19.169782398489108,16.65495523955228,4.12834933195486,0.9249091955012498,0.45200918272831103,0.22382200325612883,14.488559065835547
201,8.83780174759385,16.552018621834232,3.0501800679530393,-8.296897903868889,18.00550770783931,15.436281144858786,-7.325537184194138,16.607849350240702,14.356586698355496,-9.281033503214873,19.169782398489108,16.52285553085844,4.128349216470261,0.9249091955012498,0.45200918272831103,0.22382200325612883,14.356586698355496
202,8.706231150636265,16.563913275897384,3.050180302171379,-8.296897903868889,18.00550770783931,15.30417919830201,-7.325537184194138,16.607849350240702,14.224617217459413,-9.281033503214873,19.169782398489108,16.3907555217599,4.128348969087791,0.9249091955012498,0.45200918272831103,0.22382200325612883,14.224617217459413
203,8.574660550736075,16.57580781851585,3.0501814879343963,-8.296897903868889,18.00550770783931,15.17207758482206,-7.325537184194138,16.607849350240702,14.092650948648718,-9.281033503214873,19.169782398489108,16.25865489497564,4.128348712407919,0.9249091955012498,0.45200918272831103,0.22382200325612883,14.092650948648718
204,8.443089914408212,16.587701894437615,3.0501823597407984,-8.296897903868889,18.00550770783931,15.039975996458173,-7.325537184194138,16.607849350240702,13.960687103344673,-9.281033503214873,19.169782398489108,16.126554647564085,4.128348435156948,0.9249091955012498,0.45200918272831103,0.22382200325612883,13.960687103344673
205,8.311519319141166,16.599596400903682,3.0501825169686905,-8.296897903868889,18.00550770783931,14.907874324804563,-7.325537184194138,16.607849350240702,13.82872553034204,-9.281033503214873,19.169782398489108,15.994455082870243,4.128348394937208,0.9249091955012498,0.45200918272831103,0.22382200325612883,13.82872553034204
206,8.179948690121538,16.61149052967642,3.0501840433851344,-8.296897903868889,18.00550770783931,14.77577309308732,-7.325537184194138,16.607849350240702,13.696767652177403,-9.281033503214873,19.169782398489108,15.86235457932559,4.128348367945862,0.9249091955012498,0.45200918272831103,0.22382200325612883,13.696767652177403
207,8.048378054767145,16.6233845612756,3.0501850211793533,-8.296897903868889,18.00550770783931,14.643671829477848,-7.325537184194138,16.607849350240702,13.564812292167302,-9.281033503214873,19.169782398489108,15.730254641033854,4.128348267648312,0.9249091955012498,0.45200918272831103,0.22382200325612883,13.564812292167302
208,7.91680737564036,16.63527812015028,3.0501857417824088,-8.296897903868889,18.00550770783931,14.511570608726583,-7.325537184194138,16.607849350240702,13.432859707539002,-9.281033503214873,19.169782398489108,15.598155043770483,4.1283482512539775,0.9249091955012498,0.45200918272831103,0.22382200325612883,13.432859707539002
209,7.785236707170862,16.647171823883525,3.0501854732606977,-8.296897903868889,18.00550770783931,14.379469245069087,-7.325537184194138,16.607849350240702,13.30090953212809,-9.281033503214873,19.169782398489108,15.466056355325437,4.128348342452674,0.9249091955012498,0.45200918272831103,0.22382200325612883,13.30090953212809
210,7.653666011925749,16.65906527555887,3.050185459820564,-8.296897903868889,18.00550770783931,14.247368051688433,-7.325537184194138,16.607849350240702,13.168962660233829,-9.281033503214873,19.169782398489108,15.333957608450318,4.128348465224462,0.9249091955012498,0.45200918272831103,0.22382200325612883,13.168962660233829
211,7.522095324208767,16.67095883824129,3.0501847393278454,-8.296897903868889,18.00550770783931,14.115266791095678,-7.325537184194138,16.607849350240702,13.03701857232198,-9.281033503214873,19.169782398489108,15.201859556817992,4.128348560734373,0.9249091955012498,0.45200918272831103,0.22382200325612883,13.03701857232198
212,7.3905246061820975,16.682852109367214,3.0501837283049706,-8.296897903868889,18.00550770783931,13.983165571981559,-7.325537184194138,16.607849350240702,12.90507762226747,-9.281033503214873,19.169782398489108,15.069761881408814,4.128348662166643,0.9249091955012498,0.45200918272831103,0.22382200325612883,12.90507762226747
213,7.258953922534078,16.69474580311729,3.0501815684578633,-8.296897903868889,18.00550770783931,13.851064177452722,-7.325537184194138,16.607849350240702,12.773139387037006,-9.281033503214873,19.169782398489108,14.937665248852854,4.128348826286576,0.9249091955012498,0.45200918272831103,0.22382200325612883,12.773139387037006
214,7.1273832672782245,16.706639860568146,3.050180087156343,-8.296897903868889,18.00550770783931,13.718963064377554,-7.325537184194138,16.607849350240702,12.641205173724554,-9.281033503214873,19.169782398489108,14.805568234401882,4.128349047793214,0.9249091955012498,0.45200918272831103,0.22382200325612883,12.641205173724554
215,6.995812663608322,16.718534493692342,3.0501795808232988,-8.296897903868889,18.00550770783931,13.586862312124948,-7.325537184194138,16.607849350240702,12.509275302924701,-9.281033503214873,19.169782398489108,14.673470612442546,4.128349173324531,0.9249091955012498,0.45200918272831103,0.22382200325612883,12.509275302924701
216,6.8642420716524235,16.73042923358374,3.0501807250075825,-8.296897903868889,18.00550770783931,13.454762100106537,-7.325537184194138,16.607849350240702,12.377350309700384,-9.281033503214873,19.169782398489108,14.541371868163958,4.128349184178783,0.9249091955012498,0.45200918272831103,0.22382200325612883,12.377350309700384
217,6.732671429553153,16.742323388579532,3.0501820190910447,-8.296897903868889,18.00550770783931,13.32266206696912,-7.325537184194138,16.607849350240702,12.245429295501177,-9.281033503214873,19.169782398489108,14.409273188019105,4.128349051897762,0.9249091955012498,0.45200918272831103,0.22382200325612883,12.245429295501177
218,6.601100770818862,16.754217375911836,3.0501816199644587,-8.296897903868889,18.00550770783931,13.190561749036274,-7.325537184194138,16.607849350240702,12.113511203294564,-9.281033503214873,19.169782398489108,14.277176006790263,4.128349063843145,0.9249091955012498,0.45200918272831103,0.22382200325612883,12.113511203294564
219,6.469530122665771,16.76611154598267,3.050180668420649,-8.296897903868889,18.00550770783931,13.058461426050817,-7.325537184194138,16.607849350240702,11.981596928728237,-9.281033503214873,19.169782398489108,14.145079429245312,4.128349286337362,0.9249091955012498,0.45200918272831103,0.22382200325612883,11.981596928728237
220,6.3379595272495886,16.7780063394982,3.050180596707601,-8.296897903868889,18.00550770783931,12.926361457135867,-7.325537184194138,16.607849350240702,11.849687570626527,-9.281033503214873,19.169782398489108,14.012982339249922,4.1283495166834,0.9249091955012498,0.45200918272831103,0.22382200325612883,11.849687570626527
221,6.206388944443102,16.789901254237034,3.0501827610266607,-8.296897903868889,18.00550770783931,12.794262196491045,-7.325537184194138,16.607849350240702,11.71778412984553,-9.281033503214873,19.169782398489108,13.880883695949448,4.12834954967346,0.9249091955012498,0.45200918272831103,0.22382200325612883,11.71778412984553
222,6.074818330210011,16.801795760553638,3.050185919582006,-8.296897903868889,18.00550770783931,12.662163349137927,-7.325537184194138,16.607849350240702,11.585885921072725,-9.281033503214873,19.169782398489108,13.74878448530404,4.128349369573895,0.9249091955012498,0.45200918272831103,0.22382200325612883,11.585885921072725
223,5.94324769577318,16.813690006759064,3.050188980346967,-8.296897903868889,18.00550770783931,12.530064643673917,-7.325537184194138,16.607849350240702,11.45399239958907,-9.281033503214873,19.169782398489108,13.616685561257,4.128349263890986,0.9249091955012498,0.45200918272831103,0.22382200325612883,11.45399239958907
224,5.811677069118983,16.825584327270427,3.050193035663326,-8.296897903868889,18.00550770783931,12.397966352900596,-7.325537184194138,16.607849350240702,11.322104453500812,-9.281033503214873,19.169782398489108,13.484586071818622,4.128349311053934,0.9249091955012498,0.45200918272831103,0.22382200325612883,11.322104453500812
225,5.680106331311495,16.837477390628926,3.05019853935316,-8.296897903868889,18.00550770783931,12.265868612782512,-7.325537184194138,16.607849350240702,11.190222469395918,-9.281033503214873,19.169782398489108,13.352485689054237,4.128349156218933,0.9249091955012498,0.45200918272831103,0.22382200325612883,11.190222469395918
226,5.548535541381954,16.849369864479335,3.05020223083217,-8.296897903868889,18.00550770783931,12.133770603470731,-7.325537184194138,16.607849350240702,11.058344564226699,-9.281033503214873,19.169782398489108,13.220386950846756,4.128349044825607,0.9249091955012498,0.45200918272831103,0.22382200325612883,11.058344564226699
227,5.416964634906232,16.861261108051067,3.050205025991225,-8.296897903868889,18.00550770783931,12.001672560642405,-7.325537184194138,16.607849350240702,10.926471477380758,-9.281033503214873,19.169782398489108,13.088289151709999,4.128349086254645,0.9249091955012498,0.45200918272831103,0.22382200325612883,10.926471477380758
228,5.285393708342053,16.873152201086068,3.0502054147577966,-8.296897903868889,18.00550770783931,11.869574097159298,-7.325537184194138,16.607849350240702,10.794602507889891,-9.281033503214873,19.169782398489108,12.956193458457337,4.128349247203503,0.9249091955012498,0.45200918272831103,0.22382200325612883,10.794602507889891
229,5.153822709044678,16.88504258168757,3.0502052766686663,-8.296897903868889,18.00550770783931,11.737475695315291,-7.325537184194138,16.607849350240702,10.662739039924048,-9.281033503214873,19.169782398489108,12.824098419706191,4.128349432069329,0.9249091955012498,0.45200918272831103,0.22382200325612883,10.662739039924048
230,5.022251732840548,16.896933273103087,3.0502032478652126,-8.296897903868889,18.00550770783931,11.605377009519474,-7.325537184194138,16.607849350240702,10.530880492870107,-9.281033503214873,19.169782398489108,12.692005093317494,4.1283495909869465,0.9249091955012498,0.45200918272831103,0.22382200325612883,10.530880492870107
231,4.89068075645273,16.908824018567334,3.0502015019025617,-8.296897903868889,18.00550770783931,11.473278596016742,-7.325537184194138,16.607849350240702,10.399028474129066,-9.281033503214873,19.169782398489108,12.55991179859838,4.128349768364702,0.9249091955012498,0.45200918272831103,0.22382200325612883,10.399028474129066
232,4.759109789253435,16.920714876940796,3.050199185610025,-8.296897903868889,18.00550770783931,11.341180250313075,-7.325537184194138,16.607849350240702,10.267182693684536,-9.281033503214873,19.169782398489108,12.42781921051083,4.128349791380478,0.9249091955012498,0.45200918272831103,0.22382200325612883,10.267182693684536
233,4.627538867159347,16.932606244003207,3.050196438851907,-8.296897903868889,18.00550770783931,11.209082010138866,-7.325537184194138,16.607849350240702,10.13534352594563,-9.281033503214873,19.169782398489108,12.295727222935822,4.128349865164887,0.9249091955012498,0.45200918272831103,0.22382200325612883,10.13534352594563
234,4.495968026415073,16.944498507095354,3.050194824547485,-8.296897903868889,18.00550770783931,11.076984274340257,-7.325537184194138,16.607849350240702,10.003512258689543,-9.281033503214873,19.169782398489108,12.163634625516647,4.128349988267625,0.9249091955012498,0.45200918272831103,0.22382200325612883,10.003512258689543
235,4.36439720228552,16.956390905930434,3.050195424721818,-8.296897903868889,18.00550770783931,10.944887338908021,-7.325537184194138,16.607849350240702,9.87168980958325,-9.281033503214873,19.169782398489108,12.031540602640506,4.128349916089223,0.9249091955012498,0.45200918272831103,0.22382200325612883,9.87168980958325
236,4.232826350930997,16.968282935553443,3.050196067870032,-8.296897903868889,18.00550770783931,10.81279067243715,-7.325537184194138,16.607849350240702,9.739875072642896,-9.281033503214873,19.169782398489108,11.899446861071835,4.128349673390674,0.9249091955012498,0.45200918272831103,0.22382200325612883,9.739875072642896
237,4.10125551858338,16.980175159422053,3.050195661430389,-8.296897903868889,18.00550770783931,10.680693995398284,-7.325537184194138,16.607849350240702,9.608067712742825,-9.281033503214873,19.169782398489108,11.767354246184555,4.128349634437164,0.9249091955012498,0.45200918272831103,0.22382200325612883,9.608067712742825
238,3.9696846550264873,16.992067065675435,3.0501953083548465,-8.296897903868889,18.00550770783931,10.548597599130096,-7.325537184194138,16.607849350240702,9.476268720443498,-9.281033503214873,19.169782398489108,11.635261915660314,4.128349676678513,0.9249091955012498,0.45200918272831103,0.22382200325612883,9.476268720443498
239,3.8381138395352865,17.003959520178185,3.050194095105842,-8.296897903868889,18.00550770783931,10.416501251428633,-7.325537184194138,16.607849350240702,9.34447794057804,-9.281033503214873,19.169782398489108,11.503170577206143,4.128349764804087,0.9249091955012498,0.45200918272831103,0.22382200325612883,9.34447794057804
240,3.7065430635481045,17.015852423488152,3.0501944729988795,-8.296897903868889,18.00550770783931,10.284405587284672,-7.325537184194138,16.607849350240702,9.212697269826172,-9.281033503214873,19.169782398489108,11.371078343023804,4.128349888624015,0.9249091955012498,0.45200918272831103,0.22382200325612883,9.212697269826172
241,3.574972279083731,17.02774518823201,3.05019625717284,-8.296897903868889,18.00550770783931,10.152310584975686,-7.325537184194138,16.607849350240702,9.080926944678946,-9.281033503214873,19.169782398489108,11.23898538403518,4.12834976829864,0.9249091955012498,0.45200918272831103,0.22382200325612883,9.080926944678946
242,3.4434014747809463,17.03963768463286,3.0501979040654423,-8.296897903868889,18.00550770783931,10.02021586614796,-7.325537184194138,16.607849350240702,8.949166413001171,-9.281033503214873,19.169782398489108,11.106892912515345,4.128349590363854,0.9249091955012498,0.45200918272831103,0.22382200325612883,8.949166413001171
243,3.3118306920783027,17.051530404088073,3.050199582179782,-8.296897903868889,18.00550770783931,9.888121476526978,-7.325537184194138,16.607849350240702,8.81741625546581,-9.281033503214873,19.169782398489108,10.974800800690948,4.128349585560421,0.9249091955012498,0.45200918272831103,0.22382200325612883,8.81741625546581
244,3.180259848605445,17.063422441687074,3.0502022882384443,-8.296897903868889,18.00550770783931,9.756027696098187,-7.325537184194138,16.607849350240702,8.685677485847254,-9.281033503214873,19.169782398489108,10.842708305208783,4.128349509180665,0.9249091955012498,0.45200918272831103,0.22382200325612883,8.685677485847254
245,3.048688970454135,17.075314084573172,3.050203660085816,-8.296897903868889,18.00550770783931,9.623933931407342,-7.325537184194138,16.607849350240702,8.553949172344552,-9.281033503214873,19.169782398489108,10.710617265040444,4.128349402740349,0.9249091955012498,0.45200918272831103,0.22382200325612883,8.553949172344552
246,2.9171180106168206,17.087204868550437,3.0502036009959066,-8.296897903868889,18.00550770783931,9.49184017280245,-7.325537184194138,16.607849350240702,8.422231752416922,-9.281033503214873,19.169782398489108,10.578527771978976,4.128349395094973,0.9249091955012498,0.45200918272831103,0.22382200325612883,8.422231752416922
247,2.7857460515162242,17.09902594280689,3.0501428356216653,-8.296897903868889,18.00550770783931,9.359936407741186,-7.325537184194138,16.607849350240702,8.290689673588737,-9.281033503214873,19.169782398489108,10.44669093999622,4.122091075051561,0.9249091955012498,0.45200918272831103,0.22382200325612883,8.290689673588737
248,2.6543838441644154,17.110841783661378,3.049907960956674,-8.296897903868889,18.00550770783931,9.227998575997443,-7.325537184194138,16.607849350240702,8.159065299103233,-9.281033503214873,19.169782398489108,10.314999367619347,4.121743270643415,0.9249091955012498,0.45200918272831103,0.22382200325612883,8.159065299103233
249,2.522985887457364,17.12268274374176,3.0495213049432044,-8.296897903868889,18.00550770783931,9.095984036632565,-7.325537184194138,16.607849350240702,8.027328415826032,-9.281033503214873,19.169782398489108,10.183387367397387,4.1228791715407205,0.9249091955012498,0.45200918272831103,0.22382200325612883,8.027328415826032
250,2.3915553051931386,17.134569968356605,3.0490141047008104,-8.296897903868889,18.00550770783931,8.963901848474592,-7.325537184194138,16.607849350240702,7.895503001626438,-9.281033503214873,19.169782398489108,10.051831787506115,4.123993120842163,0.9249091955012498,0.45200918272831103,0.22382200325612883,7.895503001626438
251,2.260107561029136,17.14651936189362,3.048407116293419,-8.296897903868889,18.00550770783931,8.831771238680904,-7.325537184194138,16.607849350240702,7.763619116516243,-9.281033503214873,19.169782398489108,9.920330442565048,4.124691544774757,0.9249091955012498,0.45200918272831103,0.22382200325612883,7.763619116516243
252,2.1286583619282666,17.158543793346336,3.0477115337414222,-8.296897903868889,18.00550770783931,8.699609566826563,-7.325537184194138,16.607849350240702,7.631701441278036,-9.281033503214873,19.169782398489108,9.788889128733544,4.124955989999373,0.9249091955012498,0.45200918272831103,0.22382200325612883,7.631701441278036
253,1.997220523053842,17.170654651996966,3.046932158892533,-8.296897903868889,18.00550770783931,8.567429867596553,-7.325537184194138,16.607849350240702,7.499768143638068,-9.281033503214873,19.169782398489108,9.657515899438778,4.124868678010258,0.9249091955012498,0.45200918272831103,0.22382200325612883,7.499768143638068
254,1.865803871727901,17.182862811917335,3.0460698230398435,-8.296897903868889,18.00550770783931,8.435241291197844,-7.325537184194138,16.607849350240702,7.367832318885061,-9.281033503214873,19.169782398489108,9.526219009665207,4.124518231416601,0.9249091955012498,0.45200918272831103,0.22382200325612883,7.367832318885061
255,1.7344159668154497,17.19517917223751,3.045122922633612,-8.296897903868889,18.00550770783931,8.303050172981779,-7.325537184194138,16.607849350240702,7.235903703065398,-9.281033503214873,19.169782398489108,9.39500640205826,4.123973560095173,0.9249091955012498,0.45200918272831103,0.22382200325612883,7.235903703065398
256,1.6030628673978349,17.207614935234105,3.0440883355233965,-8.296897903868889,18.00550770783931,8.170861021436467,-7.325537184194138,16.607849350240702,7.103990059752204,-9.281033503214873,19.169782398489108,9.26388574943931,4.123281535263073,0.9249091955012498,0.45200918272831103,0.22382200325612883,7.103990059752204
257,1.4717497388926462,17.220181736538493,3.042961951131844,-8.296897903868889,18.00550770783931,8.038677262498279,-7.325537184194138,16.607849350240702,6.97209817415478,-9.281033503214873,19.169782398489108,9.132864651108608,4.122471448830802,0.9249091955012498,0.45200918272831103,0.22382200325612883,6.97209817415478
258,1.3404812787273563,17.232891700432535,3.0417389705796896,-8.296897903868889,18.00550770783931,7.9065017556106785,-7.325537184194138,16.607849350240702,6.840234534222686,-9.281033503214873,19.169782398489108,9.001950837494086,4.121560240719875,0.9249091955012498,0.45200918272831103,0.22382200325612883,6.840234534222686
259,1.2092619990121438,17.245757464778798,3.04041407398515,-8.296897903868889,18.00550770783931,7.774337139799682,-7.325537184194138,16.607849350240702,6.708405797441675,-9.281033503214873,19.169782398489108,8.871152341108203,4.120556729715493,0.9249091955012498,0.45200918272831103,0.22382200325612883,6.708405797441675
260,1.078096409775756,17.258792201200365,3.038981513813026,-8.296897903868889,18.00550770783931,7.64218606617677,-7.325537184194138,16.607849350240702,6.576619124606675,-9.281033503214873,19.169782398489108,8.740477629412199,4.119464607067226,0.9249091955012498,0.45200918272831103,0.22382200325612883,6.576619124606675
261,0.9469891379573261,17.27200964340035,3.037435169081662,-8.296897903868889,18.00550770783931,7.510051360071987,-7.325537184194138,16.607849350240702,6.44488243885424,-9.281033503214873,19.169782398489108,8.609935706756454,4.118284410240708,0.9249091955012498,0.45200918272831103,0.22382200325612883,6.44488243885424
262,0.8159450069892737,17.285424128060306,3.03576858032591,-8.296897903868889,18.00550770783931,7.377936142768716,-7.325537184194138,16.607849350240702,6.3132046489544305,-9.281033503214873,19.169782398489108,8.479536194669379,4.117014766669161,0.9249091955012498,0.45200918272831103,0.22382200325612883,6.3132046489544305
263,0.684969093254328,17.299050647476772,3.033974976105397,-8.296897903868889,18.00550770783931,7.245843932575948,-7.325537184194138,16.607849350240702,6.181595862009145,-9.281033503214873,19.169782398489108,8.349289398879955,4.115653151242598,0.9249091955012498,0.45200918272831103,0.22382200325612883,6.181595862009145
264,0.5540667695720556,17.31290491023268,3.032047296433834,-8.296897903868889,18.00550770783931,7.113778737878684,-7.325537184194138,16.607849350240702,6.050067601599294,-9.281033503214873,19.169782398489108,8.219206369893547,4.114196334212815,0.9249091955012498,0.45200918272831103,0.22382200325612883,6.050067601599294
265,0.42324374179534796,17.327003405125303,3.0299782154499733,-8.296897903868889,18.00550770783931,6.981745150197318,-7.325537184194138,16.607849350240702,5.918633041877358,-9.281033503214873,19.169782398489108,8.089298962418173,4.112640638732789,0.9249091955012498,0.45200918272831103,0.22382200325612883,5.918633041877358
266,0.2925060820178843,17.3413634637142,3.0277601640807488,-8.296897903868889,18.00550770783931,6.84974844243848,-7.325537184194138,16.607849350240702,5.787307265030883,-9.281033503214873,19.169782398489108,7.959579897633239,4.110982085259585,0.9249091955012498,0.45200918272831103,0.22382200325612883,5.787307265030883
267,0.16186026032326817,17.35600331770741,3.0253853527771075,-8.296897903868889,18.00550770783931,6.71779467584832,-7.325537184194138,16.607849350240702,5.6561075481137735,-9.281033503214873,19.169782398489108,7.8300628312209195,4.1092164715579775,0.9249091955012498,0.45200918272831103,0.22382200325612883,5.6561075481137735
268,0.03131317608318285,17.37094214856185,3.0228457942384215,-8.296897903868889,18.00550770783931,6.585890818265727,-7.325537184194138,16.607849350240702,5.525053684867781,-9.281033503214873,19.169782398489108,7.700762429228023,4.1073394184732415,0.9249091955012498,0.45200918272831103,0.22382200325612883,5.525053684867781
269,-0.09912781071356003,17.386200127833114,3.020133326120363,-8.296897903868889,18.00550770783931,6.454044875836326,-7.325537184194138,16.607849350240702,5.394168348445072,-9.281033503214873,19.169782398489108,7.571694453177721,4.105346399823612,0.9249091955012498,0.45200918272831103,0.22382200325612883,5.394168348445072
270,-0.22945484791086224,17.401798447782667,3.017239633879338,-8.296897903868889,18.00550770783931,6.322266040206691,-7.325537184194138,16.607849350240702,5.263477501650869,-9.281033503214873,19.169782398489108,7.442875855390669,4.103232767351647,0.9249091955012498,0.45200918272831103,0.22382200325612883,5.263477501650869
271,-0.35965955938481353,17.417759342445883,3.0141562740501042,-8.296897903868889,18.00550770783931,6.190564853261146,-7.325537184194138,16.607849350240702,5.133010862316574,-9.281033503214873,19.169782398489108,7.314324885184227,4.1009937770741205,0.9249091955012498,0.45200918272831103,0.22382200325612883,5.133010862316574
272,-0.48973301305673145,17.43410609976992,3.01087469833882,-8.296897903868889,18.00550770783931,6.058953391625954,-7.325537184194138,16.607849350240702,5.002802432627187,-9.281033503214873,19.169782398489108,7.186061206470521,4.098624620540001,0.9249091955012498,0.45200918272831103,0.22382200325612883,5.002802432627187
273,-0.619665688844653,17.450863065584258,3.0073862789312744,-8.296897903868889,18.00550770783931,5.9274454734146635,-7.325537184194138,16.607849350240702,4.872891102651661,-9.281033503214873,19.169782398489108,7.058106027239119,4.0961204627821175,0.9249091955012498,0.45200918272831103,0.22382200325612883,4.872891102651661
274,-0.7494474467261603,17.46805564013353,3.0036823353750455,-8.296897903868889,18.00550770783931,5.794848088091227,-7.325537184194138,16.607849350240702,4.743321339982209,-9.281033503214873,19.169782398489108,6.92832258978362,4.093476487709961,0.9249091955012498,0.45200918272831103,0.22382200325612883,4.743321339982209
275,-0.8790674951289641,17.485710267754566,2.999754163313303,-8.296897903868889,18.00550770783931,5.660940350960648,-7.325537184194138,16.607849350240702,4.614143979317372,-9.281033503214873,19.169782398489108,6.798486407692833,4.090687951075648,0.9249091955012498,0.45200918272831103,0.22382200325612883,4.614143979317372
276,-1.0085143599078599,17.50385442008266,2.9955930652471525,-8.296897903868889,18.00550770783931,5.526953880797878,-7.325537184194138,16.607849350240702,4.485417128068434,-9.281033503214873,19.169782398489108,6.668822003023942,4.087750240785227,0.9249091955012498,0.45200918272831103,0.22382200325612883,4.485417128068434
277,-1.1377758542074277,17.522516572976354,2.991190383400043,-8.296897903868889,18.00550770783931,5.392894766657933,-7.325537184194138,16.607849350240702,4.357207206670578,-9.281033503214873,19.169782398489108,6.539345302716868,4.084658944116662,0.9249091955012498,0.45200918272831103,0.22382200325612883,4.357207206670578
278,-1.2668324347305342,17.541726870801718,2.986538370395041,-8.296897903868889,18.00550770783931,5.258778079840313,-7.325537184194138,16.607849350240702,4.229597015699986,-9.281033503214873,19.169782398489108,6.410080192841651,4.081214589708729,0.9249091955012498,0.45200918272831103,0.22382200325612883,4.229597015699986
279,-1.3956578094247822,17.561516439135755,2.9816298322932107,-8.296897903868889,18.00550770783931,5.124627317708552,-7.325537184194138,16.607849350240702,4.102686187203227,-9.281033503214873,19.169782398489108,6.28105827001084,4.077234515145749,0.9249091955012498,0.45200918272831103,0.22382200325612883,4.102686187203227
280,-1.5242288743859218,17.58191545370329,2.976460636263279,-8.296897903868889,18.00550770783931,4.990467138610535,-7.325537184194138,16.607849350240702,3.9765830074953095,-9.281033503214873,19.169782398489108,6.152308829925978,4.072818088156792,0.9249091955012498,0.45200918272831103,0.22382200325612883,3.9765830074953095
281,-1.6525243612237086,17.60295132044173,2.971026411557413,-8.296897903868889,18.00550770783931,4.856322626654853,-7.325537184194138,16.607849350240702,3.8514061078443813,-9.281033503214873,19.169782398489108,6.023861484642769,4.068017636498418,0.9249091955012498,0.45200918272831103,0.22382200325612883,3.8514061078443813
282,-1.7805258670135773,17.624652123321386,2.9653193816400245,-8.296897903868889,18.00550770783931,4.7222156458162425,-7.325537184194138,16.607849350240702,3.7272853612038643,-9.281033503214873,19.169782398489108,5.895745754441785,4.062944228522173,0.9249091955012498,0.45200918272831103,0.22382200325612883,3.7272853612038643
283,-1.9082164566762274,17.64704662389371,2.959331109809766,-8.296897903868889,18.00550770783931,4.588168848867907,-7.325537184194138,16.607849350240702,3.6043664608069244,-9.281033503214873,19.169782398489108,5.767992038027935,4.057663947623221,0.9249091955012498,0.45200918272831103,0.22382200325612883,3.6043664608069244
284,-2.0355797747874274,17.670164006461324,2.95305309804073,-8.296897903868889,18.00550770783931,4.454207573258882,-7.325537184194138,16.607849350240702,3.4828146499063433,-9.281033503214873,19.169782398489108,5.640632676283838,4.052214887926369,0.9249091955012498,0.45200918272831103,0.22382200325612883,3.4828146499063433
285,-2.1625986440631344,17.69403615356253,2.946478359730714,-8.296897903868889,18.00550770783931,4.320362549395575,-7.325537184194138,16.607849350240702,3.362819728201593,-9.281033503214873,19.169782398489108,5.513702776182291,4.046608563266575,0.9249091955012498,0.45200918272831103,0.22382200325612883,3.362819728201593
286,-2.2892571656151057,17.718696458830152,2.939600867614383,-8.296897903868889,18.00550770783931,4.186668259812785,-7.325537184194138,16.607849350240702,3.24459719531443,-9.281033503214873,19.169782398489108,5.386652462692216,4.040914546895606,0.9249091955012498,0.45200918272831103,0.22382200325612883,3.24459719531443
287,-2.4155536728344447,17.744183200212174,2.9324174546576622,-8.296897903868889,18.00550770783931,4.05315162632257,-7.325537184194138,16.607849350240702,3.1283802916517356,-9.281033503214873,19.169782398489108,5.255751558997084,4.035609520692294,0.9249091955012498,0.45200918272831103,0.22382200325612883,3.1283802916517356
288,-2.541486719551314,17.770533998099808,2.92492430936576,-8.296897903868889,18.00550770783931,3.91984521042828,-7.325537184194138,16.607849350240702,3.0144372625197184,-9.281033503214873,19.169782398489108,5.125001914106075,4.0307248386405625,0.9249091955012498,0.45200918272831103,0.22382200325612883,3.0144372625197184
289,-2.6670545477144607,17.797786656961385,2.9171179596227406,-8.296897903868889,18.00550770783931,3.7867894314549493,-7.325537184194138,16.607849350240702,2.903077185899833,-9.281033503214873,19.169782398489108,4.994415188437051,4.026280485568703,0.9249091955012498,0.45200918272831103,0.22382200325612883,2.903077185899833
290,-2.792255034372814,17.825979222383662,2.9089956283178844,-8.296897903868889,18.00550770783931,3.654034188136641,-7.325537184194138,16.607849350240702,2.794655490823739,-9.281033503214873,19.169782398489108,4.8640068368604785,4.022292559471748,0.9249091955012498,0.45200918272831103,0.22382200325612883,2.794655490823739
291,-2.9170857426246606,17.855149847188166,2.900555355663403,-8.296897903868889,18.00550770783931,3.5216405091133747,-7.325537184194138,16.607849350240702,2.6895795530531985,-9.281033503214873,19.169782398489108,4.733796573925037,4.01877641580518,0.9249091955012498,0.45200918272831103,0.22382200325612883,2.6895795530531985
292,-3.0415438040508747,17.885336930332755,2.8917959620230436,-8.296897903868889,18.00550770783931,3.3896825790658984,-7.325537184194138,16.607849350240702,2.5883145400625454,-9.281033503214873,19.169782398489108,4.603808959923789,4.015751034967849,0.9249091955012498,0.45200918272831103,0.22382200325612883,2.5883145400625454
293,-3.1656258313637404,17.916579187457017,2.882717152358121,-8.296897903868889,18.00550770783931,3.258250264764442,-7.325537184194138,16.607849350240702,2.4913886763047963,-9.281033503214873,19.169782398489108,4.474074090871458,4.01323404939693,0.9249091955012498,0.45200918272831103,0.22382200325612883,2.4913886763047963
294,-3.289346446117327,17.948922911714096,2.873319277082831,-8.296897903868889,18.00550770783931,3.1274327811021756,-7.325537184194138,16.607849350240702,2.3993841156865745,-9.281033503214873,19.169782398489108,4.344608564585592,4.0118661543672385,0.9249091955012498,0.45200918272831103,0.22382200325612883,2.3993841156865745
295,-3.412636473124083,17.982396669595975,2.8636044534747636,-8.296897903868889,18.00550770783931,2.9974268021425745,-7.325537184194138,16.607849350240702,2.3130175849752725,-9.281033503214873,19.169782398489108,4.215521431156117,4.009077503309441,0.9249091955012498,0.45200918272831103,0.22382200325612883,2.3130175849752725
296,-3.535432491691233,18.017022096843608,2.853569874136271,-8.296897903868889,18.00550770783931,2.868447580708587,-7.325537184194138,16.607849350240702,2.233060327616008,-9.281033503214873,19.169782398489108,4.082480229518715,4.005013468056158,0.9249091955012498,0.45200918272831103,0.22382200325612883,2.233060327616008
297,-3.6576827328782664,18.052820955794356,2.843212583509309,-8.296897903868889,18.00550770783931,2.7407302795318498,-7.325537184194138,16.607849350240702,2.160325138686295,-9.281033503214873,19.169782398489108,3.9466624772458427,4.000040336637484,0.9249091955012498,0.45200918272831103,0.22382200325612883,2.160325138686295
298,-3.779342587782029,18.089816731689815,2.8325310649369957,-8.296897903868889,18.00550770783931,2.614541672387309,-7.325537184194138,16.607849350240702,2.095654342980774,-9.281033503214873,19.169782398489108,3.810962304894664,3.9944082556392364,0.9249091955012498,0.45200918272831103,0.22382200325612883,2.095654342980774
299,-3.900372254705635,18.128033119034225,2.821524901532152,-8.296897903868889,18.00550770783931,2.4901906545340506,-7.325537184194138,16.607849350240702,2.0398965601892436,-9.281033503214873,19.169782398489108,3.6754529058861776,3.9882856754388216,0.9249091955012498,0.45200918272831103,0.22382200325612883,2.0398965601892436
300,-4.020735969398182,18.167488608623835,2.81019267078264,-8.296897903868889,18.00550770783931,2.368038724127038,-7.325537184194138,16.607849350240702,1.9938721543445872,-9.281033503214873,19.169782398489108,3.5402132342839034,3.9817594031495966,0.9249091955012498,0.45200918272831103,0.22382200325612883,1.9938721543445872
301,-4.140398651472704,18.208206633100875,2.7985361476146404,-8.296897903868889,18.00550770783931,2.248516119403115,-7.325537184194138,16.607849350240702,1.9583353539020611,-9.281033503214873,19.169782398489108,3.4053327426436164,3.9749299014502744,0.9249091955012498,0.45200918272831103,0.22382200325612883,1.9583353539020611
302,-4.259326423258303,18.250211474910845,2.7865586809457676,-8.296897903868889,18.00550770783931,2.1321355217888787,-7.325537184194138,16.607849350240702,1.9339256874979942,-9.281033503214873,19.169782398489108,3.2709128451994345,3.967873705601364,0.9249091955012498,0.45200918272831103,0.22382200325612883,1.9339256874979942
303,-4.377486419164821,18.293527120041908,2.7742647306346124,-8.296897903868889,18.00550770783931,2.019509133621931,-7.325537184194138,16.607849350240702,1.921121511305259,-9.281033503214873,19.169782398489108,3.137069523954982,3.9606512841981925,0.9249091955012498,0.45200918272831103,0.22382200325612883,1.921121511305259
304,-4.494846931249871,18.33817523747763,2.761659011016361,-8.296897903868889,18.00550770783931,1.9113675004845834,-7.325537184194138,16.607849350240702,1.9202012535169561,-9.281033503214873,19.169782398489108,3.0039362581762528,3.953303109622822,0.9249091955012498,0.45200918272831103,0.22382200325612883,1.9113675004845834
305,-4.611378648203286,18.38416909035386,2.7487438331622576,-8.296897903868889,18.00550770783931,1.8085780814298555,-7.325537184194138,16.607849350240702,1.931218627290018,-9.281033503214873,19.169782398489108,2.871666869026984,3.94582271080299,0.9249091955012498,0.45200918272831103,0.22382200325612883,1.8085780814298555
306,-4.7270507531781485,18.431527338480798,2.7355249847972547,-8.296897903868889,18.00550770783931,1.7121681936526234,-7.325537184194138,16.607849350240702,1.9540029746859442,-9.281033503214873,19.169782398489108,2.74044352708877,3.938266069580964,0.9249091955012498,0.45200918272831103,0.22382200325612883,1.7121681936526234
307,-4.841832729103656,18.480269385493997,2.7220098462281297,-8.296897903868889,18.00550770783931,1.623334944954889,-7.325537184194138,16.607849350240702,1.9881734009314913,-9.281033503214873,19.169782398489108,2.610481001937103,3.9306861111056715,0.9249091955012498,0.45200918272831103,0.22382200325612883,1.623334944954889
308,-4.955694796428595,18.530414166121133,2.708206858334085,-8.296897903868889,18.00550770783931,1.54344270579629,-7.325537184194138,16.607849350240702,2.0331716322464577,-9.281033503214873,19.169782398489108,2.48203361784964,3.9231334909842692,0.9249091955012498,0.45200918272831103,0.22382200325612883,1.54344270579629
309,-5.068608016689582,18.58197980324687,2.6941253526010405,-8.296897903868889,18.00550770783931,1.473996091699918,-7.325537184194138,16.607849350240702,2.08830596370534,-9.281033503214873,19.169782398489108,2.3554044104625844,3.915657171951308,0.9249091955012498,0.45200918272831103,0.22382200325612883,1.473996091699918
310,-5.18054432990164,18.63498349755285,2.679775482329143,-8.296897903868889,18.00550770783931,1.4165757588980372,-7.325537184194138,16.607849350240702,2.1527987498659313,-9.281033503214873,19.169782398489108,2.2309567117349007,3.9083050961809693,0.9249091955012498,0.45200918272831103,0.22382200325612883,1.4165757588980372
311,-5.291476584463523,18.689441491726623,2.665168186297563,-8.296897903868889,18.00550770783931,1.3727278371635232,-7.325537184194138,16.607849350240702,2.2258310792565497,-9.281033503214873,19.169782398489108,2.109128638316643,3.9011246554521457,0.9249091955012498,0.45200918272831103,0.22382200325612883,1.3727278371635232
312,-5.40137856838277,18.745369064623464,2.650315164234938,-8.296897903868889,18.00550770783931,1.343809560375527,-7.325537184194138,16.607849350240702,2.3065804049747793,-9.281033503214873,19.169782398489108,1.9904510075884672,3.8941629036231533,0.9249091955012498,0.45200918272831103,0.22382200325612883,1.343809560375527
313,-5.510225039791727,18.802780538857576,2.6352288562864246,-8.296897903868889,18.00550770783931,1.330813904405836,-7.325537184194138,16.607849350240702,2.3942492145690526,-9.281033503214873,19.169782398489108,1.875569078404869,3.88746653829019,0.9249091955012498,0.45200918272831103,0.22382200325612883,1.330813904405836
314,-5.6179917533536585,18.86168929324433,2.619922422655961,-8.296897903868889,18.00550770783931,1.3342168511422854,-7.325537184194138,16.607849350240702,2.488084692711824,-9.281033503214873,19.169782398489108,1.7652680821231455,3.8810817000990907,0.9249091955012498,0.45200918272831103,0.22382200325612883,1.330813904405836
315,-5.724655479921789,18.922107774572066,2.604409721231217,-8.296897903868889,18.00550770783931,1.3538969129315803,-7.325537184194138,16.607849350240702,2.5873905048010513,-9.281033503214873,19.169782398489108,1.6605015168645836,3.8750536397662505,0.9249091955012498,0.45200918272831103,0.22382200325612883,1.330813904405836
316,-5.830194017899268,18.984047504918053,2.5887052818991454,-8.296897903868889,18.00550770783931,1.3891567689699649,-7.325537184194138,16.607849350240702,2.6915323515193963,-9.281033503214873,19.169782398489108,1.5624192266660697,3.869426297884453,0.9249091955012498,0.45200918272831103,0.22382200325612883,1.330813904405836
317,-5.934586195727347,19.04751908196066,2.572824276852836,-8.296897903868889,18.00550770783931,1.4388387824953424,-7.325537184194138,16.607849350240702,2.7999390000416913,-9.281033503214873,19.169782398489108,1.472388898241866,3.864241835629227,0.9249091955012498,0.45200918272831103,0.22382200325612883,1.330813904405836
318,-6.037811865724847,19.112532170674637,2.5567824865960347,-8.296897903868889,18.00550770783931,1.5014932999921318,-7.325537184194138,16.607849350240702,2.912100291230903,-9.281033503214873,19.169782398489108,1.3919995222360841,3.8595401472567095,0.9249091955012498,0.45200918272831103,0.22382200325612883,1.330813904405836
319,-6.139851890122036,19.17909548549729,2.5405962616193825,-8.296897903868889,18.00550770783931,1.5755497624227854,-7.325537184194138,16.607849350240702,3.027563312189138,-9.281033503214873,19.169782398489108,1.3230293498749557,3.855358378531471,0.9249091955012498,0.45200918272831103,0.22382200325612883,1.3230293498749557
320,-6.240688120599293,19.247216762572325,2.5242824798853363,-8.296897903868889,18.00550770783931,1.6594546885643269,-7.325537184194138,16.607849350240702,3.145927608121927,-9.281033503214873,19.169782398489108,1.2673571337824865,3.8517304692986247,0.9249091955012498,0.45200918272831103,0.22382200325612883,1.2673571337824865
321,-6.340303372977443,19.31690272206591,2.5078585003467584,-8.296897903868889,18.00550770783931,1.7517627462861036,-7.325537184194138,16.607849350240702,3.2668400351008726,-9.281033503214873,19.169782398489108,1.2268006940471679,3.8486867334770056,0.9249091955012498,0.45200918272831103,0.22382200325612883,1.2268006940471679
322,-6.438681398929468,19.38815902085547,2.4913421127639976,-8.296897903868889,18.00550770783931,1.851184282923667,-7.325537184194138,16.607849350240702,3.3899896418892443,-9.281033503214873,19.169782398489108,1.2028889760507602,3.846253485827734,0.9249091955012498,0.45200918272831103,0.22382200325612883,1.2028889760507602
323,-6.533934485453197,19.459629455806123,2.475671099727753,-8.296897903868889,18.00550770783931,1.953482635364903,-7.325537184194138,16.607849350240702,3.5117598640306986,-9.281033503214873,19.169782398489108,1.1956575278246342,3.769454937743744,0.9249091955012498,0.45200918272831103,0.22382200325612883,1.1956575278246342
324,-6.627052853470387,19.53279480131207,2.463836759380805,-8.296897903868889,18.00550770783931,2.053821061115954,-7.325537184194138,16.607849350240702,3.628951491529808,-9.281033503214873,19.169782398489108,1.1996049492219878,3.732259571944276,0.9249091955012498,0.45200918272831103,0.22382200325612883,1.1956575278246342
325,-6.717864948053777,19.60714068864412,2.456133232673801,-8.296897903868889,18.00550770783931,2.15072289858092,-7.325537184194138,16.607849350240702,3.740680103879791,-9.281033503214873,19.169782398489108,1.2122741417058205,3.6856918327012913,0.9249091955012498,0.45200918272831103,0.22382200325612883,1.1956575278246342
326,-6.806195598130142,19.681327925192033,2.4528129203634363,-8.296897903868889,18.00550770783931,2.2421154341067067,-7.325537184194138,16.607849350240702,3.8453506324418543,-9.281033503214873,19.169782398489108,1.230358843326139,3.6126261976921605,0.9249091955012498,0.45200918272831103,0.22382200325612883,1.1956575278246342
327,-6.892553866497815,19.754887568616535,2.4533529070555296,-8.296897903868889,18.00550770783931,2.3283352517407403,-7.325537184194138,16.607849350240702,3.943598905795403,-9.281033503214873,19.169782398489108,1.2523248767006356,3.54785567971486,0.9249091955012498,0.45200918272831103,0.22382200325612883,1.1956575278246342
328,-6.977793955108899,19.827844841333683,2.4570189327111747,-8.296897903868889,18.00550770783931,2.410687930853475,-7.325537184194138,16.607849350240702,4.036925812000709,-9.281033503214873,19.169782398489108,1.2777893093760089,3.5081089796426013,0.9249091955012498,0.45200918272831103,0.22382200325612883,1.1956575278246342
329,-7.0624449321507505,19.900011900312432,2.4633963059485153,-8.296897903868889,18.00550770783931,2.4897106700266387,-7.325537184194138,16.607849350240702,4.126005687436652,-9.281033503214873,19.169782398489108,1.3061545571807178,3.4800765646345457,0.9249091955012498,0.45200918272831103,0.22382200325612883,1.1956575278246342
330,-7.147269386125149,19.97160318692865,2.4718340376723953,-8.296897903868889,18.00550770783931,2.5668138967176914,-7.325537184194138,16.607849350240702,4.2123191318090365,-9.281033503214873,19.169782398489108,1.337893182233274,3.475440465360892,0.9249091955012498,0.45200918272831103,0.22382200325612883,1.1956575278246342
331,-7.232720822278309,20.042718067947334,2.481953272515027,-8.296897903868889,18.00550770783931,2.642792757756624,-7.325537184194138,16.607849350240702,4.296709808896666,-9.281033503214873,19.169782398489108,1.373196970755225,3.484072913573937,0.9249091955012498,0.45200918272831103,0.22382200325612883,1.1956575278246342
332,-7.319018352174529,20.11319805468167,2.4935915218120064,-8.296897903868889,18.00550770783931,2.717792415115986,-7.325537184194138,16.607849350240702,4.37936950326125,-9.281033503214873,19.169782398489108,1.4117635734797558,3.49596145591875,0.9249091955012498,0.45200918272831103,0.22382200325612883,1.1956575278246342
333,-7.406552131623017,20.18296963598232,2.506333367665548,-8.296897903868889,18.00550770783931,2.7925152780126483,-7.325537184194138,16.607849350240702,4.461020636324429,-9.281033503214873,19.169782398489108,1.4539148410570681,3.515934291767312,0.9249091955012498,0.45200918272831103,0.22382200325612883,1.1956575278246342
334,-7.49573444418687,20.252007070773914,2.519679089656933,-8.296897903868889,18.00550770783931,2.867865404516686,-7.325537184194138,16.607849350240702,4.5425760466187945,-9.281033503214873,19.169782398489108,1.5002605904333233,3.5448719462645824,0.9249091955012498,0.45200918272831103,0.22382200325612883,1.1956575278246342
335,-7.586746178714545,20.320249648500646,2.533385228232846,-8.296897903868889,18.00550770783931,2.9442356127246847,-7.325537184194138,16.607849350240702,4.624447611038167,-9.281033503214873,19.169782398489108,1.5509442942659208,3.577348419765751,0.9249091955012498,0.45200918272831103,0.22382200325612883,1.1956575278246342
336,-7.6796565724803685,20.38762106630898,2.5473195848772994,-8.296897903868889,18.00550770783931,3.0217922687965415,-7.325537184194138,16.607849350240702,4.70682445147897,-9.281033503214873,19.169782398489108,1.6058946070352411,3.6107903274282758,0.9249091955012498,0.45200918272831103,0.22382200325612883,1.1956575278246342
337,-7.7744945453343774,20.45404657280127,2.561393307783056,-8.296897903868889,18.00550770783931,3.100622109778641,-7.325537184194138,16.607849350240702,4.789817671242523,-9.281033503214873,19.169782398489108,1.66496245949409,3.644435540159291,0.9249091955012498,0.45200918272831103,0.22382200325612883,1.1956575278246342
338,-7.871272838056804,20.519460938335396,2.575535036586543,-8.296897903868889,18.00550770783931,3.180788429586977,-7.325537184194138,16.607849350240702,4.873515428216115,-9.281033503214873,19.169782398489108,1.7279796419973916,3.6781300970828483,0.9249091955012498,0.45200918272831103,0.22382200325612883,1.1956575278246342
339,-7.969988794871333,20.583808669127748,2.589692211605657,-8.296897903868889,18.00550770783931,3.2623287108984744,-7.325537184194138,16.607849350240702,4.957980471310229,-9.281033503214873,19.169782398489108,1.7947591501009208,3.7117219254578098,0.9249091955012498,0.45200918272831103,0.22382200325612883,1.1956575278246342
340,-8.070632285278442,20.647046186804822,2.6038223955333244,-8.296897903868889,18.00550770783931,3.3452727415161423,-7.325537184194138,16.607849350240702,5.0432678455765645,-9.281033503214873,19.169782398489108,1.865116463499612,3.745229852639639,0.9249091955012498,0.45200918272831103,0.22382200325612883,1.1956575278246342
341,-8.173189209654364,20.709142034497773,2.617889957059387,-8.296897903868889,18.00550770783931,3.429648915477873,-7.325537184194138,16.607849350240702,5.066173615472097,-9.281033503214873,19.169782398489108,1.9388779554591604,3.778728671207872,0.9249091955012498,0.45200918272831103,0.22382200325612883,1.1956575278246342
342,-8.277643392693689,20.770076133694033,2.6318646105199237,-8.296897903868889,18.00550770783931,3.5154862342167776,-7.325537184194138,16.607849350240702,5.025010815541019,-9.281033503214873,19.169782398489108,2.015884057276961,3.812307088988577,0.9249091955012498,0.45200918272831103,0.22382200325612883,1.1956575278246342
343,-8.383977848196585,20.8298384709174,2.645720545570046,-8.296897903868889,18.00550770783931,3.602814733689578,-7.325537184194138,16.607849350240702,4.985733440484302,-9.281033503214873,19.169782398489108,2.095990131897461,3.8460517600659507,0.9249091955012498,0.45200918272831103,0.22382200325612883,1.1956575278246342
344,-8.49217271901287,20.888424055073955,2.6594379819977734,-8.296897903868889,18.00550770783931,3.691657492648874,-7.325537184194138,16.607849350240702,4.948636832704444,-9.281033503214873,19.169782398489108,2.179058294901168,3.8799309521783156,0.9249091955012498,0.45200918272831103,0.22382200325612883,1.1956575278246342
345,-8.602199658816831,20.945825208476155,2.6730065842188386,-8.296897903868889,18.00550770783931,3.782015831909027,-7.325537184194138,16.607849350240702,4.913991227610486,-9.281033503214873,19.169782398489108,2.2649421769577827,3.9136828540530826,0.9249091955012498,0.45200918272831103,0.22382200325612883,1.1956575278246342
346,-8.713808377118221,21.001887945140645,2.6863282346708903,-8.296897903868889,18.00550770783931,3.873768771636611,-7.325537184194138,16.607849350240702,4.8822652374941535,-9.281033503214873,19.169782398489108,2.353393710126611,3.9389775819453194,0.9249091955012498,0.45200918272831103,0.22382200325612883,1.1956575278246342
347,-8.82677842734927,21.056551999309782,2.699365649743362,-8.296897903868889,18.00550770783931,3.9667892054515717,-7.325537184194138,16.607849350240702,4.853785085363236,-9.281033503214873,19.169782398489108,2.444159396901719,3.957937702993631,0.9249091955012498,0.45200918272831103,0.22382200325612883,1.1956575278246342
348,-8.940978555462008,21.10977473705635,2.7120905082712614,-8.296897903868889,18.00550770783931,4.0609979492168025,-7.325537184194138,16.607849350240702,4.828799386233301,-9.281033503214873,19.169782398489108,2.537039163382316,3.973304501368433,0.9249091955012498,0.45200918272831103,0.22382200325612883,1.1956575278246342
349,-9.05637760695903,21.16144914581752,2.7244435872101413,-8.296897903868889,18.00550770783931,4.004627989906908,-7.325537184194138,16.607849350240702,4.80751635910069,-9.281033503214873,19.169782398489108,2.6318995164700465,3.987239094006146,0.9249091955012498,0.45200918272831103,0.22382200325612883,1.1956575278246342
350,-9.172860008980242,21.21165750895785,2.736443821039089,-8.296897903868889,18.00550770783931,3.9370779626626273,-7.325537184194138,16.607849350240702,4.790111126962718,-9.281033503214873,19.169782398489108,2.7285984844326254,3.99940524619725,0.9249091955012498,0.45200918272831103,0.22382200325612883,1.1956575278246342
351,-9.290296737540782,21.260527663206485,2.7481285631731796,-8.296897903868889,18.00550770783931,3.873544630981413,-7.325537184194138,16.607849350240702,4.776738426168596,-9.281033503214873,19.169782398489108,2.826994440714616,4.0097365221671435,0.9249091955012498,0.45200918272831103,0.22382200325612883,1.1956575278246342
352,-9.408611901123749,21.308114852016672,2.759502225083215,-8.296897903868889,18.00550770783931,3.814366643507426,-7.325537184194138,16.607849350240702,4.767536319581595,-9.281033503214873,19.169782398489108,2.926976034000121,4.018868459822505,0.9249091955012498,0.45200918272831103,0.22382200325612883,1.1956575278246342
353,-9.527748423748376,21.35445625597407,2.770561239961041,-8.296897903868889,18.00550770783931,3.759873523291439,-7.325537184194138,16.607849350240702,4.762618988216113,-9.281033503214873,19.169782398489108,3.028448865946793,4.027110253168946,0.9249091955012498,0.45200918272831103,0.22382200325612883,1.1956575278246342
354,-9.64758052090244,21.39959312817183,2.781316237733299,-8.296897903868889,18.00550770783931,3.710371776147717,-7.325537184194138,16.607849350240702,4.762057981292187,-9.281033503214873,19.169782398489108,3.131258146094861,4.0320803933775515,0.9249091955012498,0.45200918272831103,0.22382200325612883,1.1956575278246342
355,-9.768092832876029,21.443560627593772,2.791747352266157,-8.296897903868889,18.00550770783931,3.6661831845729598,-7.325537184194138,16.607849350240702,4.765946401124889,-9.281033503214873,19.169782398489108,3.235370445410694,4.037340444535465,0.9249091955012498,0.45200918272831103,0.22382200325612883,1.1956575278246342
356,-9.889259325322605,21.486394209672028,2.8018493584965576,-8.296897903868889,18.00550770783931,3.627567905510806,-7.325537184194138,16.607849350240702,4.774321691189411,-9.281033503214873,19.169782398489108,3.216952132820665,4.042618074110308,0.9249091955012498,0.45200918272831103,0.22382200325612883,1.1956575278246342
357,-10.011044697005948,21.528129383912816,2.811621409049445,-8.296897903868889,18.00550770783931,3.594750714764367,-7.325537184194138,16.607849350240702,4.787190942273199,-9.281033503214873,19.169782398489108,3.123873675278741,4.047601437007513,0.9249091955012498,0.45200918272831103,0.22382200325612883,1.1956575278246342
358,-10.133396624603389,21.568794622483146,2.8210600299837845,-8.296897903868889,18.00550770783931,3.5679310511837166,-7.325537184194138,16.607849350240702,4.804538564425515,-9.281033503214873,19.169782398489108,3.03557045240366,4.051713482310662,0.9249091955012498,0.45200918272831103,0.22382200325612883,1.1956575278246342
359,-10.256274017340173,21.60842203029341,2.8301653327077707,-8.296897903868889,18.00550770783931,3.547260007703547,-7.325537184194138,16.607849350240702,4.826322359919355,-9.281033503214873,19.169782398489108,2.9525000086910635,4.05531147674532,0.9249091955012498,0.45200918272831103,0.22382200325612883,1.1956575278246342
360,-10.379643291734489,21.64704461937401,2.8389386721351513,-8.296897903868889,18.00550770783931,3.5328449705855856,-7.325537184194138,16.607849350240702,4.852479342599063,-9.281033503214873,19.169782398489108,2.875122806919137,4.0586108963453364,0.9249091955012498,0.45200918272831103,0.22382200325612883,1.1956575278246342
361,-10.50347587200081,21.68469528832772,2.84738218754388,-8.296897903868889,18.00550770783931,3.5247497720511642,-7.325537184194138,16.607849350240702,4.882928361838943,-9.281033503214873,19.169782398489108,2.803899260362763,4.06174231588121,0.9249091955012498,0.45200918272831103,0.22382200325612883,1.1956575278246342
362,-10.62774662222868,21.72140640711757,2.8554987023595158,-8.296897903868889,18.00550770783931,3.5229946382411668,-7.325537184194138,16.607849350240702,4.917572292569281,-9.281033503214873,19.169782398489108,2.739283057394534,4.064784861690776,0.9249091955012498,0.45200918272831103,0.22382200325612883,1.1956575278246342
363,-10.752432856016142,21.75720966766171,2.8632916818864214,-8.296897903868889,18.00550770783931,3.5275569017554047,-7.325537184194138,16.607849350240702,4.956300247734364,-9.281033503214873,19.169782398489108,2.681711976272497,4.067785524793539,0.9249091955012498,0.45200918272831103,0.22382200325612883,1.1956575278246342
364,-10.877513691807138,21.792136072041693,2.8707651979004427,-8.296897903868889,18.00550770783931,3.5383726869153356,-7.325537184194138,16.607849350240702,4.998989830137215,-9.281033503214873,19.169782398489108,2.631596701852978,4.070770577666416,0.9249091955012498,0.45200918272831103,0.22382200325612883,1.1956575278246342
365,-11.002969616605334,21.82621599382438,2.8779238931703515,-8.296897903868889,18.00550770783931,3.5553395575144013,-7.325537184194138,16.607849350240702,5.0455093697820175,-9.281033503214873,19.169782398489108,2.589308206545547,4.073752499973903,0.9249091955012498,0.45200918272831103,0.22382200325612883,1.1956575278246342
366,-11.128782179589146,21.859479273826377,2.8847729453541833,-8.296897903868889,18.00550770783931,3.5783200159862867,-7.325537184194138,16.607849350240702,5.095720089749903,-9.281033503214873,19.169782398489108,2.555164481765577,4.0767343430235625,0.9249091955012498,0.45200918272831103,0.22382200325612883,1.1956575278246342
367,-11.25493377133039,21.891955325243337,2.891318029977331,-8.296897903868889,18.00550770783931,3.6071456813882485,-7.325537184194138,16.607849350240702,5.149478152910529,-9.281033503214873,19.169782398489108,2.5294176422387706,4.079712628858624,0.9249091955012498,0.45200918272831103,0.22382200325612883,1.1956575278246342
368,-11.381407463353845,21.923673231699667,2.8975652820085216,-8.296897903868889,18.00550770783931,3.6416219379059758,-7.325537184194138,16.607849350240702,5.20663655302024,-9.281033503214873,19.169782398489108,2.5122425830161164,4.082679398375893,0.9249091955012498,0.45200918272831103,0.22382200325612883,1.1956575278246342
369,-11.50818689298493,21.954661827936135,2.90352125566585,-8.296897903868889,18.00550770783931,3.6815328329249537,-7.325537184194138,16.607849350240702,5.267046824850235,-9.281033503214873,19.169782398489108,2.5037283775310373,4.085623745732573,0.9249091955012498,0.45200918272831103,0.22382200325612883,1.1956575278246342
370,-11.635256361636502,21.984949394749293,2.909192891024699,-8.296897903868889,18.00550770783931,3.726645680150786,-7.325537184194138,16.607849350240702,5.330560265055084,-9.281033503214873,19.169782398489108,2.5038730247981493,4.08853642324517,0.9249091955012498,0.45200918272831103,0.22382200325612883,1.1956575278246342
371,-11.762601087627006,22.014563056913456,2.914587507949223,-8.296897903868889,18.00550770783931,3.776715307035442,-7.325537184194138,16.607849350240702,5.397028768486475,-9.281033503214873,19.169782398489108,2.51258230923974,4.091413409338093,0.9249091955012498,0.45200918272831103,0.22382200325612883,1.1956575278246342
372,-11.890206351791146,22.043530437471823,2.9197125544893088,-8.296897903868889,18.00550770783931,3.8314902447429944,-7.325537184194138,16.607849350240702,5.466307395649997,-9.281033503214873,19.169782398489108,2.529676064905592,4.0942344027697395,0.9249091955012498,0.45200918272831103,0.22382200325612883,1.1956575278246342
373,-12.018057635014761,22.071879418222675,2.9245756221895483,-8.296897903868889,18.00550770783931,3.8907163653400465,-7.325537184194138,16.607849350240702,5.538254971727175,-9.281033503214873,19.169782398489108,2.554895827954958,4.096982959819845,0.9249091955012498,0.45200918272831103,0.22382200325612883,1.1956575278246342
374,-12.146140782789033,22.099637765202246,2.9291845201799243,-8.296897903868889,18.00550770783931,3.954139976401255,-7.325537184194138,16.607849350240702,5.61273445706735,-9.281033503214873,19.169782398489108,2.587915673946235,4.099646937611901,0.9249091955012498,0.45200918272831103,0.22382200325612883,1.1956575278246342
