time,steering_angle,target_speed,current_speed,estimated_dist_cones,numb_bb,size_biggest_bb,size_2_biggest_bb,conf_biggest_bb,pixel_count_color,numb_aggl,biggest_aggl_size,biggest_2_aggl_size
0,-1.3656765996215348e-06,13.857408058162921,nan,inf,0,0,0,0,4,1,4,0
1,0.015583915336664858,13.857408058162921,nan,inf,0,0,0,0,3,2,2,1
2,0.026473633003903232,13.857408058162921,1.3538258655979167,inf,0,0,0,0,3,2,2,1
3,0.034271892461674225,13.857408058162921,1.8097865478338573,inf,0,0,0,0,3,1,3,0
4,0.040048252201037395,13.857408058162921,2.2665918529674367,inf,0,0,0,0,3,1,3,0
5,0.0447441148884128,13.857408058162921,2.723612885461693,inf,0,0,0,0,6,1,8,0
6,0.04877759506904154,13.857408058162921,3.180062010839829,inf,0,0,0,0,4,2,3,1
7,0.052445319822354244,13.857408058162921,3.6356848738677456,inf,0,0,0,0,2,2,1,1
8,0.05561390162892493,13.857408058162921,4.090902989646324,inf,0,0,0,0,2,2,1,1
9,0.05819378013613683,13.857408058162921,4.546603149255211,inf,0,0,0,0,1,1,1,0
10,0.059799886351818245,13.857408058162921,5.003109157882313,inf,0,0,0,0,1,1,1,0
11,0.060042622050142894,13.857408058162921,5.459069229906863,inf,0,0,0,0,0,0,0,0
12,0.059166935163382006,13.857408058162921,5.914243724155645,inf,0,0,0,0,0,0,0,0
13,0.05731638826667713,13.857408058162921,6.3683946148208195,inf,0,0,0,0,2,2,1,1
14,0.05453634454859471,13.857408058162921,6.821966959055748,inf,0,0,0,0,1,1,1,0
15,0.05097644137254741,13.857408058162921,7.275303109440874,inf,0,0,0,0,1,1,1,0
16,0.047027255167312834,13.857408058162921,7.728355851709066,inf,0,0,0,0,1,1,1,0
17,0.042865332044726145,13.857408058162921,8.18127137069473,inf,0,0,0,0,1,1,1,0
18,0.03896875092658955,13.857408058162921,8.63411968983008,inf,0,0,0,0,1,1,1,0
19,0.03543664386411746,13.857408058162921,9.08658918830926,inf,0,0,0,0,1,1,1,0
20,0.03229022761705545,13.857408058162921,9.538523621297605,inf,0,0,0,0,1,1,1,0
21,0.02964578269935784,13.857408058162921,9.989914551380927,inf,0,0,0,0,1,1,1,0
22,0.027672678641806732,13.857408058162921,10.44073237731389,inf,0,0,0,0,1,1,1,0
23,0.02620523193404438,13.857408058162921,10.890933203682302,inf,0,0,0,0,1,1,1,0
24,0.02516847796427392,13.857408058162921,11.340472940685661,inf,0,0,0,0,1,1,1,0
25,0.02447214816683159,13.857408058162921,11.789322496085093,inf,0,0,0,0,2,2,1,1
26,0.024046317198700883,13.857408058162921,12.2374523984767,inf,0,0,0,0,1,1,1,0
27,0.023700863036275048,13.857408058162921,12.684836117673811,inf,0,0,0,0,2,2,1,1
28,0.023535538095732,13.857408058162921,13.13145528070281,inf,0,0,0,0,1,1,1,0
29,0.023583783071894703,13.857408058162921,13.577277166404064,inf,0,0,0,0,1,1,1,0
30,0.023385859852428578,13.857408058162921,13.717412058689106,inf,0,0,0,0,2,2,1,1
31,0.02317186976142189,13.857408058162921,13.71686727605408,inf,0,0,0,0,2,2,1,1
32,0.02292177395541785,13.857408058162921,13.716783644659225,inf,0,0,0,0,1,1,1,0
33,0.022627150392324658,13.857408058162921,13.71671925004008,inf,0,0,0,0,1,1,1,0
34,0.02234185276451202,13.857408058162921,13.716760369130684,inf,0,0,0,0,2,2,1,1
35,0.02201010064826764,13.857408058162921,13.716776519092953,inf,0,0,0,0,1,1,1,0
36,0.021784112073253568,13.857408058162921,13.716770885316285,inf,0,0,0,0,1,1,1,0
37,0.021454900386921334,13.857408058162921,13.716734289280964,inf,0,0,0,0,1,1,1,0
38,0.020948112986679458,13.857408058162921,13.716513018264617,inf,0,0,0,0,1,1,1,0
39,0.020442795543728964,13.857408058162921,13.716299525943612,inf,0,0,0,0,2,2,1,1
40,0.019918521406085785,13.857408058162921,13.716273151877862,inf,0,0,0,0,1,1,1,0
41,0.01943035180528508,13.857408058162921,13.716243596714847,inf,0,0,0,0,2,2,1,1
42,0.018999837214574558,13.857408058162921,13.716204333976233,inf,0,0,0,0,1,1,1,0
43,0.018430575295775492,13.857408058162921,13.716156563542693,inf,0,0,0,0,2,2,1,1
44,0.017540884720088072,13.857408058162921,13.714986761246493,inf,0,0,0,0,2,2,1,1
45,0.016521948755085378,13.857408058162921,13.71222444882598,inf,0,0,0,0,1,1,1,0
46,0.015481179907366801,13.857408058162921,13.710041572288372,inf,0,0,0,0,2,2,1,1
47,0.014677420112823157,13.857408058162921,13.708516065899612,inf,0,0,0,0,1,1,1,0
48,0.014315996057601237,13.857408058162921,13.708354046987576,inf,0,0,0,0,1,1,1,0
49,0.014213497857286083,13.857408058162921,13.710300416438491,inf,0,0,0,0,1,1,1,0
50,0.014499832338971926,13.857408058162921,13.713228950226837,inf,0,0,0,0,3,3,1,1
51,0.01511627206502761,13.857408058162921,13.7160318453382,inf,0,0,0,0,2,2,1,1
52,0.015839591515492833,13.857408058162921,13.718544773984963,inf,0,0,0,0,3,2,2,1
53,0.01671847330997719,13.857408058162921,13.720732642588958,inf,0,0,0,0,2,1,2,0
54,0.01772646718997653,13.857408058162921,13.725754414056926,inf,0,0,0,0,2,2,1,1
55,0.018635639636115992,13.857408058162921,13.73658864651352,inf,0,0,0,0,2,2,1,1
56,0.019430669298412764,13.857408058162921,13.737546494932833,inf,0,0,0,0,2,2,1,1
57,0.019988072524022724,13.857408058162921,13.737555859047172,inf,0,0,0,0,2,1,2,0
58,0.020163270556129206,13.857408058162921,13.73042421824923,inf,0,0,0,0,1,1,1,0
59,0.019957926068188345,13.857408058162921,13.727637096057844,inf,0,0,0,0,1,1,1,0
60,0.0192065838632359,13.857408058162921,13.72617324916778,inf,0,0,0,0,2,2,1,1
61,0.01810244769397922,13.857408058162921,13.724577128672289,inf,0,0,0,0,2,2,1,1
62,0.016871930330969905,13.857408058162921,13.723355059353255,inf,0,0,0,0,2,2,1,1
63,0.015270185000798773,13.857408058162921,13.722279668234062,inf,0,0,0,0,4,2,3,1
64,0.013567426801961772,13.857408058162921,13.721264354445788,inf,0,0,0,0,2,2,1,1
65,0.011879866281762602,13.857408058162921,13.720279025530832,inf,0,0,0,0,2,2,1,1
66,0.010297452957573417,13.857408058162921,13.719446158658556,inf,0,0,0,0,1,1,1,0
67,0.008754657100891537,13.857408058162921,13.718804984672303,inf,0,0,0,0,1,1,1,0
68,0.007367023044824457,13.857408058162921,13.71793707608141,inf,0,0,0,0,1,1,1,0
69,0.006284401438283134,13.857408058162921,13.71768628877168,inf,0,0,0,0,2,2,1,1
70,0.005479391227192433,13.857408058162921,13.717767752114517,inf,0,0,0,0,3,3,1,1
71,0.004984441745981257,13.857408058162921,13.718249110470081,inf,0,0,0,0,1,1,1,0
72,0.0047059743214673665,13.857408058162921,13.718797110115625,inf,0,0,0,0,2,2,1,1
73,0.004716716465399342,13.857408058162921,13.719218283932536,inf,0,0,0,0,2,2,1,1
74,0.005073476332726763,13.857408058162921,13.71960729048781,inf,0,0,0,0,2,2,1,1
75,0.005642050885840106,13.857408058162921,13.719993685026271,inf,0,0,0,0,2,2,1,1
76,0.006341068063231715,13.857408058162921,13.720385705550786,inf,0,0,0,0,2,2,1,1
77,0.007276054476662429,13.857408058162921,13.72078032291372,inf,0,0,0,0,1,1,1,0
78,0.008369418380955448,13.857408058162921,13.721161239138445,inf,0,0,0,0,2,2,1,1
79,0.009499658277896068,13.857408058162921,13.721528053064853,inf,0,0,0,0,2,2,1,1
80,0.010627931517214369,13.857408058162921,13.721776862158741,inf,0,0,0,0,2,1,2,0
81,0.01177651813117971,13.857408058162921,13.722101360499275,inf,0,0,0,0,3,3,1,1
82,0.012801164912637886,13.857408058162921,13.722418245613788,inf,0,0,0,0,1,1,1,0
83,0.013726315882798747,13.857408058162921,13.722709360166329,inf,0,0,0,0,2,2,1,1
84,0.01460649148893385,13.857408058162921,13.722954055343513,inf,0,0,0,0,3,3,1,1
85,0.01533964090543451,13.857408058162921,13.72314649285186,inf,0,0,0,0,2,2,1,1
86,0.01583357142807667,13.857408058162921,13.723299273504752,inf,0,0,0,0,3,2,2,1
87,0.016267315320942215,13.857408058162921,13.723413365980724,inf,0,0,0,0,2,2,1,1
88,0.016502942113939857,13.857408058162921,13.72347096144452,inf,0,0,0,0,2,2,1,1
89,0.016502559561711518,13.857408058162921,13.723499948297933,inf,0,0,0,0,1,1,1,0
90,0.016410572774606592,13.857408058162921,13.723496976904986,inf,0,0,0,0,2,2,1,1
91,0.016172249083678515,13.857408058162921,13.72345585913216,inf,0,0,0,0,2,2,1,1
92,0.015885531518290884,13.857408058162921,13.72339496026959,inf,0,0,0,0,3,3,1,1
93,0.015476200362698728,13.857408058162921,13.723311334064098,inf,0,0,0,0,2,2,1,1
94,0.015042099604361751,13.857408058162921,13.72321904596041,inf,0,0,0,0,3,2,2,1
95,0.014505688795665127,13.857408058162921,13.723114947657512,inf,0,0,0,0,1,1,1,0
96,0.013930737505784786,13.857408058162921,13.723010793581226,inf,0,0,0,0,2,2,1,1
97,0.013338454049714163,13.857408058162921,13.72290477204072,inf,0,0,0,0,2,2,1,1
98,0.012693851879870674,13.857408058162921,13.722802125138816,inf,0,0,0,0,3,3,1,1
99,0.012062190210290823,13.857408058162921,13.722706937891452,inf,0,0,0,0,2,2,1,1
100,0.01141708713990459,13.857408058162921,13.72261854040448,inf,0,0,0,0,3,3,1,1
101,0.010791219639746809,13.857408058162921,13.722540846992642,inf,0,0,0,0,1,1,1,0
102,0.010225260775026659,13.857408058162921,13.722473330267016,inf,0,0,0,0,3,2,2,1
103,0.0096887523034041,13.857408058162921,13.722416473084964,inf,0,0,0,0,3,3,1,1
104,0.009132805510232527,13.857408058162921,13.72237159400997,inf,0,0,0,0,2,2,1,1
105,0.008617988784075225,13.857408058162921,13.722338463415666,inf,0,0,0,0,1,1,1,0
106,0.008141147099450423,13.857408058162921,13.722314489051552,inf,0,0,0,0,4,3,2,1
107,0.007735428492817865,13.857408058162921,13.722300140410018,inf,0,0,0,0,2,2,1,1
108,0.0073317129016639525,13.857408058162921,13.722293653972395,inf,0,0,0,0,3,2,2,1
109,0.007011609737782943,13.857408058162921,13.722295719673447,inf,0,0,0,0,3,3,1,1
110,0.00674458392969912,13.857408058162921,13.72230226637216,inf,0,0,0,0,2,2,1,1
111,0.0064807488178031825,13.857408058162921,13.722314206454167,inf,0,0,0,0,3,2,2,1
112,0.006180029636015185,13.857408058162921,13.722330748876741,inf,0,0,0,0,2,2,1,1
113,0.00593845025478708,13.857408058162921,13.722350719008256,inf,0,0,0,0,3,3,1,1
114,0.0057851704518324,13.857408058162921,13.722370235725343,inf,0,0,0,0,3,2,2,1
115,0.005605814385735604,13.857408058162921,13.722389685152397,inf,0,0,0,0,3,2,2,1
116,0.005416411887129952,13.857408058162921,13.722411378355567,inf,0,0,0,0,2,2,1,1
117,0.005242002605484887,13.857408058162921,13.722431818902136,inf,0,0,0,0,4,3,2,1
118,0.0050632734389027875,13.857408058162921,13.722450289695777,inf,0,0,0,0,3,2,2,1
119,0.00485905433940493,13.857408058162921,13.722467383512933,inf,0,0,0,0,3,3,1,1
120,0.0047061502715077565,13.857408058162921,13.722482847898656,inf,0,0,0,0,2,2,1,1
121,0.004545084418006237,13.857408058162921,13.722494239880255,inf,0,0,0,0,3,2,2,1
122,0.004415222385674291,13.857408058162921,13.722504553069825,inf,0,0,0,0,2,2,1,1
123,0.004247429476699791,13.857408058162921,13.722511516696734,inf,0,0,0,0,4,4,1,1
124,0.0040447378605843135,13.857408058162921,13.722517688508475,inf,0,0,0,0,3,2,2,1
125,0.003890760642374694,13.857408058162921,13.722521631024271,inf,0,0,0,0,2,2,1,1
126,0.003725838087951178,13.857408058162921,13.722521809945018,inf,0,0,0,0,4,3,2,1
127,0.0035610833041780894,13.857408058162921,13.722521507461057,inf,0,0,0,0,3,3,1,1
128,0.0033148138725899033,13.857408058162921,13.722519444283908,inf,0,0,0,0,3,2,2,1
129,0.003144330689745906,13.857408058162921,13.722517851925861,inf,0,0,0,0,2,2,1,1
130,0.00288631854261909,13.857408058162921,13.722512192119265,inf,0,0,0,0,4,3,2,1
131,0.0026647037805736795,13.857408058162921,13.722509047308911,inf,0,0,0,0,4,3,2,1
132,0.002445060552258172,13.857408058162921,13.722503130133045,inf,0,0,0,0,2,2,1,1
133,0.0022570994969905,13.857408058162921,13.722497668605808,inf,0,0,0,0,4,3,2,1
134,0.0020603131922552944,13.857408058162921,13.722491640955983,inf,0,0,0,0,3,3,1,1
135,0.001911829558776089,13.857408058162921,13.722486431253493,inf,0,0,0,0,3,2,2,1
136,0.0017873067660252105,13.857408058162921,13.722480490034444,inf,0,0,0,0,5,2,4,2
137,0.0016782430720713747,13.857408058162921,13.72247526003281,inf,0,0,0,0,3,3,1,1
138,0.0015769117820698172,13.857408058162921,13.722470549007193,inf,0,0,0,0,4,3,2,1
139,0.0014680337472011075,13.857408058162921,13.722466431293759,inf,0,0,0,0,4,3,2,1
140,0.0013781994740155517,13.857408058162921,13.722463114320218,inf,0,0,0,0,2,2,1,1
141,0.0012337804690412766,13.857408058162921,13.722459880159137,inf,0,0,0,0,4,3,2,1
142,0.0011211004756955085,13.857408058162921,13.72245853352808,inf,0,0,0,0,2,2,1,1
143,0.0010045090984076304,13.857408058162921,13.72245626675485,inf,0,0,0,0,3,2,2,1
144,0.0009089238051347115,13.857408058162921,13.72245512053504,inf,0,0,0,0,4,3,2,1
145,0.0008562050688580887,13.857408058162921,13.722453983905746,inf,0,0,0,0,4,3,2,1
146,0.000766374703694849,13.857408058162921,13.7224527909893,inf,0,0,0,0,4,3,2,1
147,0.0007023430878557689,13.857408058162921,13.722453302975161,inf,0,0,0,0,5,3,4,1
148,0.0006174497353886534,13.857408058162921,13.72245302861714,inf,0,0,0,0,4,4,1,1
149,0.0005104700768541952,13.857408058162921,13.722453813846199,inf,0,0,0,0,4,3,2,1
150,0.0004187321192734433,13.857408058162921,13.722454862471581,inf,0,0,0,0,3,3,1,1
151,0.0003104813582567367,13.857408058162921,13.722455434208955,inf,0,0,0,0,4,3,2,1
152,0.00020931217182898089,13.857408058162921,13.722456653142025,inf,0,0,0,0,4,3,2,1
153,0.00011918486823770489,13.857408058162921,13.722457539024775,inf,0,0,0,0,4,3,2,1
154,3.856592630319681e-06,13.857408058162921,13.722458362987352,inf,0,0,0,0,4,3,2,1
155,1.2481421814676888e-06,13.857408058162921,13.722459786272873,inf,0,0,0,0,5,2,4,2
156,-6.099976202786928e-05,13.857408058162921,13.722458786630432,inf,0,0,0,0,5,4,2,1
157,-2.7103794297343625e-05,13.857408058162921,13.72246043933911,inf,0,0,0,0,4,3,2,1
158,-4.403768364225477e-05,13.857408058162921,13.722459296739867,inf,0,0,0,0,4,3,2,1
159,-0.00010803583555344346,13.857408058162921,13.722460455286429,inf,0,0,0,0,5,2,4,2
160,-0.0001514719962398566,13.857408058162921,13.72246159944251,inf,0,0,0,0,4,3,2,1
161,-0.00016807553707190112,13.857408058162921,13.722461545704297,inf,0,0,0,0,4,3,2,1
162,-0.00018756165583242427,13.857408058162921,13.722461222000245,inf,0,0,0,0,5,3,2,2
163,-0.00026902140391080935,13.857408058162921,13.722461249112856,inf,0,0,0,0,4,4,1,1
164,-0.0003268228348571557,13.857408058162921,13.722462302431177,inf,0,0,0,0,6,5,2,1
165,-0.0003764666191341996,13.857408058162921,13.722461895838434,inf,0,0,0,0,4,3,2,1
166,-0.0004208195936712986,13.857408058162921,13.722461678972527,inf,0,0,0,0,3,2,2,1
167,-0.0004221320664551328,13.857408058162921,13.722461435838573,inf,0,0,0,0,4,3,2,1
168,-0.0004903293782760137,13.857408058162921,13.722460442806907,inf,0,0,0,0,4,3,2,1
169,-0.0005506241918879346,13.857408058162921,13.722461299665941,inf,0,0,0,0,5,3,2,2
170,-0.0005163442199817491,13.857408058162921,13.722460997585875,inf,0,0,0,0,6,3,4,2
171,-0.0005931183857376531,13.857408058162921,13.722459119333205,inf,0,0,0,0,6,5,2,1
172,-0.0006565155712055688,13.857408058162921,13.722460671947099,inf,0,0,0,0,5,4,2,1
173,-0.0006712287130867555,13.857408058162921,13.722460317782822,inf,0,0,0,0,3,2,2,1
174,-0.0006612159190558884,13.857408058162921,13.72245936793904,inf,0,0,0,0,5,2,4,2
175,-0.0007342688921425048,13.857408058162921,13.722458684234994,inf,0,0,0,0,4,3,2,1
176,-0.0006963794009640675,13.857408058162921,13.722459887625535,inf,0,0,0,0,5,3,2,2
177,-0.0007030421038520924,13.857408058162921,13.722457880503546,inf,0,0,0,0,6,5,2,1
178,-0.0006575399893379553,13.857408058162921,13.722458364675735,inf,0,0,0,0,6,5,2,1
179,-0.0006863178407757952,13.857408058162921,13.722457192385344,inf,0,0,0,0,6,3,6,1
180,-0.0006979861565541759,13.857408058162921,13.722458252111442,inf,0,0,0,0,5,2,4,2
181,-0.0006804583151815613,13.857408058162921,13.722457872470468,inf,0,0,0,0,8,3,12,1
182,-0.000692933351552338,13.857408058162921,13.722457248817346,inf,0,0,0,0,5,4,2,1
183,-0.0007031421585911722,13.857408058162921,13.72245764327467,inf,0,0,0,0,7,3,6,2
184,-0.0007556604330984881,13.857408058162921,13.722457542644145,inf,0,0,0,0,6,5,2,1
185,-0.0008032021629686495,13.857408058162921,13.72245830363869,inf,0,0,0,0,6,3,6,1
186,-0.0008386759977729809,13.857408058162921,13.722458351289612,inf,0,0,0,0,5,2,4,2
187,-0.0008106661294060814,13.857408058162921,13.722458295296187,inf,0,0,0,0,7,2,12,1
188,-0.0007905314548900307,13.857408058162921,13.72245726540788,inf,0,0,0,0,6,4,2,2
189,-0.0008057552539140137,13.857408058162921,13.722457297735561,inf,0,0,0,0,8,3,9,2
190,-0.000785267416564598,13.857408058162921,13.722457868776658,inf,0,0,0,0,6,5,2,1
191,-0.0008523395409857964,13.857408058162921,13.722457254235263,inf,0,0,0,0,6,3,6,1
192,-0.0008730981066757672,13.857408058162921,13.722458836642547,inf,0,0,0,0,6,2,6,2
193,-0.0008915747503403821,13.857408058162921,13.72245823731587,inf,0,0,0,0,7,2,12,1
194,-0.0008972362292450706,13.857408058162921,13.722458322174562,22.47189630856181,1,413.04303,0,0.51845485,7,3,6,2
195,-0.0009171848637443971,13.857408058162921,13.722458183868095,21.574793065578216,1,442.72784,0,0.52775204,7,4,4,2
196,-0.0008666465352812814,13.857408058162921,13.72245849433476,21.010482924648773,1,463.176,0,0.5014759,6,3,6,1
197,-0.000809667516021275,13.857408058162921,13.722457281516487,inf,0,0,0,0,5,3,2,2
198,-0.0008493635377916317,13.857408058162921,13.72245695430383,inf,0,0,0,0,7,2,12,1
199,-0.0008414954444538155,13.857408058162921,13.722458553215848,inf,0,0,0,0,7,5,2,2
200,-0.0008515471679996142,13.857408058162921,13.722457776871007,inf,0,0,0,0,9,2,20,1
201,-0.0008144193827147938,13.857408058162921,13.722458092280839,inf,0,0,0,0,8,3,12,1
202,-0.0007997697422416948,13.857408058162921,13.722457206579707,inf,0,0,0,0,5,3,2,2
203,-0.0008386889312619796,13.857408058162921,13.722457450775568,inf,0,0,0,0,9,2,20,1
204,-0.000826836700305373,13.857408058162921,13.722458355954748,inf,0,0,0,0,7,5,2,2
205,-0.0008731530273712576,13.857408058162921,13.72245749200735,inf,0,0,0,0,10,2,24,1
206,-0.0009493266470057365,13.857408058162921,13.722458513131176,inf,0,0,0,0,9,4,12,1
207,-0.000995883707281581,13.857408058162921,13.72245918276134,20.755104963032593,1,472.9268,0,0.52160937,6,2,6,2
208,-0.0009711830740351892,13.857408058162921,13.722458917568709,21.875998390164337,1,432.39352,0,0.53195304,10,2,20,2
209,-0.0008892426223751609,13.857408058162921,13.722457829087062,inf,0,0,0,0,8,4,6,2
210,-0.0008970562706463161,13.857408058162921,13.722456655277352,20.148160917590356,1,497.4532,0,0.574961,7,3,6,2
211,-0.0008669380155498801,13.857408058162921,13.722457984432804,20.349830784143904,1,489.08414,0,0.60665953,10,5,12,1
212,-0.0008925999216692487,13.857408058162921,13.72245725875316,20.534326456495087,1,481.6218,0,0.58152866,10,2,20,2
213,-0.0009028332725358335,13.857408058162921,13.722458203062578,19.66744227796154,1,518.34454,0,0.5361676,11,5,6,4
214,-0.0009551410054016823,13.857408058162921,13.722457996417546,20.68541996511937,1,475.64413,0,0.5601595,9,2,20,1
215,-0.0009253904601671984,13.857408058162921,13.722458823647317,19.682812932619655,1,517.65515,0,0.52127177,9,4,12,1
216,-0.0009725531090036831,13.857408058162921,13.72245750316502,inf,0,0,0,0,9,4,6,2
217,-0.0008915304697103315,13.857408058162921,13.722458829634308,inf,0,0,0,0,12,4,20,2
218,-0.0009296550216341782,13.857408058162921,13.722456607572767,20.24522961769447,1,493.39682,0,0.53210163,9,2,20,1
219,-0.0009116191718575163,13.857408058162921,13.722458541641428,20.294503344095844,1,491.3578,0,0.52424175,9,2,20,1
220,-0.0009287386625205202,13.857408058162921,13.722457604229634,20.217998714240032,1,494.52945,0,0.56277347,9,4,6,2
221,-0.0008753507532915869,13.857408058162921,13.72245821569517,inf,0,0,0,0,13,2,28,1
222,-0.0008986252116935868,13.857408058162921,13.722456945708258,inf,0,0,0,0,9,2,20,1
223,-0.0008948309076230192,13.857408058162921,13.722458190850027,inf,0,0,0,0,10,3,20,1
224,-0.0009166098853358415,13.857408058162921,13.722457742108885,inf,0,0,0,0,11,2,24,2
225,-0.0008922924135888563,13.857408058162921,13.722458214919666,inf,0,0,0,0,11,5,12,2
226,-0.0009486045640037671,13.857408058162921,13.722457426088726,19.760846071685627,1,514.1776,0,0.54765606,11,2,30,1
227,-0.0009601150534911964,13.857408058162921,13.72245884524365,19.731890327520535,1,515.4637,0,0.5707117,14,4,24,2
228,-0.0009266772098050463,13.857408058162921,13.722458218787322,19.92174588115492,1,507.1231,0,0.6184816,11,2,24,2
229,-0.0009144730736918123,13.857408058162921,13.722457455728003,19.69599123790724,1,517.06525,0,0.5891727,12,5,20,1
230,-0.0008799562807606442,13.857408058162921,13.72245772443133,19.942530783668673,1,506.22302,0,0.5698785,12,2,20,6
231,-0.0008587440118594692,13.857408058162921,13.722457237660274,19.6306901319636,1,519.99884,0,0.5504796,11,2,24,2
232,-0.0008938058622274483,13.857408058162921,13.7224573454539,19.31869988390309,1,534.3863,0,0.61921155,11,4,20,1
233,-0.000904422081937336,13.857408058162921,13.722458319790947,19.409862549127425,1,530.1176,0,0.63128686,13,2,24,6
234,-0.0009392104227963082,13.857408058162921,13.72245798110537,17.926510707391518,1,607.0034,0,0.6138253,13,4,24,2
235,-0.0009522092528970777,13.857408058162921,13.722458485621246,18.412498279400147,1,579.9636,0,0.656362,13,2,30,2
236,-0.0009892085638348316,13.857408058162921,13.722458217045277,18.242516839923308,1,589.19995,0,0.6730385,14,2,24,6
237,-0.0009503912440081986,13.857408058162921,13.722458725574404,18.326242485403494,1,584.6216,0,0.59843194,14,4,24,2
238,-0.0009253796004894353,13.857408058162921,13.722457486332027,18.42559488232429,1,579.26154,0,0.6021893,13,2,30,2
239,-0.000891998463669746,13.857408058162921,13.722457605736993,18.659444225121128,1,566.94885,0,0.61327714,15,2,24,6
240,-0.000865010445838586,13.857408058162921,13.722457335616294,18.091135588846665,1,597.6237,0,0.6517917,15,3,35,2
241,-0.0008710072163627168,13.857408058162921,13.722457317018536,17.981367037468267,1,603.8521,0,0.6544265,15,3,35,2
242,-0.000887318478525998,13.857408058162921,13.722457832232429,17.39642710095942,1,638.84937,0,0.6561215,14,2,24,6
243,-0.0008519551970662123,13.857408058162921,13.722458039176722,18.07923438752879,1,598.29407,0,0.6458041,16,3,35,2
244,-0.0008641255774574166,13.857408058162921,13.722457112375347,17.953321803874413,1,605.45996,0,0.6245354,17,3,42,4
245,-0.000897635661151209,13.857408058162921,13.722457867119667,17.716200905351123,1,619.3302,0,0.6372073,15,2,30,6
246,-0.0009360163082315115,13.857408058162921,13.722458279464117,16.99277076767321,1,664.9177,0,0.63423914,16,3,35,2
247,-0.0009627652492673654,13.857408058162921,13.722458483482182,17.3783839872071,1,639.97974,0,0.6337037,16,4,24,6
248,-0.0009916362891695385,13.857408058162921,13.722458419608596,17.629030216014613,1,624.55634,0,0.61498684,15,3,35,2
249,-0.0009167481661491691,13.857408058162921,13.722458576039566,16.643381649775353,1,688.8722,0,0.6539064,19,3,42,6
250,-0.0008874745498414246,13.857408058162921,13.722456782927658,16.807083040040677,1,677.481,0,0.65927,16,2,35,3
251,-0.0008984324965250984,13.857408058162921,13.722457335882966,16.20991717570504,1,720.5481,0,0.6835897,21,5,35,6
252,-0.0009094794155573978,13.857408058162921,13.722457957161295,16.32916597945299,1,711.6069,0,0.67927665,19,4,35,3
253,-0.0009052020710668732,13.857408058162921,13.722457999663364,17.078905343273377,1,659.2151,0,0.6903806,19,3,48,2
254,-0.0009005592072983144,13.857408058162921,13.722457768992342,15.78282059092951,1,754.08093,0,0.7325279,15,2,35,3
255,-0.0009289586883158675,13.857408058162921,13.722457751834979,15.74417546659393,1,757.2369,0,0.7239194,18,1,60,0
256,-0.0009325232109340094,13.857408058162921,13.722458350298409,15.86461339938177,1,747.4698,0,0.68981755,22,3,42,8
257,-0.0009454210427752255,13.857408058162921,13.7224579933813,16.610426369808636,1,691.20215,0,0.7059427,21,4,50,1
258,-0.000913119097769387,13.857408058162921,13.722458195294081,15.285242530091748,1,796.37683,0,0.70534617,21,3,42,8
259,-0.0009334902512782751,13.857408058162921,13.722457403627496,14.811851360634055,1,840.223,0,0.7210343,21,4,50,1
260,-0.0009187567734167184,13.857408058162921,13.722458271375134,14.840704770713451,2,837.442,581.2397,0.7195442,23,4,42,8
261,0.004182118192082703,13.857408058162921,13.722457684496138,14.74702939389694,1,846.52454,0,0.71042204,22,3,50,1
262,0.007899104830971034,13.857408058162921,13.723461285280441,14.607700184579695,1,860.3257,0,0.71844155,24,4,42,8
263,0.010794566506984606,13.857408058162921,13.722242823953756,14.680119051323386,1,853.1081,0,0.7051489,21,2,48,6
264,0.013222795287651901,13.857408058162921,13.72196239759271,14.208447747412436,1,901.9154,0,0.6779343,23,4,42,8
265,0.015403169924494175,13.857408058162921,13.72197354426691,13.948385699433377,1,930.75006,0,0.6832179,25,3,54,6
266,0.01747216167435338,13.857408058162921,13.722050990866531,11.449886545381021,2,1302.7721,1004.4494,0.5081948,25,3,66,1
267,0.019515767476746427,13.857408058162921,13.722121057727735,12.338087480591403,1,1147.0782,0,0.73673654,27,3,72,1
268,0.021589336126437403,13.857408058162921,13.722165435980061,7.223501014914541,2,2855.453,1037.2299,0.50690913,24,5,48,6
269,0.0237296010055981,13.857408058162921,13.722184275389449,7.71288336918017,2,2553.7349,1158.5044,0.62626725,25,3,56,8
270,0.02596195994061176,13.857408058162921,13.722182475216684,12.873219468778887,1,1067.0388,0,0.7180379,29,4,63,8
271,0.028304872050971482,13.857408058162921,13.722165019657039,11.073291533680576,1,1379.1515,0,0.703299,25,4,56,8
272,0.030772509855633977,13.857408058162921,13.722135715704066,6.839844699225135,2,3133.6633,1323.6492,0.5278977,26,2,84,1
273,0.03337635633637925,13.857408058162921,13.722097108398378,6.806337366137649,2,3159.9897,1257.8765,0.58723515,28,3,72,1
274,0.03612616391126533,13.857408058162921,13.722050727703547,7.053520347141039,2,2973.672,1211.3422,0.52494466,27,5,56,8
275,0.03903052712431315,13.857408058162921,13.721997370389715,6.991759603179973,2,3018.5598,2458.8542,0.6511065,29,3,70,8
276,0.042097221069561194,13.857408058162921,13.721937330767405,6.950486174417398,3,3049.16,2382.3867,0.72479564,31,4,72,1
277,0.0453333973198467,13.857408058162921,13.721870568835055,6.971851478729082,3,3033.2585,2309.6167,0.5525349,30,4,84,1
278,0.0487456927581086,13.857408058162921,13.721796826621434,6.973068880126789,2,3032.3564,2355.646,0.6460162,31,4,84,1
279,0.052340284748801424,13.857408058162921,13.721715706917584,6.8993542879366645,2,3087.757,2394.341,0.70645934,29,4,54,12
280,0.056122912835084575,13.857408058162921,13.72162672635253,7.2381108102877185,3,2845.641,2468.775,0.5678776,29,2,72,9
281,0.06009887916551059,13.857408058162921,13.721529351507458,6.871079079404357,3,3109.4348,2539.0515,0.6402457,33,4,70,12
282,0.06427303506580254,13.857408058162921,13.721423024032012,6.681210466913417,3,3261.472,2493.2166,0.6393964,30,4,70,6
283,0.06864975831889361,13.857408058162921,13.721307178699435,6.3262846041644885,3,3579.3105,2903.6782,0.5737307,29,5,70,6
284,0.0732329240341322,13.857408058162921,13.721181257026036,6.023763522419069,3,3890.9253,2878.177,0.5814953,26,5,70,1
285,0.07802587100677054,13.857408058162921,13.721044718173987,6.404055438372525,3,3505.5776,2782.046,0.5110383,27,3,88,1
286,0.0830313649053395,13.857408058162921,13.720897048265453,7.106927683131858,2,2935.7036,1452.9369,0.71270686,26,3,88,1
287,0.08825155930278894,13.857408058162921,13.720737768897889,3.4936951530342184,3,9842.155,2827.1218,0.5428455,24,3,70,1
288,0.09368795538180501,13.857408058162921,13.7205664453278,7.023303693631416,3,2995.5002,2926.6875,0.6878347,25,2,88,1
289,0.09934136103327786,13.857408058162921,13.720382694662565,7.252474581925189,3,2836.0466,2757.5356,0.6396131,26,4,70,1
290,0.10521184999380917,13.857408058162921,13.720186194206525,6.97287840702232,3,3032.4976,1287.719,0.6175537,30,5,88,2
291,0.11129872161428446,13.857408058162921,13.719976690045948,6.861933039778848,3,3116.4985,2849.3547,0.6603874,29,8,70,1
292,0.1176010072455879,13.857408058162921,13.719754005847143,6.6632953010515195,3,3276.4246,2780.743,0.6768316,30,6,88,2
293,0.12411771862122765,13.857408058162921,13.719521370651043,6.603488084529545,3,3327.138,3081.2424,0.6854378,31,5,88,3
294,0.1308457852568785,13.857408058162921,13.719327447866595,6.685258956067795,3,3258.108,2842.3174,0.68525404,30,7,63,4
295,0.13778134448386456,13.857408058162921,13.719134381940435,4.488903178172393,3,6421.654,2868.335,0.5821611,31,5,88,4
296,0.14491922546415126,13.857408058162921,13.718891281027624,4.444284470437183,3,6531.872,2926.3152,0.5591868,31,8,70,4
297,0.15225338152065776,13.857408058162921,13.718615394649065,4.542898183653744,3,6292.1724,2553.4773,0.53296673,28,9,48,3
298,0.15977650809623928,13.857408058162921,13.718317546444881,6.986459577907043,2,3022.462,2634.8843,0.69040096,30,9,48,8
299,0.16748117192699263,13.857408058162921,13.71800539750166,7.3530941742216065,2,2770.2522,2554.1094,0.638924,22,6,42,4
300,0.17535840044004453,13.857408058162921,13.717606456698368,7.162970605354072,2,2896.6821,1416.2034,0.63952583,14,2,48,1
301,0.18339813434515484,13.857408058162921,13.7171871669253,6.935623491764287,2,3060.2998,1122.6349,0.70468694,10,3,20,1
302,0.19158930969878174,13.857408058162921,13.716761622129969,7.0125304582479595,3,3003.3442,976.3687,0.63629556,7,7,1,1
303,0.19991984422088707,13.857408058162921,13.716331475493261,6.896673884528797,2,3089.8018,874.757,0.6911063,4,4,1,1
304,0.2083766347043939,13.857408058162921,13.715898218361078,7.080383042510224,2,2954.478,786.7995,0.6755575,3,3,1,1
305,0.21694546168475798,13.857408058162921,13.715463507390023,7.211630102492389,2,2863.4648,963.9673,0.5862226,3,3,1,1
306,0.22561003375165636,13.857408058162921,13.715030575101231,6.881869720941854,3,3101.1335,899.0109,0.5510524,5,5,1,1
307,0.23435126829329128,13.857408058162921,13.714670069408752,7.629783946619788,3,2601.2993,755.2501,0.59829825,4,4,1,1
308,0.24315255473553413,13.857408058162921,13.714497701780356,7.580205105568908,1,2630.3506,0,0.66129225,3,3,1,1
309,0.25199628225781245,13.857408058162921,13.714273951710165,7.756634740817292,1,2529.2446,0,0.60516185,4,4,1,1
310,0.26086391890495314,13.857408058162921,13.714022970949744,11.213143333502025,1,1349.977,0,0.6151406,4,4,1,1
311,0.2697362465474082,13.857408058162921,13.713809078634846,12.640052509421873,2,1100.7881,1051.6929,0.630538,4,4,1,1
312,0.27859277702644136,13.857408058162921,13.713563858908419,13.021569247383518,2,1046.4126,996.8476,0.68811184,6,6,1,1
313,0.2874125880264242,13.857408058162921,13.713312129917139,14.135539772320806,2,909.8546,855.3895,0.6966717,6,6,1,1
314,0.29617366507874576,13.857408058162921,13.713068890644944,12.278467049922796,3,1156.5831,1039.9387,0.6065805,7,7,1,1
315,0.3048533834782092,13.857408058162921,13.712840300886993,14.314063542849365,1,890.608,0,0.6563423,9,8,2,1
316,0.3134288380014504,13.857408058162921,13.712630405035078,15.783188787729706,1,754.05096,0,0.6673125,9,8,2,1
317,0.3218769639120331,13.857408058162921,13.712442685654613,19.842068996811125,1,510.59714,0,0.6029934,8,6,2,2
318,0.3301750132712722,13.857408058162921,13.712280052720553,inf,0,0,0,0,5,5,1,1
319,0.33829915405235156,13.857408058162921,13.712146789126988,inf,0,0,0,0,7,7,1,1
320,0.3462256007696075,13.857408058162921,13.712041694495257,inf,0,0,0,0,11,9,2,2
321,0.3539308387136574,13.857408058162921,13.711964832646032,inf,0,0,0,0,3,3,1,1
322,0.36139169454256836,13.857408058162921,13.71191660266664,inf,0,0,0,0,0,0,0,0
323,0.3685854012986369,13.857408058162921,13.711897186057715,inf,0,0,0,0,0,0,0,0
324,0.37548967994172155,13.857408058162921,13.711906409192656,inf,0,0,0,0,0,0,0,0
325,0.382082835122854,13.857408058162921,13.711943736884892,inf,0,0,0,0,0,0,0,0
326,0.3883438598194847,13.857408058162921,13.712008302161992,inf,0,0,0,0,0,0,0,0
327,0.39425254426203593,13.857408058162921,13.712098943030675,inf,0,0,0,0,0,0,0,0
328,0.3997895857296311,13.857408058162921,13.712214238140744,inf,0,0,0,0,0,0,0,0
329,0.40493669668418214,13.857408058162921,13.712352539897395,inf,0,0,0,0,0,0,0,0
330,0.4096767093399357,13.857408058162921,13.712512005552552,inf,0,0,0,0,0,0,0,0
331,0.41399367520521263,13.857408058162921,13.712690627195713,inf,0,0,0,0,0,0,0,0
332,0.4178729584469152,13.857408058162921,13.71288626147366,inf,0,0,0,0,0,0,0,0
333,0.4213013221579874,13.857408058162921,13.713096659617781,inf,0,0,0,0,0,0,0,0
334,0.42426700678013096,13.857408058162921,13.713319498054078,inf,0,0,0,0,0,0,0,0
335,0.42675980006628295,13.857408058162921,13.713552409620359,inf,0,0,0,0,0,0,0,0
336,0.4287710980718014,13.857408058162921,13.713793015208251,inf,0,0,0,0,0,0,0,0
337,0.15107595886540517,13.857408058162921,13.714038955473393,inf,0,0,0,0,0,0,0,0
338,-0.027884071727260526,13.857408058162921,13.66957898046087,inf,0,0,0,0,0,0,0,0
339,-0.1447783982638812,13.857408058162921,13.43080918570086,inf,0,0,0,0,0,0,0,0
340,-0.2223004577415722,13.857408058162921,13.462938158621142,inf,0,0,0,0,0,0,0,0
341,-0.27452777571948983,13.857408058162921,13.539940092680865,inf,0,0,0,0,0,0,0,0
342,-0.31029155269317976,13.857408058162921,13.60155375629781,inf,0,0,0,0,0,0,0,0
343,-0.3350987291627915,13.857408058162921,13.641370683326771,inf,0,0,0,0,0,0,0,0
344,-0.35246266373359403,13.857408058162921,13.669280649646565,inf,0,0,0,0,0,0,0,0
345,-0.36461610969959685,13.857408058162921,13.685509839862796,inf,0,0,0,0,0,0,0,0
346,-0.3729384465358351,13.857408058162921,13.69556472949321,inf,0,0,0,0,0,0,0,0
347,-0.378351365063746,13.857408058162921,13.703173996113815,inf,0,0,0,0,0,0,0,0
348,-0.38152298242986366,13.857408058162921,13.707924221964287,inf,0,0,0,0,0,0,0,0
349,-0.38293079685118964,13.857408058162921,13.710355326868696,inf,0,0,0,0,0,0,0,0
350,-0.3829028807767425,13.857408058162921,13.712239332702442,inf,0,0,0,0,0,0,0,0
351,-0.38167241351447645,13.857408058162921,13.713573349282674,inf,0,0,0,0,0,0,0,0
352,-0.3794126927108362,13.857408058162921,13.714486866121113,inf,0,0,0,0,0,0,0,0
353,-0.3762589415318377,13.857408058162921,13.71508250755417,inf,0,0,0,0,0,0,0,0
354,-0.37232079125122464,13.857408058162921,13.715437870186868,inf,0,0,0,0,0,0,0,0
355,-0.3676899746813499,13.857408058162921,13.715616731807701,inf,0,0,0,0,0,0,0,0
356,-0.36244522977568866,13.857408058162921,13.715668232430518,inf,0,0,0,0,0,0,0,0
357,-0.35665552229549335,13.857408058162921,13.715629868878677,inf,0,0,0,0,0,0,0,0
358,-0.35038223137555147,13.857408058162921,13.715530487982344,inf,0,0,0,0,0,0,0,0
359,-0.34367886288620286,13.857408058162921,13.71539253596206,inf,0,0,0,0,0,0,0,0
360,-0.3365937049853882,13.857408058162921,13.715260154042625,inf,0,0,0,0,0,0,0,0
361,-0.3291675066478548,13.857408058162921,13.715137076491178,inf,0,0,0,0,0,0,0,0
362,-0.3214441814770634,13.857408058162921,13.715751345617015,inf,0,0,0,0,0,0,0,0
363,-0.31347066578617966,13.857408058162921,13.716800494810354,inf,0,0,0,0,0,0,0,0
364,-0.3052964785743303,13.857408058162921,13.717308393535347,inf,0,0,0,0,0,0,0,0
365,-0.2969725245324355,13.857408058162921,13.717576736551822,inf,0,0,0,0,0,0,0,0
366,-0.288529291255476,13.857408058162921,13.7177700179884,inf,0,0,0,0,0,0,0,0
367,-0.27999004737527516,13.857408058162921,13.717913444729062,inf,0,0,0,0,0,0,0,0
368,-0.27137313649548866,13.857408058162921,13.718034381627504,inf,0,0,0,0,0,0,0,0
369,-0.2627056418280921,13.857408058162921,13.718201074488556,inf,0,0,0,0,0,0,0,0
370,-0.2540111571896865,13.857408058162921,13.718349777796247,inf,0,0,0,0,0,0,0,0
371,-0.24531588512912889,13.857408058162921,13.718516180987848,inf,0,0,0,0,0,0,0,0
372,-0.23664236741431244,13.857408058162921,13.718773151764754,inf,0,0,0,0,0,0,0,0
373,-0.22801001882612768,13.857408058162921,13.719036170373286,inf,0,0,0,0,0,0,0,0
374,-0.21943797180424607,13.857408058162921,13.719257977679838,inf,0,0,0,0,0,0,0,0
375,-0.21094465737830598,13.857408058162921,13.719451988365654,inf,0,0,0,0,0,0,0,0
376,-0.2025475521980551,13.857408058162921,13.719624072117561,inf,0,0,0,0,0,0,0,0
377,-0.19426302861150727,13.857408058162921,13.719777018876542,inf,0,0,0,0,0,0,0,0
378,-0.18610626723171142,13.857408058162921,13.7199123374496,inf,0,0,0,0,0,0,0,0
379,-0.17809120877273044,13.857408058162921,13.720031139380376,inf,0,0,0,0,0,0,0,0
380,-0.17023053204648897,13.857408058162921,13.720134554130128,inf,0,0,0,0,0,0,0,0
381,-0.1625356505897841,13.857408058162921,13.720223889971296,inf,0,0,0,0,0,0,0,0
382,-0.1550167234078471,13.857408058162921,13.720300658864621,inf,0,0,0,0,0,0,0,0
383,-0.14768267693930429,13.857408058162921,13.720366533435111,inf,0,0,0,0,0,0,0,0
384,-0.1405412362087619,13.857408058162921,13.720423275506324,inf,0,0,0,0,0,0,0,0
385,-0.13359887768201245,13.857408058162921,13.720472658574748,inf,0,0,0,0,0,0,0,0
386,-0.12686099709258758,13.857408058162921,13.720517559725458,inf,0,0,0,0,0,0,0,0
387,-0.12033218249889302,13.857408058162921,13.720560522361659,inf,0,0,0,0,0,0,0,0
388,-0.11401597950651632,13.857408058162921,13.720600914927644,inf,0,0,0,0,0,0,0,0
389,-0.10791490450258237,13.857408058162921,13.720639448192687,inf,0,0,0,0,0,0,0,0
390,-0.10203052326992243,13.857408058162921,13.720677091939763,inf,0,0,0,0,0,0,0,0
391,-0.09636352932600996,13.857408058162921,13.720714689310835,inf,0,0,0,0,0,0,0,0
392,-0.09091381504135232,13.857408058162921,13.720752894706106,inf,0,0,0,0,0,0,0,0
393,-0.08568053714666424,13.857408058162921,13.720792167587152,inf,0,0,0,0,0,0,0,0
394,-0.08066217842267873,13.857408058162921,13.720832783592595,inf,0,0,0,0,0,0,0,0
395,-0.07585660658245755,13.857408058162921,13.72087485356367,inf,0,0,0,0,0,0,0,0
396,-0.07126113075115087,13.857408058162921,13.720918346804567,inf,0,0,0,0,0,0,0,0
397,-0.06687322451627604,13.857408058162921,13.720963116323707,inf,0,0,0,0,0,0,0,0
398,-0.06268927406753404,13.857408058162921,13.721043470446803,inf,0,0,0,0,0,0,0,0
399,-0.058705016029620874,13.857408058162921,13.721116783160104,inf,0,0,0,0,0,0,0,0
400,-0.05491593770186058,13.857408058162921,13.721173011326872,inf,0,0,0,0,0,0,0,0
