time,ego_x,ego_y,yaw,cone0_x,cone0_y,cone0_min_dist,cone1_x,cone1_y,cone1_min_dist,cone2_x,cone2_y,cone2_min_dist,speed_car,broken_car_color0,broken_car_color1,broken_car_color2,min_distance_cones
0,31.873849647748827,14.970666052747335,3.1326700230004954,-8.292308046450687,18.031726573868283,38.43222156398162,-7.289361332395304,16.561650489455758,37.415923141003645,-9.268545679194249,19.15562342297131,39.41818385092483,0.006403582866063523,0.7823369252655845,0.6228723730475001,0.23030199761617193,37.415923141003645
1,31.86937435318651,14.970961249959235,3.1326755667972477,-8.292308046450687,18.031726573868283,38.42772901166311,-7.289361332395304,16.561650489455758,37.411438594578016,-9.268545679194249,19.15562342297131,39.41368500304213,0.1395863718261597,0.7823369252655845,0.6228723730475001,0.23030199761617193,37.411438594578016
2,31.860206001081373,14.971468271472872,3.1326792446942826,-8.292308046450687,18.031726573868283,38.41854783496981,-7.289361332395304,16.561650489455758,37.40226210640605,-9.268545679194249,19.15562342297131,39.40449904779956,0.28143265677569845,0.7823369252655845,0.6228723730475001,0.23030199761617193,37.40226210640605
3,31.84670945949818,14.972118223672599,3.1326311708119037,-8.292308046450687,18.031726573868283,38.40518660715702,-7.289361332395304,16.561650489455758,37.38882487981946,-9.268545679194249,19.15562342297131,39.391186061422154,0.4121990554698784,0.7823369252655845,0.6228723730475001,0.23030199761617193,37.38882487981946
4,31.829205648356538,14.972927431923912,3.1325661934637816,-8.292308046450687,18.031726573868283,38.387866023558246,-7.289361332395304,16.561650489455758,37.37140172119149,-9.268545679194249,19.15562342297131,39.373930821902476,0.5335792636748073,0.7823369252655845,0.6228723730475001,0.23030199761617193,37.37140172119149
5,31.807774241228646,14.97391567296446,3.1324830721066927,-8.292308046450687,18.031726573868283,38.36666924967648,-7.289361332395304,16.561650489455758,37.350073821735116,-9.268545679194249,19.15562342297131,39.35281772632963,0.6535128023256824,0.7823369252655845,0.6228723730475001,0.23030199761617193,37.350073821735116
6,31.782313553426984,14.975094835963617,3.132364910427455,-8.292308046450687,18.031726573868283,38.34154314637808,-7.289361332395304,16.561650489455758,37.324761759638,-9.268545679194249,19.15562342297131,39.3278110037965,0.7779663145176078,0.7823369252655845,0.6228723730475001,0.23030199761617193,37.324761759638
7,31.752764996987448,14.976478777628508,3.1322239116758057,-8.292308046450687,18.031726573868283,38.31239402195688,-7.289361332395304,16.561650489455758,37.29539077471513,-9.268545679194249,19.15562342297131,39.29880436741711,0.9063842437204802,0.7823369252655845,0.6228723730475001,0.23030199761617193,37.29539077471513
8,31.71962486728065,14.977526210656716,3.131943435519608,-8.292308046450687,18.031726573868283,38.28005604047234,-7.289361332395304,16.561650489455758,37.262614995513744,-9.268545679194249,19.15562342297131,39.266753240999826,1.02260886594081,0.7823369252655845,0.6228723730475001,0.23030199761617193,37.262614995513744
9,31.683432236206993,14.97835241294787,3.1316120027861247,-8.292308046450687,18.031726573868283,38.24481332330914,-7.289361332395304,16.561650489455758,37.2268558333245,-9.268545679194249,19.15562342297131,39.23185035544658,1.124906249297788,0.7823369252655845,0.6228723730475001,0.23030199761617193,37.2268558333245
10,31.645332793639746,14.978675256665895,3.1313151918118773,-8.292308046450687,18.031726573868283,38.207566654153325,-7.289361332395304,16.561650489455758,37.1891476821661,-9.268545679194249,19.15562342297131,39.19490900088082,1.1924377164477655,0.7823369252655845,0.6228723730475001,0.23030199761617193,37.1891476821661
11,31.605315481546384,14.978696355946989,3.1311258768384285,-8.292308046450687,18.031726573868283,38.16809431856555,-7.289361332395304,16.561650489455758,37.149381615572445,-9.268545679194249,19.15562342297131,39.15563200034319,1.2598305032117891,0.7823369252655845,0.6228723730475001,0.23030199761617193,37.149381615572445
12,31.564015361124504,14.978420056664834,3.1310583933343565,-8.292308046450687,18.031726573868283,38.126989990264526,-7.289361332395304,16.561650489455758,37.108173568657165,-9.268545679194249,19.15562342297131,39.11459825554768,1.305260109072269,0.7823369252655845,0.6228723730475001,0.23030199761617193,37.108173568657165
13,31.52165274231195,14.978035502122893,3.1309824691288224,-8.292308046450687,18.031726573868283,38.08484795186471,-7.289361332395304,16.561650489455758,37.06591495699041,-9.268545679194249,19.15562342297131,39.07253574378486,1.341460572883348,0.7823369252655845,0.6228723730475001,0.23030199761617193,37.06591495699041
14,31.478127331018857,14.977596224083802,3.13087796645424,-8.292308046450687,18.031726573868283,38.04162562872362,-7.289361332395304,16.561650489455758,37.02253179284104,-9.268545679194249,19.15562342297131,39.029422505280266,1.3782903388047385,0.7823369252655845,0.6228723730475001,0.23030199761617193,37.02253179284104
15,31.433284665842372,14.977044459075422,3.1307263045293343,-8.292308046450687,18.031726573868283,37.997222307305385,-7.289361332395304,16.561650489455758,36.97789462281269,-9.268545679194249,19.15562342297131,38.98517708462018,1.4188326083998564,0.7823369252655845,0.6228723730475001,0.23030199761617193,36.97789462281269
16,31.386851948097995,14.9764589923171,3.1305558572205947,-8.292308046450687,18.031726573868283,37.951283213169,-7.289361332395304,16.561650489455758,36.93169258886309,-9.268545679194249,19.15562342297131,38.93941532690497,1.467250511304728,0.7823369252655845,0.6228723730475001,0.23030199761617193,36.93169258886309
17,31.338852804654945,14.97589446601407,3.130407563489677,-8.292308046450687,18.031726573868283,37.90371390484454,-7.289361332395304,16.561650489455758,36.88389474270522,-9.268545679194249,19.15562342297131,38.892000524577654,1.5139658373000644,0.7823369252655845,0.6228723730475001,0.23030199761617193,36.88389474270522
18,31.289530726647587,14.97552244998592,3.130329457204628,-8.292308046450687,18.031726573868283,37.85461881606621,-7.289361332395304,16.561650489455758,36.83467976579035,-9.268545679194249,19.15562342297131,38.842987279348954,1.5524302658204197,0.7823369252655845,0.6228723730475001,0.23030199761617193,36.83467976579035
19,31.2381376792628,14.97538487544583,3.1302999702981222,-8.292308046450687,18.031726573868283,37.80331178462862,-7.289361332395304,16.561650489455758,36.7833278922252,-9.268545679194249,19.15562342297131,38.79171154802224,1.614916452603985,0.7823369252655845,0.6228723730475001,0.23030199761617193,36.7833278922252
20,31.18458035039231,14.975474601283954,3.1303253254733168,-8.292308046450687,18.031726573868283,37.749681608366004,-7.289361332395304,16.561650489455758,36.729737606203685,-9.268545679194249,19.15562342297131,38.73805573857193,1.680643521855784,0.7823369252655845,0.6228723730475001,0.23030199761617193,36.729737606203685
21,31.12880009282259,14.975772193232665,3.1303979247059033,-8.292308046450687,18.031726573868283,37.693691603497825,-7.289361332395304,16.561650489455758,36.673860461046246,-9.268545679194249,19.15562342297131,38.68199103199575,1.748457947360515,0.7823369252655845,0.6228723730475001,0.23030199761617193,36.673860461046246
22,31.070751943043916,14.976248603483278,3.1304926528000934,-8.292308046450687,18.031726573868283,37.635369241338026,-7.289361332395304,16.561650489455758,36.61568496541544,-9.268545679194249,19.15562342297131,38.623570818366126,1.8179218006495714,0.7823369252655845,0.6228723730475001,0.23030199761617193,36.61568496541544
23,31.010403610766858,14.976864016027616,3.1305807071779417,-8.292308046450687,18.031726573868283,37.57476531761327,-7.289361332395304,16.561650489455758,36.555217246456365,-9.268545679194249,19.15562342297131,38.562875631616656,1.8886244235212768,0.7823369252655845,0.6228723730475001,0.23030199761617193,36.555217246456365
24,30.94773419319267,14.97758655136176,3.130643751374201,-8.292308046450687,18.031726573868283,37.51191184353004,-7.289361332395304,16.561650489455758,36.49246089250023,-9.268545679194249,19.15562342297131,38.49995642892202,1.9601931401241781,0.7823369252655845,0.6228723730475001,0.23030199761617193,36.49246089250023
25,30.8827327147047,14.978390098251992,3.130665945992852,-8.292308046450687,18.031726573868283,37.44684354087893,-7.289361332395304,16.561650489455758,36.42742606936669,-9.268545679194249,19.15562342297131,38.43486429429959,2.032296740454618,0.7823369252655845,0.6228723730475001,0.23030199761617193,36.42742606936669
26,30.81539644674882,14.97925366358353,3.1306291347645008,-8.292308046450687,18.031726573868283,37.37961002983916,-7.289361332395304,16.561650489455758,36.36013422871575,-9.268545679194249,19.15562342297131,38.36766758336412,2.1046578490413657,0.7823369252655845,0.6228723730475001,0.23030199761617193,36.36013422871575
27,30.745729222824973,14.980161400367887,3.1305198196073327,-8.292308046450687,18.031726573868283,37.310254084372886,-7.289361332395304,16.561650489455758,36.29060720287573,-9.268545679194249,19.15562342297131,38.29842299838404,2.1770525419355007,0.7823369252655845,0.6228723730475001,0.23030199761617193,36.29060720287573
28,30.67373943469625,14.981102517522253,3.130325773772472,-8.292308046450687,18.031726573868283,37.23881939195393,-7.289361332395304,16.561650489455758,36.21886970165491,-9.268545679194249,19.15562342297131,38.227186834679735,2.2493215322153786,0.7823369252655845,0.6228723730475001,0.23030199761617193,36.21886970165491
29,30.601080516061625,14.982129019624622,3.1298632175549232,-8.292308046450687,18.031726573868283,37.16727805213878,-7.289361332395304,16.561650489455758,36.14681843815599,-9.268545679194249,19.15562342297131,38.156330589362554,2.2704585166710323,0.7823369252655845,0.6228723730475001,0.23030199761617193,36.14681843815599
30,30.526433719419167,14.983080234209385,3.1294481888126073,-8.292308046450687,18.031726573868283,37.09359700821743,-7.289361332395304,16.561650489455758,36.072717231523335,-9.268545679194249,19.15562342297131,38.08330160631221,2.332246843026905,0.7823369252655845,0.6228723730475001,0.23030199761617193,36.072717231523335
31,30.44952895762305,14.984060668868109,3.1289439665875314,-8.292308046450687,18.031726573868283,37.01786686492737,-7.289361332395304,16.561650489455758,35.99647662905714,-9.268545679194249,19.15562342297131,38.008363646390485,2.4027704680462727,0.7823369252655845,0.6228723730475001,0.23030199761617193,35.99647662905714
32,30.370231216788522,14.98512869160937,3.128326439672213,-8.292308046450687,18.031726573868283,36.94000826055641,-7.289361332395304,16.561650489455758,35.91799351948693,-9.268545679194249,19.15562342297131,37.93147588684342,2.4776516533311344,0.7823369252655845,0.6228723730475001,0.23030199761617193,35.91799351948693
33,30.288511430010487,14.98622550618346,3.127584102976985,-8.292308046450687,18.031726573868283,36.860020540745396,-7.289361332395304,16.561650489455758,35.837118578758954,-9.268545679194249,19.15562342297131,37.85228929904703,2.553470715414547,0.7823369252655845,0.6228723730475001,0.23030199761617193,35.837118578758954
34,30.204089868991666,14.9875017644705,3.126761757957964,-8.292308046450687,18.031726573868283,36.77751677115026,-7.289361332395304,16.561650489455758,35.753337228151,-9.268545679194249,19.15562342297131,37.77063312898396,2.637832262294391,0.7823369252655845,0.6228723730475001,0.23030199761617193,35.753337228151
35,30.116992417772398,14.988902282187922,3.1258631282872114,-8.292308046450687,18.031726573868283,36.69251547184324,-7.289361332395304,16.561650489455758,35.66693952247202,-9.268545679194249,19.15562342297131,37.68655785142037,2.7214196779350446,0.7823369252655845,0.6228723730475001,0.23030199761617193,35.66693952247202
36,30.027241668675305,14.990422394273406,3.1248987455441166,-8.292308046450687,18.031726573868283,36.605014978440806,-7.289361332395304,16.561650489455758,35.577940180633455,-9.268545679194249,19.15562342297131,37.600050960848506,2.8043485610823606,0.7823369252655845,0.6228723730475001,0.23030199761617193,35.577940180633455
37,29.934857222629873,14.992065615538749,3.1238729299544663,-8.292308046450687,18.031726573868283,36.51502503343633,-7.289361332395304,16.561650489455758,35.486355649055355,-9.268545679194249,19.15562342297131,37.51111773962599,2.8867205051904814,0.7823369252655845,0.6228723730475001,0.23030199761617193,35.486355649055355
38,29.839855304146525,14.993837757945068,3.1227887952519966,-8.292308046450687,18.031726573868283,36.42255479013659,-7.289361332395304,16.561650489455758,35.392199903410024,-9.268545679194249,19.15562342297131,37.41976411851188,2.968640154590475,0.7823369252655845,0.6228723730475001,0.23030199761617193,35.392199903410024
39,29.742248517080974,14.99574638776139,3.1216535861888395,-8.292308046450687,18.031726573868283,36.32760002484319,-7.289361332395304,16.561650489455758,35.29547996149086,-9.268545679194249,19.15562342297131,37.325978392669434,3.050214567063938,0.7823369252655845,0.6228723730475001,0.23030199761617193,35.29547996149086
40,29.64204559796657,14.997800262449987,3.1204775507044884,-8.292308046450687,18.031726573868283,36.230145509397595,-7.289361332395304,16.561650489455758,35.19619650371471,-9.268545679194249,19.15562342297131,37.22973475691356,3.1315572502336053,0.7823369252655845,0.6228723730475001,0.23030199761617193,35.19619650371471
41,29.539251171291575,15.000008437578911,3.119267976914875,-8.292308046450687,18.031726573868283,36.13017880346601,-7.289361332395304,16.561650489455758,35.09434839593765,-9.268545679194249,19.15562342297131,37.1310132411171,3.2127907668003255,0.7823369252655845,0.6228723730475001,0.23030199761617193,35.09434839593765
42,29.43386568757836,15.002379848224418,3.11802540363081,-8.292308046450687,18.031726573868283,36.02769917150817,-7.289361332395304,16.561650489455758,34.98993571519201,-9.268545679194249,19.15562342297131,37.02981253064714,3.294040135121079,0.7823369252655845,0.6228723730475001,0.23030199761617193,34.98993571519201
43,29.325886037223658,15.00492431733362,3.116756253839934,-8.292308046450687,18.031726573868283,35.92268837245466,-7.289361332395304,16.561650489455758,34.88295021398142,-9.268545679194249,19.15562342297131,36.92610777679958,3.375404458475105,0.7823369252655845,0.6228723730475001,0.23030199761617193,34.88295021398142
44,29.218013918788625,15.00724219027174,3.115381009515875,-8.292308046450687,18.031726573868283,35.81730286165606,-7.289361332395304,16.561650489455758,34.776165810994605,-9.268545679194249,19.15562342297131,36.82287813822402,3.3752065280144445,0.7823369252655845,0.6228723730475001,0.23030199761617193,34.776165810994605
45,29.1125509389407,15.010553382373997,3.1143172945392408,-8.292308046450687,18.031726573868283,35.713728272186664,-7.289361332395304,16.561650489455758,34.671520266549045,-9.268545679194249,19.15562342297131,36.72058618882827,3.3067866271991853,0.7823369252655845,0.6228723730475001,0.23030199761617193,34.671520266549045
46,29.00907412228626,15.014253781739706,3.1133095439507508,-8.292308046450687,18.031726573868283,35.61202627420098,-7.289361332395304,16.561650489455758,34.56848968575027,-9.268545679194249,19.15562342297131,36.61992215073652,3.249142987314741,0.7823369252655845,0.6228723730475001,0.23030199761617193,34.56848968575027
47,28.905537232078196,15.017959165823646,3.112266118680363,-8.292308046450687,18.031726573868283,35.51033124796096,-7.289361332395304,16.561650489455758,34.46517058754378,-9.268545679194249,19.15562342297131,36.519301827968704,3.251845269945334,0.7823369252655845,0.6228723730475001,0.23030199761617193,34.46517058754378
48,28.799260499848657,15.021813790293693,3.1110631894659666,-8.292308046450687,18.031726573868283,35.406187146165315,-7.289361332395304,16.561650489455758,34.35915403427326,-9.268545679194249,19.15562342297131,36.41639668152156,3.334839981967881,0.7823369252655845,0.6228723730475001,0.23030199761617193,34.35915403427326
49,28.68972325377068,15.025927175085021,3.1098049725946653,-8.292308046450687,18.031726573868283,35.298880083328164,-7.289361332395304,16.561650489455758,34.249887967318145,-9.268545679194249,19.15562342297131,36.31038527790245,3.4323542054644687,0.7823369252655845,0.6228723730475001,0.23030199761617193,34.249887967318145
50,28.577079221057552,15.030200549863478,3.1085610580104213,-8.292308046450687,18.031726573868283,35.18843949099515,-7.289361332395304,16.561650489455758,34.13751038847093,-9.268545679194249,19.15562342297131,36.20122548436002,3.5252674405903535,0.7823369252655845,0.6228723730475001,0.23030199761617193,34.13751038847093
51,28.461307203900148,15.03461184882743,3.1073261328356905,-8.292308046450687,18.031726573868283,35.074854556027574,-7.289361332395304,16.561650489455758,34.022002293804455,-9.268545679194249,19.15562342297131,36.088911994912024,3.6193449034631175,0.7823369252655845,0.6228723730475001,0.23030199761617193,34.022002293804455
52,28.34235815778998,15.03915234751506,3.106090795434589,-8.292308046450687,18.031726573868283,34.95809378148142,-7.289361332395304,16.561650489455758,33.90331759350545,-9.268545679194249,19.15562342297131,35.97342301294844,3.715013754196247,0.7823369252655845,0.6228723730475001,0.23030199761617193,33.90331759350545
53,28.220166016288488,15.043832358787206,3.1048503117196744,-8.292308046450687,18.031726573868283,34.83809954308136,-7.289361332395304,16.561650489455758,33.78139127092052,-9.268545679194249,19.15562342297131,35.85470577412473,3.8124492845764637,0.7823369252655845,0.6228723730475001,0.23030199761617193,33.78139127092052
54,28.094655260825725,15.048670940392906,3.1035993599610356,-8.292308046450687,18.031726573868283,34.71480562753721,-7.289361332395304,16.561650489455758,33.656148777579304,-9.268545679194249,19.15562342297131,35.73269951580541,3.9117599525735685,0.7823369252655845,0.6228723730475001,0.23030199761617193,33.656148777579304
55,27.966680690562395,15.053441480179103,3.102354607925651,-8.292308046450687,18.031726573868283,34.58872349618045,-7.289361332395304,16.561650489455758,33.528447440755365,-9.268545679194249,19.15562342297131,35.608218125805664,3.9834172019877636,0.7823369252655845,0.6228723730475001,0.23030199761617193,33.528447440755365
56,27.836276819283842,15.058264159822478,3.1010928146308583,-8.292308046450687,18.031726573868283,34.459883439907536,-7.289361332395304,16.561650489455758,33.398324375769086,-9.268545679194249,19.15562342297131,35.48111638711267,4.05387826183591,0.7823369252655845,0.6228723730475001,0.23030199761617193,33.398324375769086
57,27.7048751050317,15.062509395454109,3.099572645407176,-8.292308046450687,18.031726573868283,34.33041432319873,-7.289361332395304,16.561650489455758,33.26730351342263,-9.268545679194249,19.15562342297131,35.35321708393275,4.082253869062056,0.7823369252655845,0.6228723730475001,0.23030199761617193,33.26730351342263
58,27.572522207608145,15.066734279214298,3.0980294616342343,-8.292308046450687,18.031726573868283,34.200030270581216,-7.289361332395304,16.561650489455758,33.13456863381723,-9.268545679194249,19.15562342297131,35.224426665526224,4.110661060592523,0.7823369252655845,0.6228723730475001,0.23030199761617193,33.13456863381723
59,27.439257348511678,15.071073123112935,3.096521710377979,-8.292308046450687,18.031726573868283,34.06868760513805,-7.289361332395304,16.561650489455758,33.00088663476304,-9.268545679194249,19.15562342297131,35.09464101494921,4.138744761313221,0.7823369252655845,0.6228723730475001,0.23030199761617193,33.00088663476304
60,27.305273463332558,15.075507080431723,3.0950420465738375,-8.292308046450687,18.031726573868283,33.93658931701915,-7.289361332395304,16.561650489455758,32.866492481683586,-9.268545679194249,19.15562342297131,34.96407070360584,4.161979391455581,0.7823369252655845,0.6228723730475001,0.23030199761617193,32.866492481683586
61,27.17072061015064,15.080070948035166,3.0936073693346,-8.292308046450687,18.031726573868283,33.80386117383604,-7.289361332395304,16.561650489455758,32.73153809280643,-9.268545679194249,19.15562342297131,34.83282401710838,4.18168137224284,0.7823369252655845,0.6228723730475001,0.23030199761617193,32.73153809280643
62,27.035700931491753,15.084809495993062,3.092240948495122,-8.292308046450687,18.031726573868283,33.67057203370012,-7.289361332395304,16.561650489455758,32.5961283636726,-9.268545679194249,19.15562342297131,34.70094575304292,4.199180811170944,0.7823369252655845,0.6228723730475001,0.23030199761617193,32.5961283636726
63,26.900270182898453,15.089766453348123,3.0909579595424,-8.292308046450687,18.031726573868283,33.53675498804478,-7.289361332395304,16.561650489455758,32.46031983183951,-9.268545679194249,19.15562342297131,34.568453292728776,4.215688122004039,0.7823369252655845,0.6228723730475001,0.23030199761617193,32.46031983183951
64,26.764442120319828,15.094981549238499,3.0897689180070778,-8.292308046450687,18.031726573868283,33.40240744032688,-7.289361332395304,16.561650489455758,32.32412611253116,-9.268545679194249,19.15562342297131,34.435333142307435,4.2322488288286015,0.7823369252655845,0.6228723730475001,0.23030199761617193,32.32412611253116
65,26.628194411977827,15.100489390616936,3.0886868114744153,-8.292308046450687,18.031726573868283,33.26748765292498,-7.289361332395304,16.561650489455758,32.18752555284897,-9.268545679194249,19.15562342297131,34.301530127283236,4.249728178153337,0.7823369252655845,0.6228723730475001,0.23030199761617193,32.18752555284897
66,26.491657836800265,15.106274697920812,3.087681013004894,-8.292308046450687,18.031726573868283,33.13198804249434,-7.289361332395304,16.561650489455758,32.05064200160701,-9.268545679194249,19.15562342297131,34.16724733755724,4.263926485096566,0.7823369252655845,0.6228723730475001,0.23030199761617193,32.05064200160701
67,26.354644346713698,15.112455352191569,3.0867974132947897,-8.292308046450687,18.031726573868283,32.995549370444095,-7.289361332395304,16.561650489455758,31.913291684797557,-9.268545679194249,19.15562342297131,34.03209794524803,4.283412022627575,0.7823369252655845,0.6228723730475001,0.23030199761617193,31.913291684797557
68,26.216978584646476,15.119034398880888,3.086036290580114,-8.292308046450687,18.031726573868283,32.85833986801964,-7.289361332395304,16.561650489455758,31.77529881600561,-9.268545679194249,19.15562342297131,33.89567541624648,4.307610257372372,0.7823369252655845,0.6228723730475001,0.23030199761617193,31.77529881600561
69,26.078514917830844,15.125990660342326,3.08538242611849,-8.292308046450687,18.031726573868283,32.72022701130878,-7.289361332395304,16.561650489455758,31.636515140676675,-9.268545679194249,19.15562342297131,33.7582385927768,4.335653072560323,0.7823369252655845,0.6228723730475001,0.23030199761617193,31.636515140676675
70,25.939132490282734,15.133296341002163,3.084819101919192,-8.292308046450687,18.031726573868283,32.581104739190934,-7.289361332395304,16.561650489455758,31.49681728689883,-9.268545679194249,19.15562342297131,33.619698690646494,4.366757100340534,0.7823369252655845,0.6228723730475001,0.23030199761617193,31.49681728689883
71,25.79872568611596,15.140931481300532,3.084329562546753,-8.292308046450687,18.031726573868283,32.44088186817673,-7.289361332395304,16.561650489455758,31.35609682488057,-9.268545679194249,19.15562342297131,33.47998183508472,4.400627562047582,0.7823369252655845,0.6228723730475001,0.23030199761617193,31.35609682488057
72,25.657714992141823,15.148866688000675,3.083897679322555,-8.292308046450687,18.031726573868283,32.299992500341816,-7.289361332395304,16.561650489455758,31.214771481899852,-9.268545679194249,19.15562342297131,33.339538770725675,4.421276019020253,0.7823369252655845,0.6228723730475001,0.23030199761617193,31.214771481899852
73,25.516453456016173,15.157035467234127,3.0834804889143856,-8.292308046450687,18.031726573868283,32.15882708657096,-7.289361332395304,16.561650489455758,31.072997578375876,-9.268545679194249,19.15562342297131,33.19880431448614,4.430621343996589,0.7823369252655845,0.6228723730475001,0.23030199761617193,31.072997578375876
74,25.37508932157949,15.16540435300847,3.083059290312928,-8.292308046450687,18.031726573868283,32.01755048238175,-7.289361332395304,16.561650489455758,30.931067711693167,-9.268545679194249,19.15562342297131,33.057962636221184,4.434932841166707,0.7823369252655845,0.6228723730475001,0.23030199761617193,30.931067711693167
75,25.23368982855111,15.173948276190579,3.082618773056076,-8.292308046450687,18.031726573868283,31.876243538731885,-7.289361332395304,16.561650489455758,30.789076590080608,-9.268545679194249,19.15562342297131,32.91711039978628,4.4367265063317705,0.7823369252655845,0.6228723730475001,0.23030199761617193,30.789076590080608
76,25.092290432964372,15.182645341106182,3.082147112506344,-8.292308046450687,18.031726573868283,31.734952464612718,-7.289361332395304,16.561650489455758,30.647052075678555,-9.268545679194249,19.15562342297131,32.7763060291963,4.437030300350246,0.7823369252655845,0.6228723730475001,0.23030199761617193,30.647052075678555
77,24.95091392702278,15.191473875483428,3.0816346722614565,-8.292308046450687,18.031726573868283,31.59370911773336,-7.289361332395304,16.561650489455758,30.505011091736147,-9.268545679194249,19.15562342297131,32.635591339735655,4.436291087909976,0.7823369252655845,0.6228723730475001,0.23030199761617193,30.505011091736147
78,24.809578034760165,15.200416157347343,3.0810711475702055,-8.292308046450687,18.031726573868283,31.452540635186086,-7.289361332395304,16.561650489455758,30.362964782326507,-9.268545679194249,19.15562342297131,32.49500411234997,4.4347341648638015,0.7823369252655845,0.6228723730475001,0.23030199761617193,30.362964782326507
79,24.668341766305506,15.20942459598203,3.0804676742631685,-8.292308046450687,18.031726573868283,31.31150009971526,-7.289361332395304,16.561650489455758,30.22098377913276,-9.268545679194249,19.15562342297131,32.35458597583086,4.430715272063676,0.7823369252655845,0.6228723730475001,0.23030199761617193,30.22098377913276
80,24.527193134618727,15.218483034604779,3.079805808880597,-8.292308046450687,18.031726573868283,31.170591455704116,-7.289361332395304,16.561650489455758,30.07904335540503,-9.268545679194249,19.15562342297131,32.21435991633896,4.427017189588861,0.7823369252655845,0.6228723730475001,0.23030199761617193,30.07904335540503
81,24.38613166427989,15.227589815884933,3.079082978023327,-8.292308046450687,18.031726573868283,31.029816623493176,-7.289361332395304,16.561650489455758,29.9371414187446,-9.268545679194249,19.15562342297131,32.074330507829146,4.423344914979968,0.7823369252655845,0.6228723730475001,0.23030199761617193,29.9371414187446
82,24.245159477177005,15.236745052932632,3.07830219227571,-8.292308046450687,18.031726573868283,30.889175554389894,-7.289361332395304,16.561650489455758,29.795282600967955,-9.268545679194249,19.15562342297131,31.934494591840256,4.4196143695625345,0.7823369252655845,0.6228723730475001,0.23030199761617193,29.795282600967955
83,24.1042797655849,15.24594801852138,3.0774698457373475,-8.292308046450687,18.031726573868283,30.74866659724838,-7.289361332395304,16.561650489455758,29.65347520920072,-9.268545679194249,19.15562342297131,31.794843917015154,4.415807204092344,0.7823369252655845,0.6228723730475001,0.23030199761617193,29.65347520920072
84,23.963492176435846,15.255200946195554,3.076590220705843,-8.292308046450687,18.031726573868283,30.6082860635634,-7.289361332395304,16.561650489455758,29.51172220981995,-9.268545679194249,19.15562342297131,31.655370370814712,4.412066071193053,0.7823369252655845,0.6228723730475001,0.23030199761617193,29.51172220981995
85,23.822793297769287,15.264508119106788,3.0756711292191237,-8.292308046450687,18.031726573868283,30.468024218505267,-7.289361332395304,16.561650489455758,29.370026016020304,-9.268545679194249,19.15562342297131,31.51605615076875,4.408507966604622,0.7823369252655845,0.6228723730475001,0.23030199761617193,29.370026016020304
86,23.682177348723616,15.273875441104263,3.074721392151056,-8.292308046450687,18.031726573868283,30.327868004475274,-7.289361332395304,16.561650489455758,29.22838728444494,-9.268545679194249,19.15562342297131,31.376879089410366,4.40522378913259,0.7823369252655845,0.6228723730475001,0.23030199761617193,29.22838728444494
87,23.54163672647764,15.283309249074817,3.073749503912305,-8.292308046450687,18.031726573868283,30.187802730114193,-7.289361332395304,16.561650489455758,29.0868045284927,-9.268545679194249,19.15562342297131,31.237815722068213,4.402281164189002,0.7823369252655845,0.6228723730475001,0.23030199761617193,29.0868045284927
88,23.401162796776756,15.29281789073771,3.0727627920071727,-8.292308046450687,18.031726573868283,30.04781344714765,-7.289361332395304,16.561650489455758,28.945274176918854,-9.268545679194249,19.15562342297131,31.098843529282476,4.399724062088729,0.7823369252655845,0.6228723730475001,0.23030199761617193,28.945274176918854
89,23.260745959686503,15.302408512547425,3.071770598901959,-8.292308046450687,18.031726573868283,29.907531789858083,-7.289361332395304,16.561650489455758,28.803793220240664,-9.268545679194249,19.15562342297131,30.959925470917753,4.397582266152887,0.7823369252655845,0.6228723730475001,0.23030199761617193,28.803793220240664
90,23.12037663850349,15.312089390178228,3.070778785928341,-8.292308046450687,18.031726573868283,29.767102617073036,-7.289361332395304,16.561650489455758,28.662355954426015,-9.268545679194249,19.15562342297131,30.820520968386443,4.395860195506039,0.7823369252655845,0.6228723730475001,0.23030199761617193,28.662355954426015
91,22.98004529189871,15.321868421428354,3.069795560562551,-8.292308046450687,18.031726573868283,29.626703078916698,-7.289361332395304,16.561650489455758,28.520958427814303,-9.268545679194249,19.15562342297131,30.68113720096304,4.394553586320116,0.7823369252655845,0.6228723730475001,0.23030199761617193,28.520958427814303
92,22.839742774501282,15.331752109613799,3.0688285949075818,-8.292308046450687,18.031726573868283,29.48632140613829,-7.289361332395304,16.561650489455758,28.379596722548264,-9.268545679194249,19.15562342297131,30.541754472757134,4.393643327748617,0.7823369252655845,0.6228723730475001,0.23030199761617193,28.379596722548264
93,22.699460815143354,15.341746890747926,3.0678838407301283,-8.292308046450687,18.031726573868283,29.34594713049064,-7.289361332395304,16.561650489455758,28.238266480381757,-9.268545679194249,19.15562342297131,30.402356165326438,4.393097249595243,0.7823369252655845,0.6228723730475001,0.23030199761617193,28.238266480381757
94,22.559191857747496,15.351856973396721,3.0669682785762116,-8.292308046450687,18.031726573868283,29.205570346337822,-7.289361332395304,16.561650489455758,28.096964917465723,-9.268545679194249,19.15562342297131,30.262925161279245,4.392879890899573,0.7823369252655845,0.6228723730475001,0.23030199761617193,28.096964917465723
95,22.418929507671177,15.362085849128176,3.066086007387132,-8.292308046450687,18.031726573868283,29.06518312572235,-7.289361332395304,16.561650489455758,27.95568830424216,-9.268545679194249,19.15562342297131,30.123449296954174,4.392945514863517,0.7823369252655845,0.6228723730475001,0.23030199761617193,27.95568830424216
96,22.27866831226295,15.372434730320089,3.0652408241247935,-8.292308046450687,18.031726573868283,28.92477872141074,-7.289361332395304,16.561650489455758,27.814433757495383,-9.268545679194249,19.15562342297131,29.983917902234843,4.393249083754024,0.7823369252655845,0.6228723730475001,0.23030199761617193,27.814433757495383
97,22.138404065240234,15.382904636352087,3.064433878024718,-8.292308046450687,18.031726573868283,28.78435237591842,-7.289361332395304,16.561650489455758,27.67319770483412,-9.268545679194249,19.15562342297131,29.844325031159556,4.3937414024059445,0.7823369252655845,0.6228723730475001,0.23030199761617193,27.67319770483412
98,21.99813337298871,15.393493962829574,3.063666921433961,-8.292308046450687,18.031726573868283,28.643900175240503,-7.289361332395304,16.561650489455758,27.531977993675245,-9.268545679194249,19.15562342297131,29.704664959593448,4.394378991282014,0.7823369252655845,0.6228723730475001,0.23030199761617193,27.531977993675245
99,21.857854034345344,15.404201411047186,3.062937998548501,-8.292308046450687,18.031726573868283,28.503420427187155,-7.289361332395304,16.561650489455758,27.39077095012167,-9.268545679194249,19.15562342297131,29.56493801444762,4.395115431078552,0.7823369252655845,0.6228723730475001,0.23030199761617193,27.39077095012167
100,21.71756458533047,15.415024726498482,3.062247679071263,-8.292308046450687,18.031726573868283,28.36291154321262,-7.289361332395304,16.561650489455758,27.24957554461597,-9.268545679194249,19.15562342297131,29.425142018792315,4.3959140381731885,0.7823369252655845,0.6228723730475001,0.23030199761617193,27.24957554461597
101,21.577264241631234,15.42596024983939,3.0615960023972257,-8.292308046450687,18.031726573868283,28.222372878592868,-7.289361332395304,16.561650489455758,27.10839113726411,-9.268545679194249,19.15562342297131,29.28527628781417,4.39674014795038,0.7823369252655845,0.6228723730475001,0.23030199761617193,27.10839113726411
102,21.436952976297807,15.437004620721554,3.0609820279025586,-8.292308046450687,18.031726573868283,28.08180481126526,-7.289361332395304,16.561650489455758,26.96721712473754,-9.268545679194249,19.15562342297131,29.145342171342946,4.397562439527176,0.7823369252655845,0.6228723730475001,0.23030199761617193,26.96721712473754
103,21.296631066613376,15.44815220221592,3.060406223660223,-8.292308046450687,18.031726573868283,27.94120780138753,-7.289361332395304,16.561650489455758,26.826054378652056,-9.268545679194249,19.15562342297131,29.005339647794905,4.398357266507726,0.7823369252655845,0.6228723730475001,0.23030199761617193,26.826054378652056
104,21.156299358493964,15.459397258926902,3.0598648006636555,-8.292308046450687,18.031726573868283,27.800584127975206,-7.289361332395304,16.561650489455758,26.684901288268765,-9.268545679194249,19.15562342297131,28.86527491049691,4.399101065657362,0.7823369252655845,0.6228723730475001,0.23030199761617193,26.684901288268765
105,21.015959103232543,15.470734947339556,3.059355045909167,-8.292308046450687,18.031726573868283,27.659936112675723,-7.289361332395304,16.561650489455758,26.54375738482622,-9.268545679194249,19.15562342297131,28.72515308394866,4.399778438366114,0.7823369252655845,0.6228723730475001,0.23030199761617193,26.54375738482622
106,20.87561161085449,15.482159274104559,3.05887686384649,-8.292308046450687,18.031726573868283,27.519265472859583,-7.289361332395304,16.561650489455758,26.40262422266454,-9.268545679194249,19.15562342297131,28.584975986114024,4.400380166005556,0.7823369252655845,0.6228723730475001,0.23030199761617193,26.40262422266454
107,20.73525834666463,15.493663620528313,3.0584273199837875,-8.292308046450687,18.031726573868283,27.378574968094256,-7.289361332395304,16.561650489455758,26.261501523002945,-9.268545679194249,19.15562342297131,28.444749408942503,4.400897656266429,0.7823369252655845,0.6228723730475001,0.23030199761617193,26.261501523002945
108,20.59490096249262,15.50524224566371,3.058001907564127,-8.292308046450687,18.031726573868283,27.23786795369915,-7.289361332395304,16.561650489455758,26.120388028044328,-9.268545679194249,19.15562342297131,28.304481363224927,4.401326457778673,0.7823369252655845,0.6228723730475001,0.23030199761617193,26.120388028044328
109,20.4545410489215,15.516889176556544,3.0575973398743654,-8.292308046450687,18.031726573868283,27.097147398836597,-7.289361332395304,16.561650489455758,25.97928332287792,-9.268545679194249,19.15562342297131,28.164178213852797,4.401667230933215,0.7823369252655845,0.6228723730475001,0.23030199761617193,25.97928332287792
110,20.314180303179718,15.528600234888907,3.0572101377704692,-8.292308046450687,18.031726573868283,26.956416310197746,-7.289361332395304,16.561650489455758,25.838186861057086,-9.268545679194249,19.15562342297131,28.023846561117782,4.401922271142339,0.7823369252655845,0.6228723730475001,0.23030199761617193,25.838186861057086
111,20.17382019627898,15.540370832024447,3.056840325881068,-8.292308046450687,18.031726573868283,26.815676471345906,-7.289361332395304,16.561650489455758,25.69710040282186,-9.268545679194249,19.15562342297131,27.88348816453137,4.402098175745865,0.7823369252655845,0.6228723730475001,0.23030199761617193,25.69710040282186
112,20.033462070998866,15.552196343696183,3.0564863458600104,-8.292308046450687,18.031726573868283,26.67493001296237,-7.289361332395304,16.561650489455758,25.556024457095127,-9.268545679194249,19.15562342297131,27.743106765269708,4.402200830972679,0.7823369252655845,0.6228723730475001,0.23030199761617193,25.556024457095127
113,19.89310724151747,15.564073742202865,3.056146734122708,-8.292308046450687,18.031726573868283,26.534178891547924,-7.289361332395304,16.561650489455758,25.414959476212506,-9.268545679194249,19.15562342297131,27.60270583177514,4.402237859586512,0.7823369252655845,0.6228723730475001,0.23030199761617193,25.414959476212506
114,19.75275665745713,15.575998803812896,3.0558227673698766,-8.292308046450687,18.031726573868283,26.393423976494326,-7.289361332395304,16.561650489455758,25.27390757167543,-9.268545679194249,19.15562342297131,27.462284916578305,4.402219226968932,0.7823369252655845,0.6228723730475001,0.23030199761617193,25.27390757167543
115,19.612411169795454,15.587967930276799,3.0555124693313926,-8.292308046450687,18.031726573868283,26.25266696345362,-7.289361332395304,16.561650489455758,25.132868408461253,-9.268545679194249,19.15562342297131,27.321847756958444,4.402152713126336,0.7823369252655845,0.6228723730475001,0.23030199761617193,25.132868408461253
116,19.47207144897889,15.599978002157199,3.055214403761179,-8.292308046450687,18.031726573868283,26.11190917468795,-7.289361332395304,16.561650489455758,24.991841829470673,-9.268545679194249,19.15562342297131,27.181397158993732,4.402047738339367,0.7823369252655845,0.6228723730475001,0.23030199761617193,24.991841829470673
117,19.331737942823498,15.61202584319807,3.054927178943002,-8.292308046450687,18.031726573868283,25.971043563575158,-7.289361332395304,16.561650489455758,24.850827494443973,-9.268545679194249,19.15562342297131,27.040867048045197,4.401913440252759,0.7823369252655845,0.6228723730475001,0.23030199761617193,24.850827494443973
118,19.191411075311727,15.624110165827755,3.0546494066474574,-8.292308046450687,18.031726573868283,25.830135612669643,-7.289361332395304,16.561650489455758,24.70982492827301,-9.268545679194249,19.15562342297131,26.900245806725803,4.401758269509943,0.7823369252655845,0.6228723730475001,0.23030199761617193,24.70982492827301
119,19.051090917101025,15.636228436286954,3.054382862476757,-8.292308046450687,18.031726573868283,25.68923404654103,-7.289361332395304,16.561650489455758,24.568835615809405,-9.268545679194249,19.15562342297131,26.759619348766016,4.401591369542335,0.7823369252655845,0.6228723730475001,0.23030199761617193,24.568835615809405
120,18.910777504460263,15.648379102523215,3.054126306287093,-8.292308046450687,18.031726573868283,25.54833872489861,-7.289361332395304,16.561650489455758,24.427858816712543,-9.268545679194249,19.15562342297131,26.618988815474445,4.401418801366096,0.7823369252655845,0.6228723730475001,0.23030199761617193,24.427858816712543
121,18.77047071255408,15.660560721835253,3.053880173009979,-8.292308046450687,18.031726573868283,25.4074497561734,-7.289361332395304,16.561650489455758,24.28689480557125,-9.268545679194249,19.15562342297131,26.478353865116873,4.401247339390556,0.7823369252655845,0.6228723730475001,0.23030199761617193,24.28689480557125
122,18.630170266248314,15.67277158073363,3.0536446858020594,-8.292308046450687,18.031726573868283,25.26656707281999,-7.289361332395304,16.561650489455758,24.14594357347318,-9.268545679194249,19.15562342297131,26.33771419881207,4.401082211402514,0.7823369252655845,0.6228723730475001,0.23030199761617193,24.14594357347318
123,18.489875892881816,15.685011022496735,3.053419666748574,-8.292308046450687,18.031726573868283,25.125690408786827,-7.289361332395304,16.561650489455758,24.00500476686628,-9.268545679194249,19.15562342297131,26.197069734167464,4.400927505092792,0.7823369252655845,0.6228723730475001,0.23030199761617193,24.00500476686628
124,18.34958717981518,15.697278046688252,3.05320743244706,-8.292308046450687,18.031726573868283,24.984820011192163,-7.289361332395304,16.561650489455758,23.864079664691037,-9.268545679194249,19.15562342297131,26.056418322765822,4.400787210915827,0.7823369252655845,0.6228723730475001,0.23030199761617193,23.864079664691037
125,18.209303470439743,15.709569393358503,3.053007754548,-8.292308046450687,18.031726573868283,24.843955470396526,-7.289361332395304,16.561650489455758,23.7231676500859,-9.268545679194249,19.15562342297131,25.9157597898098,4.400663060617223,0.7823369252655845,0.6228723730475001,0.23030199761617193,23.7231676500859
126,18.069024439220357,15.721885265172187,3.052815995583837,-8.292308046450687,18.031726573868283,24.703095282799442,-7.289361332395304,16.561650489455758,23.582265138314604,-9.268545679194249,19.15562342297131,25.775097426366308,4.400555391372499,0.7823369252655845,0.6228723730475001,0.23030199761617193,23.582265138314604
127,17.92874953343076,15.734224469731316,3.0526347854556963,-8.292308046450687,18.031726573868283,24.562239654690156,-7.289361332395304,16.561650489455758,23.441373500112014,-9.268545679194249,19.15562342297131,25.634428719149277,4.400466862465843,0.7823369252655845,0.6228723730475001,0.23030199761617193,23.441373500112014
128,17.788478274608966,15.746586327708236,3.0524641417945664,-8.292308046450687,18.031726573868283,24.421388169834373,-7.289361332395304,16.561650489455758,23.30049231661867,-9.268545679194249,19.15562342297131,25.49375323334218,4.400396723806602,0.7823369252655845,0.6228723730475001,0.23030199761617193,23.30049231661867
129,17.648210133927456,15.758969542786959,3.0523045809050533,-8.292308046450687,18.031726573868283,24.280540545229858,-7.289361332395304,16.561650489455758,23.1596215045196,-9.268545679194249,19.15562342297131,25.353070151533093,4.400344518437472,0.7823369252655845,0.6228723730475001,0.23030199761617193,23.1596215045196
130,17.50794463544089,15.771373025151757,3.052155247795328,-8.292308046450687,18.031726573868283,24.13969619295945,-7.289361332395304,16.561650489455758,23.018760062721434,-9.268545679194249,19.15562342297131,25.212379769282133,4.40030891906183,0.7823369252655845,0.6228723730475001,0.23030199761617193,23.018760062721434
131,17.36768136165132,15.783796042066923,3.052015911398475,-8.292308046450687,18.031726573868283,23.998854703815926,-7.289361332395304,16.561650489455758,22.877907464340613,-9.268545679194249,19.15562342297131,25.07168191589295,4.400288686993584,0.7823369252655845,0.6228723730475001,0.23030199761617193,22.877907464340613
132,17.227419824707766,15.796236714316922,3.051886379697864,-8.292308046450687,18.031726573868283,23.858015720026827,-7.289361332395304,16.561650489455758,22.737063208671223,-9.268545679194249,19.15562342297131,24.930976431298735,4.400282137873962,0.7823369252655845,0.6228723730475001,0.23030199761617193,22.737063208671223
133,17.087159678518056,15.808694048812283,3.051763578679255,-8.292308046450687,18.031726573868283,23.71717823107469,-7.289361332395304,16.561650489455758,22.596224877455196,-9.268545679194249,19.15562342297131,24.790265482887463,4.400286961711809,0.7823369252655845,0.6228723730475001,0.23030199761617193,22.596224877455196
134,16.94690067407644,15.821167808586553,3.0516465194621096,-8.292308046450687,18.031726573868283,23.57634176471167,-7.289361332395304,16.561650489455758,22.455391561846604,-9.268545679194249,19.15562342297131,24.64954962070595,4.400301706635525,0.7823369252655845,0.6228723730475001,0.23030199761617193,22.455391561846604
135,16.806642541722294,15.833657137805927,3.051535742185073,-8.292308046450687,18.031726573868283,23.435506264636967,-7.289361332395304,16.561650489455758,22.314563434308916,-9.268545679194249,19.15562342297131,24.508828229559633,4.400324582777947,0.7823369252655845,0.6228723730475001,0.23030199761617193,22.314563434308916
136,16.666385188345274,15.846162535231189,3.0514313936222597,-8.292308046450687,18.031726573868283,23.294671622340655,-7.289361332395304,16.561650489455758,22.173740489505168,-9.268545679194249,19.15562342297131,24.368101049275044,4.400353542648407,0.7823369252655845,0.6228723730475001,0.23030199761617193,22.173740489505168
137,16.526128370807992,15.858682550402552,3.0513361992053065,-8.292308046450687,18.031726573868283,23.15383840235141,-7.289361332395304,16.561650489455758,22.032924476895776,-9.268545679194249,19.15562342297131,24.227365825633818,4.400387008348548,0.7823369252655845,0.6228723730475001,0.23030199761617193,22.032924476895776
138,16.385871958484426,15.871216265910178,3.0512487994379702,-8.292308046450687,18.031726573868283,23.01300622637137,-7.289361332395304,16.561650489455758,21.892114388209084,-9.268545679194249,19.15562342297131,24.08662358552883,4.4004226510545115,0.7823369252655845,0.6228723730475001,0.23030199761617193,21.892114388209084
139,16.245615805729688,15.883762314244882,3.0511684932050978,-8.292308046450687,18.031726573868283,22.872174907394836,-7.289361332395304,16.561650489455758,21.751309685467465,-9.268545679194249,19.15562342297131,23.945874866215643,4.400459198005276,0.7823369252655845,0.6228723730475001,0.23030199761617193,21.751309685467465
140,16.10535985786487,15.89631997465549,3.051093831189807,-8.292308046450687,18.031726573868283,22.73134410327306,-7.289361332395304,16.561650489455758,21.610509366937684,-9.268545679194249,19.15562342297131,23.80512082372071,4.400495342460497,0.7823369252655845,0.6228723730475001,0.23030199761617193,21.610509366937684
141,15.96510408561535,15.908888600594286,3.051024845973703,-8.292308046450687,18.031726573868283,22.59051385407915,-7.289361332395304,16.561650489455758,21.46971348037997,-9.268545679194249,19.15562342297131,23.664361464028612,4.400530187805468,0.7823369252655845,0.6228723730475001,0.23030199761617193,21.46971348037997
142,15.824848492096192,15.921467660402465,3.0509620630291607,-8.292308046450687,18.031726573868283,22.449684342128272,-7.289361332395304,16.561650489455758,21.32892244015304,-9.268545679194249,19.15562342297131,23.523596425731682,4.400562814521402,0.7823369252655845,0.6228723730475001,0.23030199761617193,21.32892244015304
143,15.684592992582706,15.934055454503905,3.0509054829573556,-8.292308046450687,18.031726573868283,22.308855647473404,-7.289361332395304,16.561650489455758,21.188136276425382,-9.268545679194249,19.15562342297131,23.38282578738244,4.4005923418151625,0.7823369252655845,0.6228723730475001,0.23030199761617193,21.188136276425382
144,15.544337618700657,15.946651358953652,3.050852474847804,-8.292308046450687,18.031726573868283,22.1680272164755,-7.289361332395304,16.561650489455758,21.047353256254127,-9.268545679194249,19.15562342297131,23.242051715382715,4.400618174919754,0.7823369252655845,0.6228723730475001,0.23030199761617193,21.047353256254127
145,15.404082368753402,15.959254423045035,3.0508022691364407,-8.292308046450687,18.031726573868283,22.027198950968028,-7.289361332395304,16.561650489455758,20.9065729215828,-9.268545679194249,19.15562342297131,23.10127490679216,4.400640299903478,0.7823369252655845,0.6228723730475001,0.23030199761617193,20.9065729215828
146,15.263827383657565,15.971865199799531,3.0507543016823013,-8.292308046450687,18.031726573868283,21.88637079883356,-7.289361332395304,16.561650489455758,20.765795014440478,-9.268545679194249,19.15562342297131,22.960495892951872,4.40065864969915,0.7823369252655845,0.6228723730475001,0.23030199761617193,20.765795014440478
147,15.123572621985735,15.984482295700836,3.0507104867817727,-8.292308046450687,18.031726573868283,21.74554332394693,-7.289361332395304,16.561650489455758,20.62502091466448,-9.268545679194249,19.15562342297131,22.819713257472156,4.400673186719953,0.7823369252655845,0.6228723730475001,0.23030199761617193,20.62502091466448
148,14.983318149403717,15.99710536923492,3.0506684818182954,-8.292308046450687,18.031726573868283,21.604716050609312,-7.289361332395304,16.561650489455758,20.484249114482694,-9.268545679194249,19.15562342297131,22.678928946775464,4.400683687524447,0.7823369252655845,0.6228723730475001,0.23030199761617193,20.484249114482694
149,14.84306404900301,16.00973444192769,3.0506283566218366,-8.292308046450687,18.031726573868283,21.463889076709194,-7.289361332395304,16.561650489455758,20.34347976801868,-9.268545679194249,19.15562342297131,22.53814298640272,4.400690768892425,0.7823369252655845,0.6228723730475001,0.23030199761617193,20.34347976801868
150,14.702810378675533,16.022369335692158,3.050591442631344,-8.292308046450687,18.031726573868283,21.323062804010124,-7.289361332395304,16.561650489455758,20.202713883375733,-9.268545679194249,19.15562342297131,22.39735440103681,4.400694713960203,0.7823369252655845,0.6228723730475001,0.23030199761617193,20.202713883375733
151,14.562557182720486,16.03500976610551,3.0505588765036045,-8.292308046450687,18.031726573868283,21.182237583567726,-7.289361332395304,16.561650489455758,20.061952325089667,-9.268545679194249,19.15562342297131,22.25656236597368,4.400695742795832,0.7823369252655845,0.6228723730475001,0.23030199761617193,20.061952325089667
152,14.422304461746553,16.047655052866045,3.0505316105104083,-8.292308046450687,18.031726573868283,21.041413716719756,-7.289361332395304,16.561650489455758,19.92119580758849,-9.268545679194249,19.15562342297131,22.11576619723004,4.4006941779429,0.7823369252655845,0.6228723730475001,0.23030199761617193,19.92119580758849
153,14.282052128376346,16.060303643542547,3.050509009663261,-8.292308046450687,18.031726573868283,20.900591113485834,-7.289361332395304,16.561650489455758,19.78044391466048,-9.268545679194249,19.15562342297131,21.97496646047506,4.4006902958196426,0.7823369252655845,0.6228723730475001,0.23030199761617193,19.78044391466048
154,14.141800146650107,16.072954684984097,3.05048801183322,-8.292308046450687,18.031726573868283,20.759769071270934,-7.289361332395304,16.561650489455758,19.639694579527347,-9.268545679194249,19.15562342297131,21.83416561908422,4.400684628368208,0.7823369252655845,0.6228723730475001,0.23030199761617193,19.639694579527347
155,14.001548562690559,16.0856084197697,3.0504673372942337,-8.292308046450687,18.031726573868283,20.618947299085665,-7.289361332395304,16.561650489455758,19.498946984659554,-9.268545679194249,19.15562342297131,21.693364705378304,4.400677963417266,0.7823369252655845,0.6228723730475001,0.23030199761617193,19.498946984659554
156,13.861297373691176,16.098264652780006,3.0504481485599166,-8.292308046450687,18.031726573868283,20.478126099526452,-7.289361332395304,16.561650489455758,19.35820196297993,-9.268545679194249,19.15562342297131,21.552562819427365,4.400670651253575,0.7823369252655845,0.6228723730475001,0.23030199761617193,19.35820196297993
157,13.721046601184904,16.11092347057042,3.0504308575936205,-8.292308046450687,18.031726573868283,20.337305587813052,-7.289361332395304,16.561650489455758,19.217459841365585,-9.268545679194249,19.15562342297131,21.411759650203194,4.400662841185871,0.7823369252655845,0.6228723730475001,0.23030199761617193,19.217459841365585
158,13.580796184360139,16.12358412954041,3.0504159781056672,-8.292308046450687,18.031726573868283,20.196485903754667,-7.289361332395304,16.561650489455758,19.076720978723007,-9.268545679194249,19.15562342297131,21.27095480560515,4.400654749595307,0.7823369252655845,0.6228723730475001,0.23030199761617193,19.076720978723007
159,13.440546126908252,16.13624665949009,3.0504024399968603,-8.292308046450687,18.031726573868283,20.05566678659418,-7.289361332395304,16.561650489455758,18.935984674163148,-9.268545679194249,19.15562342297131,21.130149131272404,4.400646695212134,0.7823369252655845,0.6228723730475001,0.23030199761617193,18.935984674163148
160,13.300296374603315,16.14891056018044,3.050390585416833,-8.292308046450687,18.031726573868283,19.914848316905562,-7.289361332395304,16.561650489455758,18.795251164217614,-9.268545679194249,19.15562342297131,20.98934235338651,4.400639007896511,0.7823369252655845,0.6228723730475001,0.23030199761617193,18.795251164217614
161,13.160046890706425,16.161575554122273,3.0503795106385465,-8.292308046450687,18.031726573868283,19.774030264657263,-7.289361332395304,16.561650489455758,18.654519840996425,-9.268545679194249,19.15562342297131,20.84853517610576,4.400631814055321,0.7823369252655845,0.6228723730475001,0.23030199761617193,18.654519840996425
162,13.019797653430587,16.17424158919724,3.050368650276789,-8.292308046450687,18.031726573868283,19.63321247560515,-7.289361332395304,16.561650489455758,18.513790332801367,-9.268545679194249,19.15562342297131,20.70772802959366,4.400625351608497,0.7823369252655845,0.6228723730475001,0.23030199761617193,18.513790332801367
163,12.87954861740407,16.18690838283998,3.050357644968551,-8.292308046450687,18.031726573868283,19.492394845262638,-7.289361332395304,16.561650489455758,18.373062398888926,-9.268545679194249,19.15562342297131,20.566921180586995,4.400619694672979,0.7823369252655845,0.6228723730475001,0.23030199761617193,18.373062398888926
164,12.739299816837548,16.199576535873593,3.050346001255314,-8.292308046450687,18.031726573868283,19.351577228386386,-7.289361332395304,16.561650489455758,18.232335742295977,-9.268545679194249,19.15562342297131,20.426114994227177,4.400614971521027,0.7823369252655845,0.6228723730475001,0.23030199761617193,18.232335742295977
165,12.599051226979984,16.21224601081423,3.0503351194546804,-8.292308046450687,18.031726573868283,19.210759950023732,-7.289361332395304,16.561650489455758,18.0916113307076,-9.268545679194249,19.15562342297131,20.285308346968932,4.400611178485161,0.7823369252655845,0.6228723730475001,0.23030199761617193,18.0916113307076
166,12.45880280514691,16.224916526416987,3.050324809339663,-8.292308046450687,18.031726573868283,19.06994295007135,-7.289361332395304,16.561650489455758,17.95088904392596,-9.268545679194249,19.15562342297131,20.144501374962253,4.400608117909844,0.7823369252655845,0.6228723730475001,0.23030199761617193,17.95088904392596
167,12.31855456395693,16.237588423560464,3.0503145142263746,-8.292308046450687,18.031726573868283,18.92912607186093,-7.289361332395304,16.561650489455758,17.810168537697137,-9.268545679194249,19.15562342297131,20.003694497149908,4.400605890528859,0.7823369252655845,0.6228723730475001,0.23030199761617193,17.810168537697137
168,12.178306458845393,16.250261423504504,3.0503048844841523,-8.292308046450687,18.031726573868283,18.788309460304028,-7.289361332395304,16.561650489455758,17.669450263704928,-9.268545679194249,19.15562342297131,19.862887185275934,4.400604458759116,0.7823369252655845,0.6228723730475001,0.23030199761617193,17.669450263704928
169,12.038058478439305,16.262935572813674,3.050295258510935,-8.292308046450687,18.031726573868283,18.647492937992883,-7.289361332395304,16.561650489455758,17.528733800774024,-9.268545679194249,19.15562342297131,19.7220799458853,4.400603694218861,0.7823369252655845,0.6228723730475001,0.23030199761617193,17.528733800774024
170,11.897810666353603,16.27561152232435,3.050286222314818,-8.292308046450687,18.031726573868283,18.506676630185776,-7.289361332395304,16.561650489455758,17.388019599950514,-9.268545679194249,19.15562342297131,19.581272298128344,4.400603672601647,0.7823369252655845,0.6228723730475001,0.23030199761617193,17.388019599950514
171,11.757562918771887,16.288288259928308,3.0502790484157036,-8.292308046450687,18.031726573868283,18.36586084938363,-7.289361332395304,16.561650489455758,17.24730851316748,-9.268545679194249,19.15562342297131,19.440463237309142,4.400604072330623,0.7823369252655845,0.6228723730475001,0.23030199761617193,17.24730851316748
172,11.61731527039221,16.300966249858334,3.050271738524272,-8.292308046450687,18.031726573868283,18.225045092992104,-7.289361332395304,16.561650489455758,17.106599244121618,-9.268545679194249,19.15562342297131,19.29965432757022,4.4006048363221195,0.7823369252655845,0.6228723730475001,0.23030199761617193,17.106599244121618
173,11.477067718090627,16.31364558355519,3.0502656494035016,-8.292308046450687,18.031726573868283,18.08422968571155,-7.289361332395304,16.561650489455758,16.9658927494091,-9.268545679194249,19.15562342297131,19.158844489879463,4.400606100664365,0.7823369252655845,0.6228723730475001,0.23030199761617193,16.9658927494091
174,11.336820225179359,16.32632590635824,3.0502614241690904,-8.292308046450687,18.031726573868283,17.943414787259954,-7.289361332395304,16.561650489455758,16.825189490813315,-9.268545679194249,19.15562342297131,19.018033218042426,4.4006075458155545,0.7823369252655845,0.6228723730475001,0.23030199761617193,16.825189490813315
175,11.196572777570195,16.33900708648073,3.0502586680077486,-8.292308046450687,18.031726573868283,17.802600301546825,-7.289361332395304,16.561650489455758,16.684489241847192,-9.268545679194249,19.15562342297131,18.877220823756097,4.400609088417656,0.7823369252655845,0.6228723730475001,0.23030199761617193,16.684489241847192
176,11.056325342559076,16.351688792504106,3.050257393650661,-8.292308046450687,18.031726573868283,17.661786234541488,-7.289361332395304,16.561650489455758,16.543792043893188,-9.268545679194249,19.15562342297131,18.73640729908177,4.400610713972149,0.7823369252655845,0.6228723730475001,0.23030199761617193,16.543792043893188
177,10.916077898123438,16.364370795686348,3.0502571843432524,-8.292308046450687,18.031726573868283,17.52097248652087,-7.289361332395304,16.561650489455758,16.40309765639096,-9.268545679194249,19.15562342297131,18.595592974691826,4.400612361102725,0.7823369252655845,0.6228723730475001,0.23030199761617193,16.40309765639096
178,10.77583047936818,16.377053486357543,3.050258361945826,-8.292308046450687,18.031726573868283,17.380159136009155,-7.289361332395304,16.561650489455758,16.262406365385583,-9.268545679194249,19.15562342297131,18.454777595849887,4.40061407786532,0.7823369252655845,0.6228723730475001,0.23030199761617193,16.262406365385583
179,10.635582958670415,16.389735430493552,3.0502616271752845,-8.292308046450687,18.031726573868283,17.23934637502241,-7.289361332395304,16.561650489455758,16.121718636120658,-9.268545679194249,19.15562342297131,18.313960628169884,4.400615553587472,0.7823369252655845,0.6228723730475001,0.23030199761617193,16.121718636120658
180,10.495335394182028,16.402417241335293,3.0502641710276355,-8.292308046450687,18.031726573868283,17.098533507344083,-7.289361332395304,16.561650489455758,15.981032667852967,-9.268545679194249,19.15562342297131,18.173144280991483,4.400616934578625,0.7823369252655845,0.6228723730475001,0.23030199761617193,15.981032667852967
181,10.355087705352094,16.415098053918314,3.050266815658495,-8.292308046450687,18.031726573868283,16.957720745220456,-7.289361332395304,16.561650489455758,15.840349033121079,-9.268545679194249,19.15562342297131,18.032327914897433,4.400618272988031,0.7823369252655845,0.6228723730475001,0.23030199761617193,15.840349033121079
182,10.214839934947898,16.427778315621396,3.050267504646093,-8.292308046450687,18.031726573868283,16.81690757899846,-7.289361332395304,16.561650489455758,15.6996664393927,-9.268545679194249,19.15562342297131,17.89151314727259,4.4006194940510674,0.7823369252655845,0.6228723730475001,0.23030199761617193,15.6996664393927
183,10.074592092106217,16.440458126805545,3.0502667122118345,-8.292308046450687,18.031726573868283,16.67609412757701,-7.289361332395304,16.561650489455758,15.558985277087418,-9.268545679194249,19.15562342297131,17.750699605932734,4.400620686441896,0.7823369252655845,0.6228723730475001,0.23030199761617193,15.558985277087418
184,9.934344194477898,16.453137638037177,3.0502641857574693,-8.292308046450687,18.031726573868283,16.5352803329883,-7.289361332395304,16.561650489455758,15.418305458772792,-9.268545679194249,19.15562342297131,17.609887493737432,4.400621699575407,0.7823369252655845,0.6228723730475001,0.23030199761617193,15.418305458772792
185,9.794096318397443,16.46581764103597,3.050260154913674,-8.292308046450687,18.031726573868283,16.394466251429318,-7.289361332395304,16.561650489455758,15.277627252316968,-9.268545679194249,19.15562342297131,17.469076629278376,4.400622610170798,0.7823369252655845,0.6228723730475001,0.23030199761617193,15.277627252316968
186,9.653848509292025,16.478498572214047,3.050256722800071,-8.292308046450687,18.031726573868283,16.253652410004783,-7.289361332395304,16.561650489455758,15.13695216215873,-9.268545679194249,19.15562342297131,17.32826536351187,4.40062338249006,0.7823369252655845,0.6228723730475001,0.23030199761617193,15.13695216215873
187,9.513600704658858,16.49117964005522,3.050254716528605,-8.292308046450687,18.031726573868283,16.112839034763436,-7.289361332395304,16.561650489455758,14.996280786544071,-9.268545679194249,19.15562342297131,17.18745306541537,4.400623739030942,0.7823369252655845,0.6228723730475001,0.23030199761617193,14.996280786544071
188,9.373352972284389,16.503861515730343,3.0502528429349725,-8.292308046450687,18.031726573868283,15.972025807551768,-7.289361332395304,16.561650489455758,14.855612379863667,-9.268545679194249,19.15562342297131,17.046640754415193,4.400623900443491,0.7823369252655845,0.6228723730475001,0.23030199761617193,14.855612379863667
189,9.233105226873928,16.51654324256493,3.0502523516886835,-8.292308046450687,18.031726573868283,15.83121305409095,-7.289361332395304,16.561650489455758,14.71494780997971,-9.268545679194249,19.15562342297131,16.905827461743563,4.4006239086168435,0.7823369252655845,0.6228723730475001,0.23030199761617193,14.71494780997971
190,9.092857502442099,16.529225158078606,3.050251312053027,-8.292308046450687,18.031726573868283,15.690400296857621,-7.289361332395304,16.561650489455758,14.574285897334242,-9.268545679194249,19.15562342297131,16.765014706856594,4.400623776927847,0.7823369252655845,0.6228723730475001,0.23030199761617193,14.574285897334242
191,8.95260980167766,16.54190730638661,3.0502504994089623,-8.292308046450687,18.031726573868283,15.549587730884081,-7.289361332395304,16.561650489455758,14.433627245866843,-9.268545679194249,19.15562342297131,16.62420188169959,4.400623692603178,0.7823369252655845,0.6228723730475001,0.23030199761617193,14.433627245866843
192,8.812362173823589,16.55459020211772,3.0502507896366513,-8.292308046450687,18.031726573868283,15.408775575942405,-7.289361332395304,16.561650489455758,14.292972553933433,-9.268545679194249,19.15562342297131,16.483388299247032,4.400623588956677,0.7823369252655845,0.6228723730475001,0.23030199761617193,14.292972553933433
193,8.672114563809668,16.56727318688582,3.050253722866406,-8.292308046450687,18.031726573868283,15.267964232626806,-7.289361332395304,16.561650489455758,14.152322904166052,-9.268545679194249,19.15562342297131,16.342572764924345,4.400623290143376,0.7823369252655845,0.6228723730475001,0.23030199761617193,14.152322904166052
194,8.531866913431784,16.579955568691418,3.0502578638319147,-8.292308046450687,18.031726573868283,15.127153359071396,-7.289361332395304,16.561650489455758,14.011677411614595,-9.268545679194249,19.15562342297131,16.20175642023957,4.400622733152012,0.7823369252655845,0.6228723730475001,0.23030199761617193,14.011677411614595
195,8.391619226720646,16.5926374186553,3.0502616979184403,-8.292308046450687,18.031726573868283,14.98634257796547,-7.289361332395304,16.561650489455758,13.871035178178923,-9.268545679194249,19.15562342297131,16.060940454051646,4.400622236197991,0.7823369252655845,0.6228723730475001,0.23030199761617193,13.871035178178923
196,8.251371513857492,16.605318893646995,3.050265652191826,-8.292308046450687,18.031726573868283,14.845531994902597,-7.289361332395304,16.561650489455758,13.730396595636023,-9.268545679194249,19.15562342297131,15.920124529045447,4.400621903507982,0.7823369252655845,0.6228723730475001,0.23030199761617193,13.730396595636023
197,8.11112369842287,16.617999159881105,3.050269620770291,-8.292308046450687,18.031726573868283,14.704721596215867,-7.289361332395304,16.561650489455758,13.589761660900502,-9.268545679194249,19.15562342297131,15.77930873920066,4.400621492693564,0.7823369252655845,0.6228723730475001,0.23030199761617193,13.589761660900502
198,7.970875875498445,16.630679283196777,3.0502719872959894,-8.292308046450687,18.031726573868283,14.563910968222544,-7.289361332395304,16.561650489455758,13.449129481554735,-9.268545679194249,19.15562342297131,15.638494343195145,4.40062122185677,0.7823369252655845,0.6228723730475001,0.23030199761617193,13.449129481554735
199,7.830627981833207,16.643358597492302,3.0502747002670554,-8.292308046450687,18.031726573868283,14.423100608643827,-7.289361332395304,16.561650489455758,13.308501421131785,-9.268545679194249,19.15562342297131,15.497679820531262,4.400621016326195,0.7823369252655845,0.6228723730475001,0.23030199761617193,13.308501421131785
200,7.690380028412559,16.656037207168044,3.0502759659381056,-8.292308046450687,18.031726573868283,14.282290072574266,-7.289361332395304,16.561650489455758,13.167876437155815,-9.268545679194249,19.15562342297131,15.35686658135066,4.400620727976342,0.7823369252655845,0.6228723730475001,0.23030199761617193,13.167876437155815
201,7.55013203405521,16.668715358288562,3.0502754483683314,-8.292308046450687,18.031726573868283,14.14147927388227,-7.289361332395304,16.561650489455758,13.02725445460842,-9.268545679194249,19.15562342297131,15.216054886113245,4.400620579195639,0.7823369252655845,0.6228723730475001,0.23030199761617193,13.02725445460842
202,7.409883997031395,16.681393060478996,3.0502730347940417,-8.292308046450687,18.031726573868283,14.000668185998874,-7.289361332395304,16.561650489455758,12.886635539868635,-9.268545679194249,19.15562342297131,15.075244823628921,4.400620506345719,0.7823369252655845,0.6228723730475001,0.23030199761617193,12.886635539868635
203,7.269636043940904,16.694071719021903,3.0502690630206057,-8.292308046450687,18.031726573868283,13.859856881684706,-7.289361332395304,16.561650489455758,12.746020137903514,-9.268545679194249,19.15562342297131,14.934436117012195,4.400620632224606,0.7823369252655845,0.6228723730475001,0.23030199761617193,12.746020137903514
204,7.129388185335001,16.7067514340495,3.050267231343899,-8.292308046450687,18.031726573868283,13.719046298098961,-7.289361332395304,16.561650489455758,12.605410815460601,-9.268545679194249,19.15562342297131,14.793625874295596,4.400620810737374,0.7823369252655845,0.6228723730475001,0.23030199761617193,12.605410815460601
205,6.989140355711756,16.719431390681468,3.0502680683039474,-8.292308046450687,18.031726573868283,13.578236593536433,-7.289361332395304,16.561650489455758,12.464808029423649,-9.268545679194249,19.15562342297131,14.652813704062375,4.400620650100079,0.7823369252655845,0.6228723730475001,0.23030199761617193,12.464808029423649
206,6.848892527483249,16.73211125584076,3.050269806018415,-8.292308046450687,18.031726573868283,13.437427336109288,-7.289361332395304,16.561650489455758,12.324210773831913,-9.268545679194249,19.15562342297131,14.512001001978076,4.400620355643937,0.7823369252655845,0.6228723730475001,0.23030199761617193,12.324210773831913
207,6.7086446384263665,16.744790396717,3.050271256273931,-8.292308046450687,18.031726573868283,13.296618235538617,-7.289361332395304,16.561650489455758,12.183618407247334,-9.268545679194249,19.15562342297131,14.371188705081234,4.40062013437321,0.7823369252655845,0.6228723730475001,0.23030199761617193,12.183618407247334
208,6.568396722497095,16.757469255588415,3.0502708218707677,-8.292308046450687,18.031726573868283,13.155808883286156,-7.289361332395304,16.561650489455758,12.043030097479614,-9.268545679194249,19.15562342297131,14.230378056674995,4.400620126701057,0.7823369252655845,0.6228723730475001,0.23030199761617193,12.043030097479614
209,6.42814878726457,16.77014797675463,3.050269113215375,-8.292308046450687,18.031726573868283,13.014999432695717,-7.289361332395304,16.561650489455758,11.902446434385855,-9.268545679194249,19.15562342297131,14.089568576492782,4.400620318080028,0.7823369252655845,0.6228723730475001,0.23030199761617193,11.902446434385855
210,6.287900938049107,16.782827719304034,3.0502670675253456,-8.292308046450687,18.031726573868283,12.874190113849155,-7.289361332395304,16.561650489455758,11.761868290634,-9.268545679194249,19.15562342297131,13.948759523639165,4.400620650598959,0.7823369252655845,0.6228723730475001,0.23030199761617193,11.761868290634
211,6.147653123177918,16.7955078725805,3.050267497710124,-8.292308046450687,18.031726573868283,12.733381658890579,-7.289361332395304,16.561650489455758,11.62129764679803,-9.268545679194249,19.15562342297131,13.807948715296892,4.400620855397207,0.7823369252655845,0.6228723730475001,0.23030199761617193,11.62129764679803
212,6.007405328158725,16.808188198325304,3.050269406270958,-8.292308046450687,18.031726573868283,12.592573834456518,-7.289361332395304,16.561650489455758,11.480734064481926,-9.268545679194249,19.15562342297131,13.667136947884797,4.400620790858273,0.7823369252655845,0.6228723730475001,0.23030199761617193,11.480734064481926
213,5.867157544708952,16.820868602056915,3.0502726269990452,-8.292308046450687,18.031726573868283,12.45176660944943,-7.289361332395304,16.561650489455758,11.34017765323264,-9.268545679194249,19.15562342297131,13.526324359579547,4.400620726801565,0.7823369252655845,0.6228723730475001,0.23030199761617193,11.34017765323264
214,5.72690970881443,16.83354838790453,3.0502770612693815,-8.292308046450687,18.031726573868283,12.310959976909565,-7.289361332395304,16.561650489455758,11.199628538576734,-9.268545679194249,19.15562342297131,13.385511041864914,4.4006206225269064,0.7823369252655845,0.6228723730475001,0.23030199761617193,11.199628538576734
215,5.586661738877505,16.846226684898962,3.0502803766720024,-8.292308046450687,18.031726573868283,12.170153362168943,-7.289361332395304,16.561650489455758,11.059085423030286,-9.268545679194249,19.15562342297131,13.24469883100655,4.400620444316718,0.7823369252655845,0.6228723730475001,0.23030199761617193,11.059085423030286
216,5.4464137344390675,16.85890466854058,3.0502804296314983,-8.292308046450687,18.031726573868283,12.029346205568661,-7.289361332395304,16.561650489455758,10.918547279063095,-9.268545679194249,19.15562342297131,13.10388938546796,4.400620575081652,0.7823369252655845,0.6228723730475001,0.23030199761617193,10.918547279063095
217,5.306165725634495,16.87158272858654,3.0502798206519186,-8.292308046450687,18.031726573868283,11.888539168428009,-7.289361332395304,16.561650489455758,10.778016063032643,-9.268545679194249,19.15562342297131,12.963080671468216,4.400620965490519,0.7823369252655845,0.6228723730475001,0.23030199761617193,10.778016063032643
218,5.165917703681421,16.884260716781178,3.0502793460294844,-8.292308046450687,18.031726573868283,11.747732471147083,-7.289361332395304,16.561650489455758,10.637492567271892,-9.268545679194249,19.15562342297131,12.822272081372999,4.400621184934479,0.7823369252655845,0.6228723730475001,0.23030199761617193,10.637492567271892
219,5.0256697070433605,16.896939011004076,3.050278731233245,-8.292308046450687,18.031726573868283,11.60692605392179,-7.289361332395304,16.561650489455758,10.49697695457656,-9.268545679194249,19.15562342297131,12.681463836651552,4.400621305625848,0.7823369252655845,0.6228723730475001,0.23030199761617193,10.49697695457656
220,4.8854216957120755,16.909617155538683,3.0502785864731394,-8.292308046450687,18.031726573868283,11.466120092352277,-7.289361332395304,16.561650489455758,10.356469903988224,-9.268545679194249,19.15562342297131,12.540655476636,4.4006213462782116,0.7823369252655845,0.6228723730475001,0.23030199761617193,10.356469903988224
221,4.745173684338168,16.92229529939551,3.0502778589996895,-8.292308046450687,18.031726573868283,11.325314328405224,-7.289361332395304,16.561650489455758,10.215971106122888,-9.268545679194249,19.15562342297131,12.399847829821326,4.400621342306309,0.7823369252655845,0.6228723730475001,0.23030199761617193,10.215971106122888
222,4.604925690320645,16.934973652456446,3.0502769111350365,-8.292308046450687,18.031726573868283,11.184508863065233,-7.289361332395304,16.561650489455758,10.075481163821877,-9.268545679194249,19.15562342297131,12.259040618126475,4.400621424617424,0.7823369252655845,0.6228723730475001,0.23030199761617193,10.075481163821877
223,4.464677763254938,16.947652752733873,3.050276913331487,-8.292308046450687,18.031726573868283,11.043704003757112,-7.289361332395304,16.561650489455758,9.935001227755176,-9.268545679194249,19.15562342297131,12.118232933011656,4.400621571677961,0.7823369252655845,0.6228723730475001,0.23030199761617193,9.935001227755176
224,4.324429806164098,16.960331492717952,3.0502789828715007,-8.292308046450687,18.031726573868283,10.90290007284693,-7.289361332395304,16.561650489455758,9.794532316142629,-9.268545679194249,19.15562342297131,11.977423933021308,4.400621506130434,0.7823369252655845,0.6228723730475001,0.23030199761617193,9.794532316142629
225,4.184181835266945,16.97301002710081,3.050280746517887,-8.292308046450687,18.031726573868283,10.762096475896968,-7.289361332395304,16.561650489455758,9.65407338609818,-9.268545679194249,19.15562342297131,11.836615477084969,4.400621339411923,0.7823369252655845,0.6228723730475001,0.23030199761617193,9.65407338609818
226,4.043933850637736,16.98568840211206,3.0502825875958925,-8.292308046450687,18.031726573868283,10.621293322989496,-7.289361332395304,16.561650489455758,9.513625125613995,-9.268545679194249,19.15562342297131,11.69580727294005,4.400621329462474,0.7823369252655845,0.6228723730475001,0.23030199761617193,9.513625125613995
227,3.903685789296322,16.9983659369186,3.0502841906853484,-8.292308046450687,18.031726573868283,10.480490558889054,-7.289361332395304,16.561650489455758,9.3731877654597,-9.268545679194249,19.15562342297131,11.55499958535386,4.400621263441865,0.7823369252655845,0.6228723730475001,0.23030199761617193,9.3731877654597
228,3.763437756169135,17.011043803809144,3.0502843791460297,-8.292308046450687,18.031726573868283,10.339687877558724,-7.289361332395304,16.561650489455758,9.232761177040635,-9.268545679194249,19.15562342297131,11.414193323301824,4.400621347727477,0.7823369252655845,0.6228723730475001,0.23030199761617193,9.232761177040635
229,3.623189714453882,17.023721611214015,3.050285800366229,-8.292308046450687,18.031726573868283,10.198885987407369,-7.289361332395304,16.561650489455758,9.092347495442851,-9.268545679194249,19.15562342297131,11.273386445197781,4.400621487222051,0.7823369252655845,0.6228723730475001,0.23030199761617193,9.092347495442851
230,3.4829416283376706,17.036398912279317,3.050287430321734,-8.292308046450687,18.031726573868283,10.0580846556872,-7.289361332395304,16.561650489455758,8.951946630716431,-9.268545679194249,19.15562342297131,11.132579771574946,4.400621391442483,0.7823369252655845,0.6228723730475001,0.23030199761617193,8.951946630716431
231,3.342693549305019,17.049076281733658,3.0502883568638084,-8.292308046450687,18.031726573868283,9.917283656889822,-7.289361332395304,16.561650489455758,8.811558679487048,-9.268545679194249,19.15562342297131,10.991774015828174,4.400621369631952,0.7823369252655845,0.6228723730475001,0.23030199761617193,8.811558679487048
232,3.202445424477729,17.0617531569496,3.0502895858497605,-8.292308046450687,18.031726573868283,9.776483281821205,-7.289361332395304,16.561650489455758,8.67118485531959,-9.268545679194249,19.15562342297131,10.85096841758702,4.400621365157591,0.7823369252655845,0.6228723730475001,0.23030199761617193,8.67118485531959
233,3.0621973090089263,17.074430136266837,3.050290124797087,-8.292308046450687,18.031726573868283,9.635683286741822,-7.289361332395304,16.561650489455758,8.530825296857552,-9.268545679194249,19.15562342297131,10.710163754458227,4.400621375371423,0.7823369252655845,0.6228723730475001,0.23030199761617193,8.530825296857552
234,2.9219491339360477,17.087106473693172,3.050290730056963,-8.292308046450687,18.031726573868283,9.49488390466342,-7.289361332395304,16.561650489455758,8.390481135998048,-9.268545679194249,19.15562342297131,10.56935946522718,4.400621356580251,0.7823369252655845,0.6228723730475001,0.23030199761617193,8.390481135998048
235,2.781700993668885,17.099783204620515,3.0502900998765115,-8.292308046450687,18.031726573868283,9.35408480453387,-7.289361332395304,16.561650489455758,8.250152467206185,-9.268545679194249,19.15562342297131,10.428556560709147,4.400621408527694,0.7823369252655845,0.6228723730475001,0.23030199761617193,8.250152467206185
236,2.641623810403602,17.112393970402245,3.0502355427170045,-8.292308046450687,18.031726573868283,9.21344926247189,-7.289361332395304,16.561650489455758,8.109980037903766,-9.268545679194249,19.15562342297131,10.287972840098858,4.395227586057901,0.7823369252655845,0.6228723730475001,0.23030199761617193,8.109980037903766
237,2.501549026521534,17.125000275487267,3.0500128197257768,-8.292308046450687,18.031726573868283,9.07277310759553,-7.289361332395304,16.561650489455758,7.969728644946892,-9.268545679194249,19.15562342297131,10.147522671011124,4.3951104527481055,0.7823369252655845,0.6228723730475001,0.23030199761617193,7.969728644946892
238,2.361438767961806,17.137631781605076,3.0496437613399605,-8.292308046450687,18.031726573868283,8.93202121622892,-7.289361332395304,16.561650489455758,7.829375832752809,-9.268545679194249,19.15562342297131,10.007148383923195,4.396242274008419,0.7823369252655845,0.6228723730475001,0.23030199761617193,7.829375832752809
239,2.22129819035574,17.15030971180904,3.049159013081268,-8.292308046450687,18.031726573868283,8.791204554614053,-7.289361332395304,16.561650489455758,7.688947527272287,-9.268545679194249,19.15562342297131,9.866829247787486,4.397289180412571,0.7823369252655845,0.6228723730475001,0.23030199761617193,7.688947527272287
240,2.081142638847579,17.163050189593164,3.0485787266373627,-8.292308046450687,18.031726573868283,8.650342053413107,-7.289361332395304,16.561650489455758,7.548473709721882,-9.268545679194249,19.15562342297131,9.726563364933911,4.397923455916475,0.7823369252655845,0.6228723730475001,0.23030199761617193,7.548473709721882
241,1.940987025886963,17.175866323636484,3.04791359906658,-8.292308046450687,18.031726573868283,8.509450080763585,-7.289361332395304,16.561650489455758,7.407978527130458,-9.268545679194249,19.15562342297131,9.586356071969982,4.398147390790963,0.7823369252655845,0.6228723730475001,0.23030199761617193,7.407978527130458
242,1.800843282622513,17.18876977113493,3.047168091129419,-8.292308046450687,18.031726573868283,8.368540590399213,-7.289361332395304,16.561650489455758,7.2674797615008515,-9.268545679194249,19.15562342297131,9.446214755838993,4.398046122052749,0.7823369252655845,0.6228723730475001,0.23030199761617193,7.2674797615008515
243,1.6607204618882512,17.201771723504283,3.04634284805913,-8.292308046450687,18.031726573868283,8.227621765038124,-7.289361332395304,16.561650489455758,7.126990459288473,-9.268545679194249,19.15562342297131,9.306146990421968,4.397705171736705,0.7823369252655845,0.6228723730475001,0.23030199761617193,7.126990459288473
244,1.5206254973543705,17.21488345452129,3.045436212129961,-8.292308046450687,18.031726573868283,8.086699122713894,-7.289361332395304,16.561650489455758,6.986520669038039,-9.268545679194249,19.15562342297131,9.166160076303955,4.397189138372345,0.7823369252655845,0.6228723730475001,0.23030199761617193,6.986520669038039
245,1.3805639538430619,17.228116591975702,3.0444451092034113,-8.292308046450687,18.031726573868283,7.945776481098945,-7.289361332395304,16.561650489455758,6.846078797908267,-9.268545679194249,19.15562342297131,9.026261086573035,4.396541098545872,0.7823369252655845,0.6228723730475001,0.23030199761617193,6.846078797908267
246,1.2405405996678294,17.241483232965496,3.04336555035886,-8.292308046450687,18.031726573868283,7.804856662534301,-7.289361332395304,16.561650489455758,6.705672566882434,-9.268545679194249,19.15562342297131,8.886457051664193,4.395787510810397,0.7823369252655845,0.6228723730475001,0.23030199761617193,6.705672566882434
247,1.1005597995890106,17.25499598229658,3.042192908026728,-8.292308046450687,18.031726573868283,7.663941972354774,-7.289361332395304,16.561650489455758,6.56530966205665,-9.268545679194249,19.15562342297131,8.74675515070402,4.394943403811595,0.7823369252655845,0.6228723730475001,0.23030199761617193,6.56530966205665
248,0.9606257710019426,17.26866796349244,3.0409220650344615,-8.292308046450687,18.031726573868283,7.5230345140398684,-7.289361332395304,16.561650489455758,6.424998186336695,-9.268545679194249,19.15562342297131,8.607162870901298,4.394016424498379,0.7823369252655845,0.6228723730475001,0.23030199761617193,6.424998186336695
249,0.8207427475234317,17.28251283077936,3.0395474954233874,-8.292308046450687,18.031726573868283,7.3821363981043495,-7.289361332395304,16.561650489455758,6.28474699360499,-9.268545679194249,19.15562342297131,8.467688130834212,4.393009638935998,0.7823369252655845,0.6228723730475001,0.23030199761617193,6.28474699360499
250,0.6809150841596265,17.296544795587927,3.038063311128119,-8.292308046450687,18.031726573868283,7.241249886806188,-7.289361332395304,16.561650489455758,6.14456596273444,-9.268545679194249,19.15562342297131,8.328339374251831,4.3919233465700005,0.7823369252655845,0.6228723730475001,0.23030199761617193,6.14456596273444
251,0.5411473275017652,17.31077867108821,3.0364632933160443,-8.292308046450687,18.031726573868283,7.100377503185576,-7.289361332395304,16.561650489455758,6.0044662492386305,-9.268545679194249,19.15562342297131,8.18912564323191,4.390756204919871,0.7823369252655845,0.6228723730475001,0.23030199761617193,6.0044662492386305
252,0.4014442659361708,17.325229932111196,3.0347409179352227,-8.292308046450687,18.031726573868283,6.959522122866534,-7.289361332395304,16.561650489455758,5.864460538799892,-9.268545679194249,19.15562342297131,8.050056638976749,4.389505902933216,0.7823369252655845,0.6228723730475001,0.23030199761617193,5.864460538799892
253,0.26181096896725853,17.33991478471424,3.032889379662513,-8.292308046450687,18.031726573868283,6.818687060257716,-7.289361332395304,16.561650489455758,5.724563318407412,-9.268545679194249,19.15562342297131,7.911142777217108,4.388169551354536,0.7823369252655845,0.6228723730475001,0.23030199761617193,5.724563318407412
254,0.12225282093841305,17.354850238837262,3.03090161558871,-8.292308046450687,18.031726573868283,6.677876156497085,-7.289361332395304,16.561650489455758,5.5847911760438,-9.268545679194249,19.15562342297131,7.772395243783617,4.38674390176062,0.7823369252655845,0.6228723730475001,0.23030199761617193,5.5847911760438
255,-0.017224447907847162,17.370054178189513,3.02877032868705,-8.292308046450687,18.031726573868283,6.537093873929464,-7.289361332395304,16.561650489455758,5.445163137635713,-9.268545679194249,19.15562342297131,7.633826054596102,4.385225465600142,0.7823369252655845,0.6228723730475001,0.23030199761617193,5.445163137635713
256,-0.15661473146248528,17.385545423001304,3.02648801073825,-8.292308046450687,18.031726573868283,6.39634540049368,-7.289361332395304,16.561650489455758,5.305701049472962,-9.268545679194249,19.15562342297131,7.49544812318538,4.383610577678457,0.7823369252655845,0.6228723730475001,0.23030199761617193,5.305701049472962
257,-0.2959115180751106,17.40134378300361,3.024046964483778,-8.292308046450687,18.031726573868283,6.255636766712119,-7.289361332395304,16.561650489455758,5.166430014906854,-9.268545679194249,19.15562342297131,7.357275337940389,4.381895431199293,0.7823369252655845,0.6228723730475001,0.23030199761617193,5.166430014906854
258,-0.4351078607810368,17.417470099567552,3.0214393250556126,-8.292308046450687,18.031726573868283,6.114974977746221,-7.289361332395304,16.561650489455758,5.02737889548639,-9.268545679194249,19.15562342297131,7.219322650589043,4.380076100541177,0.7823369252655845,0.6228723730475001,0.23030199761617193,5.02737889548639
259,-0.5741963472508436,17.43394627712332,3.0186570810081568,-8.292308046450687,18.031726573868283,5.97436816303581,-7.289361332395304,16.561650489455758,4.888580888573137,-9.268545679194249,19.15562342297131,7.081606176978286,4.378148561149401,0.7823369252655845,0.6228723730475001,0.23030199761617193,4.888580888573137
260,-0.7131690693940724,17.45079530470984,3.015692095467091,-8.292308046450687,18.031726573868283,5.833825746279269,-7.289361332395304,16.561650489455758,4.750074195813651,-9.268545679194249,19.15562342297131,6.944143311000795,4.376108711756466,0.7823369252655845,0.6228723730475001,0.23030199761617193,4.750074195813651
261,-0.8520175926159721,17.46804126881452,3.0125361279831204,-8.292308046450687,18.031726573868283,5.693358638885337,-7.289361332395304,16.561650489455758,4.611902799657822,-9.268545679194249,19.15562342297131,6.806952852488957,4.373952401631522,0.7823369252655845,0.6228723730475001,0.23030199761617193,4.611902799657822
262,-0.9907329247790486,17.485709358642854,3.0091808576469083,-8.292308046450687,18.031726573868283,5.552979460519451,-7.289361332395304,16.561650489455758,4.474117368476179,-9.268545679194249,19.15562342297131,6.670055150017801,4.371675464083575,0.7823369252655845,0.6228723730475001,0.23030199761617193,4.474117368476179
263,-1.12930548497244,17.50382586472965,3.005617907915597,-8.292308046450687,18.031726573868283,5.412702790984309,-7.289361332395304,16.561650489455758,4.336776314879025,-9.268545679194249,19.15562342297131,6.532804822775492,4.369273756609825,0.7823369252655845,0.6228723730475001,0.23030199761617193,4.336776314879025
264,-1.267725072245328,17.522418171481878,3.0018388734570496,-8.292308046450687,18.031726573868283,5.272545458438108,-7.289361332395304,16.561650489455758,4.199947036735395,-9.268545679194249,19.15562342297131,6.394086162797915,4.366743207637702,0.7823369252655845,0.6228723730475001,0.23030199761617193,4.199947036735395
265,-1.4059808345143054,17.541514743918274,2.9978353491671097,-8.292308046450687,18.031726573868283,5.131547126650736,-7.289361332395304,16.561650489455758,4.063707376305729,-9.268545679194249,19.15562342297131,6.255518705009919,4.364079869592884,0.7823369252655845,0.6228723730475001,0.23030199761617193,4.063707376305729
266,-1.544056104758089,17.561145680954855,2.9935996234737843,-8.292308046450687,18.031726573868283,4.98874583791416,-7.289361332395304,16.561650489455758,3.928152658973113,-9.268545679194249,19.15562342297131,6.117121170677389,4.361128129645804,0.7823369252655845,0.6228723730475001,0.23030199761617193,3.928152658973113
267,-1.68192404943714,17.58134269960833,2.98912501879774,-8.292308046450687,18.031726573868283,4.845875282721173,-7.289361332395304,16.561650489455758,3.7934019506356575,-9.268545679194249,19.15562342297131,5.978922893778802,4.357603104527704,0.7823369252655845,0.6228723730475001,0.23030199761617193,3.7934019506356575
268,-1.819564328757527,17.60213682199911,2.984403540295293,-8.292308046450687,18.031726573868283,4.7029494760328845,-7.289361332395304,16.561650489455758,3.6595829665388644,-9.268545679194249,19.15562342297131,5.840948551283738,4.353711015905045,0.7823369252655845,0.6228723730475001,0.23030199761617193,3.6595829665388644
269,-1.956960293576961,17.623559813652065,2.979426912002386,-8.292308046450687,18.031726573868283,4.559979982468533,-7.289361332395304,16.561650489455758,3.5268381696065183,-9.268545679194249,19.15562342297131,5.703220668800968,4.349581934591595,0.7823369252655845,0.6228723730475001,0.23030199761617193,3.5268381696065183
270,-2.094095458526874,17.645644184196744,2.9741895461549785,-8.292308046450687,18.031726573868283,4.416982057199519,-7.289361332395304,16.561650489455758,3.3953319154750927,-9.268545679194249,19.15562342297131,5.565762524113255,4.345236909278915,0.7823369252655845,0.6228723730475001,0.23030199761617193,3.3953319154750927
271,-2.230952667358081,17.668418773969737,2.968686512010248,-8.292308046450687,18.031726573868283,4.273974943083121,-7.289361332395304,16.561650489455758,3.2652536395740377,-9.268545679194249,19.15562342297131,5.428600416659524,4.340647373254284,0.7823369252655845,0.6228723730475001,0.23030199761617193,3.2652536395740377
272,-2.36751462904045,17.691915016515555,2.9629118927007805,-8.292308046450687,18.031726573868283,4.130979291556337,-7.289361332395304,16.561650489455758,3.136822756084066,-9.268545679194249,19.15562342297131,5.291762825554904,4.335843472120664,0.7823369252655845,0.6228723730475001,0.23030199761617193,3.136822756084066
273,-2.503765239587519,17.71616318801842,2.956857465167413,-8.292308046450687,18.031726573868283,3.9880161709669713,-7.289361332395304,16.561650489455758,3.0102923246062794,-9.268545679194249,19.15562342297131,5.15528056156306,4.330874944294162,0.7823369252655845,0.6228723730475001,0.23030199761617193,3.0102923246062794
274,-2.6396879531912143,17.741195795525908,2.950515880154943,-8.292308046450687,18.031726573868283,3.845111203539731,-7.289361332395304,16.561650489455758,2.8859580139199386,-9.268545679194249,19.15562342297131,5.019187316601516,4.325761225090324,0.7823369252655845,0.6228723730475001,0.23030199761617193,2.8859580139199386
275,-2.7752653840050505,17.76704721929654,2.9438808169416277,-8.292308046450687,18.031726573868283,3.7022959194222644,-7.289361332395304,16.561650489455758,2.7641657615828046,-9.268545679194249,19.15562342297131,4.883520491959476,4.320510252252689,0.7823369252655845,0.6228723730475001,0.23030199761617193,2.7641657615828046
276,-2.910479365468773,17.793752555425414,2.9369464749114615,-8.292308046450687,18.031726573868283,3.559608506797804,-7.289361332395304,16.561650489455758,2.645319855819117,-9.268545679194249,19.15562342297131,4.748321992380848,4.315126920401714,0.7823369252655845,0.6228723730475001,0.23030199761617193,2.645319855819117
277,-3.045320764659034,17.82135032830124,2.929709181397574,-8.292308046450687,18.031726573868283,3.41708599557381,-7.289361332395304,16.561650489455758,2.5298835962049235,-9.268545679194249,19.15562342297131,4.610343431834976,4.309925733769172,0.7823369252655845,0.6228723730475001,0.23030199761617193,2.5298835962049235
278,-3.1797872908757747,17.849880823444604,2.9221662459757916,-8.292308046450687,18.031726573868283,3.2747673322110042,-7.289361332395304,16.561650489455758,2.4183917503639942,-9.268545679194249,19.15562342297131,4.470709291850475,4.305147567865992,0.7823369252655845,0.6228723730475001,0.23030199761617193,2.4183917503639942
279,-3.3138767680127748,17.87938377589906,2.9143149161554858,-8.292308046450687,18.031726573868283,3.13270160148418,-7.289361332395304,16.561650489455758,2.311467407715052,-9.268545679194249,19.15562342297131,4.331209931102914,4.300817066925175,0.7823369252655845,0.6228723730475001,0.23030199761617193,2.311467407715052
280,-3.4475867293951286,17.909899071407846,2.906152899735722,-8.292308046450687,18.031726573868283,2.990951125523143,-7.289361332395304,16.561650489455758,2.209832645182375,-9.268545679194249,19.15562342297131,4.191859814958239,4.296957247341573,0.7823369252655845,0.6228723730475001,0.23030199761617193,2.209832645182375
281,-3.5809142686152304,17.94146699333463,2.8976786346397096,-8.292308046450687,18.031726573868283,2.8495948859124676,-7.289361332395304,16.561650489455758,2.114316504061788,-9.268545679194249,19.15562342297131,4.0526783329211025,4.293589088276059,0.7823369252655845,0.6228723730475001,0.23030199761617193,2.114316504061788
282,-3.713855961757912,17.9741282175625,2.888891392087397,-8.292308046450687,18.031726573868283,2.708732724671015,-7.289361332395304,16.561650489455758,2.025857990297311,-9.268545679194249,19.15562342297131,3.9136906907043714,4.29073204606432,0.7823369252655845,0.6228723730475001,0.23030199761617193,2.025857990297311
283,-3.8464250659784,18.00793040650559,2.8797909889044284,-8.292308046450687,18.031726573868283,2.5684726852176643,-7.289361332395304,16.561650489455758,1.9454912533805842,-9.268545679194249,19.15562342297131,3.7749105178650715,4.288982436870696,0.7823369252655845,0.6228723730475001,0.23030199761617193,1.9454912533805842
284,-3.978614438635846,18.04291361306592,2.8703802043166626,-8.292308046450687,18.031726573868283,2.4289778793316277,-7.289361332395304,16.561650489455758,1.874348742986919,-9.268545679194249,19.15562342297131,3.6363810503043625,4.287687843831024,0.7823369252655845,0.6228723730475001,0.23030199761617193,1.874348742986919
285,-4.110416602260074,18.079118173122186,2.8606614277369786,-8.292308046450687,18.031726573868283,2.2904530607625713,-7.289361332395304,16.561650489455758,1.8136141958978913,-9.268545679194249,19.15562342297131,3.49815435407145,4.286878193902704,0.7823369252655845,0.6228723730475001,0.23030199761617193,1.8136141958978913
286,-4.24176701475249,18.116575120997112,2.8506361864438037,-8.292308046450687,18.031726573868283,2.15321459646513,-7.289361332395304,16.561650489455758,1.764497453849059,-9.268545679194249,19.15562342297131,3.3603506099825133,4.2848672661024185,0.7823369252655845,0.6228723730475001,0.23030199761617193,1.764497453849059
287,-4.372597589784804,18.155307370997217,2.840302640515264,-8.292308046450687,18.031726573868283,2.017653182606912,-7.289361332395304,16.561650489455758,1.7281121175028278,-9.268545679194249,19.15562342297131,3.2221522702643126,4.2815171812883825,0.7823369252655845,0.6228723730475001,0.23030199761617193,1.7281121175028278
288,-4.502853500546629,18.19533736379557,2.82965878292933,-8.292308046450687,18.031726573868283,1.8842408946008056,-7.289361332395304,16.561650489455758,1.7053745703385312,-9.268545679194249,19.15562342297131,3.077015447054831,4.277234281785819,0.7823369252655845,0.6228723730475001,0.23030199761617193,1.7053745703385312
289,-4.632488788100179,18.23668507927275,2.8187024231831384,-8.292308046450687,18.031726573868283,1.7535669976351174,-7.289361332395304,16.561650489455758,1.6969177481829485,-9.268545679194249,19.15562342297131,2.931922745945553,4.272273351008413,0.7823369252655845,0.6228723730475001,0.23030199761617193,1.6969177481829485
290,-4.761462471319658,18.279371984644563,2.8074330372640293,-8.292308046450687,18.031726573868283,1.626384572541257,-7.289361332395304,16.561650489455758,1.7030260122240792,-9.268545679194249,19.15562342297131,2.786947782971982,4.266817013506707,0.7823369252655845,0.6228723730475001,0.23030199761617193,1.626384572541257
291,-4.88973630813692,18.323423145750063,2.795852746608595,-8.292308046450687,18.031726573868283,1.5036698020199346,-7.289361332395304,16.561650489455758,1.7236055841766984,-9.268545679194249,19.15562342297131,2.642174452226361,4.261011330065596,0.7823369252655845,0.6228723730475001,0.23030199761617193,1.5036698020199346
292,-5.017274275430174,18.36886446285428,2.7839652408882776,-8.292308046450687,18.031726573868283,1.3866965584454385,-7.289361332395304,16.561650489455758,1.7581989053381952,-9.268545679194249,19.15562342297131,2.497700837923761,4.254962250091816,0.7823369252655845,0.6228723730475001,0.23030199761617193,1.3866965584454385
293,-5.144041913189124,18.415721675812968,2.7717753897087474,-8.292308046450687,18.031726573868283,1.2771282509127728,-7.289361332395304,16.561650489455758,1.8060413804518272,-9.268545679194249,19.15562342297131,2.3536444502559997,4.24874826927353,0.7823369252655845,0.6228723730475001,0.23030199761617193,1.2771282509127728
294,-5.270006493400638,18.464017083231987,2.7592878521313713,-8.292308046450687,18.031726573868283,1.1771157277676454,-7.289361332395304,16.561650489455758,1.8661447559825275,-9.268545679194249,19.15562342297131,2.2101485297213235,4.242413073323683,0.7823369252655845,0.6228723730475001,0.23030199761617193,1.1771157277676454
295,-5.394385953156607,18.513507410462896,2.746479638480125,-8.292308046450687,18.031726573868283,1.0899590308069655,-7.289361332395304,16.561650489455758,1.9371727375170786,-9.268545679194249,19.15562342297131,2.0681693323779,4.212663872114344,0.7823369252655845,0.6228723730475001,0.23030199761617193,1.0899590308069655
296,-5.518000185397123,18.564462869577017,2.7333774885062883,-8.292308046450687,18.031726573868283,1.0181086992877209,-7.289361332395304,16.561650489455758,2.018093988592295,-9.268545679194249,19.15562342297131,1.9270618724652955,4.207393213195716,0.7823369252655845,0.6228723730475001,0.23030199761617193,1.0181086992877209
297,-5.640860806024981,18.61697041831525,2.7200136648665185,-8.292308046450687,18.031726573868283,0.9650742778702827,-7.289361332395304,16.561650489455758,2.107818205243567,-9.268545679194249,19.15562342297131,1.787070189061376,4.205429452310993,0.7823369252655845,0.6228723730475001,0.23030199761617193,0.9650742778702827
298,-5.7630174196718675,18.67104533834561,2.7063419672331923,-8.292308046450687,18.031726573868283,0.9342074780876609,-7.289361332395304,16.561650489455758,2.205409005671335,-9.268545679194249,19.15562342297131,1.6484753860465045,4.205949627077486,0.7823369252655845,0.6228723730475001,0.23030199761617193,0.9342074780876609
299,-5.884356838712537,18.726725423022433,2.692415359156569,-8.292308046450687,18.031726573868283,0.9278757347143011,-7.289361332395304,16.561650489455758,2.309829226597242,-9.268545679194249,19.15562342297131,1.511891912875594,4.204402677943415,0.7823369252655845,0.6228723730475001,0.23030199761617193,0.9278757347143011
300,-6.004783411767572,18.78401684064846,2.6782544248786286,-8.292308046450687,18.031726573868283,0.9466672929293329,-7.289361332395304,16.561650489455758,2.420161752396165,-9.268545679194249,19.15562342297131,1.378096041553173,4.201054495661515,0.7823369252655845,0.6228723730475001,0.23030199761617193,0.9278757347143011
301,-6.1242339340516985,18.842918875714226,2.6638675114445567,-8.292308046450687,18.031726573868283,0.9891996519380534,-7.289361332395304,16.561650489455758,2.5356084487897075,-9.268545679194249,19.15562342297131,1.2481069015802968,4.196743275190854,0.7823369252655845,0.6228723730475001,0.23030199761617193,0.9278757347143011
302,-6.242661078232088,18.903433111669454,2.6492620733110637,-8.292308046450687,18.031726573868283,1.0526188430560168,-7.289361332395304,16.561650489455758,2.6554752033609423,-9.268545679194249,19.15562342297131,1.1233410673137318,4.1919529701519975,0.7823369252655845,0.6228723730475001,0.23030199761617193,0.9278757347143011
303,-6.3600265444722295,18.965564412160454,2.6344471951375055,-8.292308046450687,18.031726573868283,1.1334258395288164,-7.289361332395304,16.561650489455758,2.779160745594008,-9.268545679194249,19.15562342297131,1.0058210463187613,4.186992762382716,0.7823369252655845,0.6228723730475001,0.23030199761617193,0.9278757347143011
304,-6.476297646484484,19.02932005955437,2.6194338554295755,-8.292308046450687,18.031726573868283,1.228182763317767,-7.289361332395304,16.561650489455758,2.9061458413779158,-9.268545679194249,19.15562342297131,0.8984585739186044,4.1820699774516505,0.7823369252655845,0.6228723730475001,0.23030199761617193,0.8984585739186044
305,-6.591445384455648,19.094708677848825,2.6042346672525913,-8.292308046450687,18.031726573868283,1.3339009422229895,-7.289361332395304,16.561650489455758,3.0359827668075132,-9.268545679194249,19.15562342297131,0.8053786893554088,4.177327173623504,0.7823369252655845,0.6228723730475001,0.23030199761617193,0.8053786893554088
306,-6.705443294433706,19.16173932141988,2.588863550635676,-8.292308046450687,18.031726573868283,1.4481567413486776,-7.289361332395304,16.561650489455758,3.168285472517316,-9.268545679194249,19.15562342297131,0.7320904760888939,4.172864226952835,0.7823369252655845,0.6228723730475001,0.23030199761617193,0.7320904760888939
