time,black_car_angle,distance_sensors,num_pixel_black,agglomerate_count,agglomerate_size_1,agglomerate_size_2
10, 99999.990000, 10.792425, 0, 0, 0, 0
20, 0.022135, 10.794000, 20, 1, 20, 0
30, 0.045052, 10.796089, 15, 2, 8, 7
40, 0.069792, 10.798906, 2, 1, 2, 0
50, 0.071094, 10.802347, 21, 1, 21, 0
60, 99999.990000, 10.806287, 0, 1, 0, 0
70, 0.023438, 10.810481, 21, 2, 20, 1
80, 0.048177, 10.814782, 20, 1, 20, 0
90, 99999.990000, 10.819016, 0, 1, 0, 0
100, 99999.990000, 10.823096, 0, 1, 0, 0
110, 0.027488, 10.826965, 9, 2, 8, 1
120, 0.052228, 10.830591, 20, 1, 20, 0
130, 0.076968, 10.833968, 20, 1, 20, 0
140, 0.074219, 10.837071, 20, 1, 20, 0
150, 0.074219, 10.839962, 20, 1, 20, 0
160, 0.074219, 10.842674, 20, 1, 20, 0
170, 0.074219, 10.845250, 20, 1, 20, 0
180, 0.074219, 10.847733, 20, 1, 20, 0
190, 0.075521, 10.850178, 5, 1, 5, 0
200, 0.076823, 10.852619, 1, 1, 1, 0
210, 0.052083, 10.855089, 1, 1, 1, 0
220, 99999.990000, 10.857624, 0, 1, 0, 0
230, 99999.990000, 10.860254, 0, 1, 0, 0
240, 0.007812, 10.863007, 5, 1, 5, 0
250, 0.034926, 10.865904, 17, 2, 9, 8
260, 0.062270, 10.868963, 20, 1, 20, 0
270, 0.081801, 10.872189, 20, 1, 20, 0
280, 0.084635, 10.875580, 20, 1, 20, 0
290, 0.085938, 10.879137, 21, 2, 20, 1
300, 0.088542, 10.882861, 20, 1, 20, 0
310, 0.088542, 10.886754, 20, 1, 20, 0
320, 0.089844, 10.890807, 20, 1, 20, 0
330, 0.089844, 10.895018, 20, 1, 20, 0
340, 0.089844, 10.899378, 20, 1, 20, 0
350, 0.089844, 10.903881, 20, 1, 20, 0
360, 0.091146, 10.908520, 21, 1, 21, 0
370, 0.093750, 10.913290, 20, 1, 20, 0
380, 0.096354, 10.918183, 20, 1, 20, 0
390, 0.097656, 10.923192, 20, 1, 20, 0
400, 0.097656, 10.928308, 20, 1, 20, 0
410, 0.097656, 10.933525, 20, 1, 20, 0
420, 0.097656, 10.938836, 20, 1, 20, 0
430, 0.097656, 10.944235, 20, 1, 20, 0
440, 0.100260, 10.949722, 20, 1, 20, 0
450, 0.102865, 10.955298, 20, 1, 20, 0
460, 0.105537, 10.960960, 19, 2, 10, 9
470, 0.105537, 10.966706, 18, 2, 9, 9
480, 0.105537, 10.972535, 18, 2, 9, 9
490, 0.105469, 10.978445, 18, 2, 9, 9
500, 0.105469, 10.984436, 18, 2, 9, 9
510, 0.105400, 10.990510, 19, 2, 10, 9
520, 0.105400, 10.996669, 20, 1, 20, 0
530, 0.105400, 11.002912, 20, 1, 20, 0
540, 0.105469, 11.009236, 20, 1, 20, 0
550, 0.105469, 11.015645, 20, 1, 20, 0
560, 0.105469, 11.022139, 20, 1, 20, 0
570, 0.105469, 11.028720, 20, 1, 20, 0
580, 0.105469, 11.035385, 20, 1, 20, 0
590, 0.105469, 11.042137, 20, 1, 20, 0
600, 0.105469, 11.048976, 20, 1, 20, 0
610, 0.105469, 11.055903, 20, 1, 20, 0
620, 0.105469, 11.062917, 20, 1, 20, 0
630, 0.105469, 11.070019, 20, 1, 20, 0
640, 0.105469, 11.077210, 20, 1, 20, 0
650, 0.105469, 11.084501, 20, 1, 20, 0
660, 0.104167, 11.091873, 19, 1, 19, 0
670, 0.102865, 11.099327, 19, 1, 19, 0
680, 0.101562, 11.106866, 19, 1, 19, 0
690, 0.101562, 11.114492, 19, 1, 19, 0
700, 0.099082, 11.122204, 21, 2, 20, 1
710, 0.096602, 11.130001, 21, 2, 20, 1
720, 0.095300, 11.137883, 20, 1, 20, 0
730, 0.101687, 11.145853, 16, 1, 16, 0
740, 0.106771, 11.153813, 15, 1, 15, 0
750, 0.113281, 11.161355, 13, 1, 13, 0
760, 0.114583, 11.168116, 13, 1, 13, 0
770, 0.118490, 11.173825, 12, 1, 12, 0
780, 0.113715, 11.178264, 6, 3, 3, 2
790, 0.104601, 11.181365, 2, 1, 2, 0
800, 99999.990000, 11.183315, 0, 1, 0, 0
810, 99999.990000, 11.184424, 0, 1, 0, 0
820, 99999.990000, 11.184927, 0, 1, 0, 0
830, 0.006510, 11.185005, 4, 1, 4, 0
840, 0.033854, 11.184793, 20, 1, 20, 0
850, 0.059896, 11.184399, 19, 1, 19, 0
860, 0.083333, 11.183826, 16, 1, 16, 0
870, 99999.990000, 11.183082, 0, 1, 0, 0
880, 99999.990000, 11.182161, 0, 1, 0, 0
890, 0.023438, 11.181088, 19, 1, 19, 0
900, 0.048177, 11.179915, 20, 1, 20, 0
910, 0.079427, 11.178654, 13, 1, 13, 0
920, 99999.990000, 11.177329, 0, 1, 0, 0
930, 99999.990000, 11.175984, 0, 1, 0, 0
940, 0.019301, 11.174647, 17, 2, 10, 7
950, 0.041437, 11.173372, 20, 1, 20, 0
960, 0.062270, 11.172162, 19, 1, 19, 0
970, 0.072917, 11.171028, 12, 1, 12, 0
980, 0.083333, 11.169985, 2, 2, 1, 1
990, 99999.990000, 11.169036, 0, 2, 0, 0
1000, 99999.990000, 11.168202, 0, 2, 0, 0
1010, 99999.990000, 11.167484, 0, 2, 0, 0
1020, -0.002604, 11.166891, 3, 1, 3, 0
1030, -0.003472, 11.166472, 6, 2, 5, 1
1040, -0.003472, 11.166174, 5, 1, 5, 0
1050, -0.000868, 11.165968, 5, 1, 5, 0
1060, 0.000000, 11.165796, 5, 1, 5, 0
1070, -0.002604, 11.165753, 3, 1, 3, 0
1080, 99999.990000, 11.165834, 0, 1, 0, 0
1090, 99999.990000, 11.166033, 0, 1, 0, 0
1100, 99999.990000, 11.166336, 0, 1, 0, 0
1110, 99999.990000, 11.166732, 0, 1, 0, 0
1120, 99999.990000, 11.167253, 0, 1, 0, 0
1130, 0.029948, 11.167854, 2, 2, 1, 1
1140, 0.057292, 11.168515, 12, 1, 12, 0
1150, 0.082031, 11.169211, 14, 1, 14, 0
1160, 0.070312, 11.169937, 19, 1, 19, 0
1170, 0.061198, 11.170709, 19, 1, 19, 0
1180, 0.054688, 11.171517, 19, 1, 19, 0
1190, 0.054688, 11.172347, 19, 1, 19, 0
1200, 0.054688, 11.173163, 19, 1, 19, 0
1210, 0.054688, 11.173969, 19, 1, 19, 0
1220, 0.054688, 11.174761, 19, 1, 19, 0
1230, 0.040625, 11.175536, 10, 2, 9, 1
1240, 0.025289, 11.176291, 9, 2, 8, 1
1250, 0.008688, 11.177027, 8, 2, 7, 1
1260, 0.005823, 11.177742, 6, 1, 6, 0
1270, 0.002930, 11.178429, 5, 1, 5, 0
1280, 0.000000, 11.179081, 4, 1, 4, 0
1290, -0.002604, 11.179696, 4, 1, 4, 0
1300, -0.003906, 11.180268, 4, 1, 4, 0
1310, -0.003906, 11.180798, 4, 1, 4, 0
1320, -0.001302, 11.181302, 4, 1, 4, 0
1330, 0.001302, 11.181780, 4, 1, 4, 0
1340, 0.005208, 11.182227, 5, 1, 5, 0
1350, 0.007812, 11.182647, 6, 1, 6, 0
1360, 0.011719, 11.183039, 7, 1, 7, 0
1370, 0.014612, 11.183408, 9, 2, 8, 1
1380, 0.017216, 11.183757, 8, 1, 8, 0
1390, 0.025680, 11.184088, 12, 2, 9, 3
1400, 0.039714, 11.184403, 18, 1, 18, 0
1410, 0.055339, 11.184699, 20, 1, 20, 0
1420, 0.063802, 11.184974, 20, 1, 20, 0
1430, 0.066406, 11.185229, 20, 1, 20, 0
1440, 0.066406, 11.185485, 20, 1, 20, 0
1450, 0.066406, 11.185742, 20, 1, 20, 0
1460, 0.066406, 11.186000, 20, 1, 20, 0
1470, 0.066406, 11.186260, 20, 1, 20, 0
1480, 0.066406, 11.186521, 20, 1, 20, 0
1490, 0.066406, 11.186784, 20, 1, 20, 0
1500, 0.066406, 11.187050, 20, 1, 20, 0
1510, 0.066406, 11.187317, 20, 1, 20, 0
1520, 0.066406, 11.187588, 20, 1, 20, 0
1530, 0.066406, 11.187861, 20, 1, 20, 0
1540, 0.066406, 11.188140, 20, 1, 20, 0
1550, 0.066406, 11.188423, 20, 1, 20, 0
1560, 0.066406, 11.188710, 20, 1, 20, 0
1570, 0.066406, 11.189002, 20, 1, 20, 0
1580, 0.066406, 11.189297, 20, 1, 20, 0
1590, 0.066406, 11.189594, 20, 1, 20, 0
1600, 0.066406, 11.189890, 20, 1, 20, 0
1610, 0.066406, 11.190188, 20, 1, 20, 0
1620, 0.066406, 11.190488, 20, 1, 20, 0
1630, 0.065104, 11.190787, 19, 1, 19, 0
1640, 0.063802, 11.191084, 19, 1, 19, 0
1650, 0.062500, 11.191383, 19, 1, 19, 0
1660, 0.062500, 11.191679, 19, 1, 19, 0
1670, 0.062500, 11.191971, 19, 1, 19, 0
1680, 0.062500, 11.192256, 19, 1, 19, 0
1690, 0.062500, 11.192535, 19, 1, 19, 0
1700, 0.062500, 11.192807, 19, 1, 19, 0
1710, 0.062500, 11.193071, 19, 1, 19, 0
1720, 0.062500, 11.193326, 19, 1, 19, 0
1730, 0.062500, 11.193571, 19, 1, 19, 0
1740, 0.061198, 11.193809, 20, 1, 20, 0
1750, 0.059896, 11.194041, 20, 1, 20, 0
1760, 0.058594, 11.194271, 20, 1, 20, 0
1770, 0.057292, 11.194494, 19, 1, 19, 0
1780, 0.055990, 11.194708, 19, 1, 19, 0
1790, 0.054688, 11.194912, 19, 1, 19, 0
1800, 0.054688, 11.195102, 19, 1, 19, 0
1810, 0.054688, 11.195279, 19, 1, 19, 0
1820, 0.054688, 11.195442, 19, 1, 19, 0
1830, 0.054688, 11.195591, 19, 1, 19, 0
1840, 0.053385, 11.195725, 20, 1, 20, 0
1850, 0.052083, 11.195845, 20, 1, 20, 0
1860, 0.049479, 11.195925, 19, 1, 19, 0
1870, 0.048177, 11.195872, 19, 1, 19, 0
1880, 0.046875, 11.195815, 19, 1, 19, 0
1890, 0.046875, 11.195837, 19, 1, 19, 0
1900, 0.046875, 11.195878, 19, 1, 19, 0
1910, 0.046875, 11.195912, 19, 1, 19, 0
1920, 0.045573, 11.195939, 20, 1, 20, 0
1930, 0.042969, 11.195959, 19, 1, 19, 0
1940, 0.040365, 11.195973, 19, 1, 19, 0
1950, 0.039062, 11.195980, 19, 1, 19, 0
1960, 0.039062, 11.195981, 19, 1, 19, 0
1970, 0.039062, 11.195977, 19, 1, 19, 0
1980, 0.037760, 11.195968, 20, 2, 19, 1
1990, 0.036458, 11.195954, 20, 1, 20, 0
2000, 0.033854, 11.195935, 19, 1, 19, 0
2010, 0.032552, 11.195912, 19, 1, 19, 0
2020, 0.031250, 11.195888, 19, 1, 19, 0
2030, 0.031250, 11.195861, 19, 1, 19, 0
2040, 0.029948, 11.195832, 20, 2, 19, 1
2050, 0.027344, 11.195804, 19, 1, 19, 0
2060, 0.024740, 11.195775, 19, 1, 19, 0
2070, 0.023438, 11.195746, 19, 1, 19, 0
2080, 0.023438, 11.195715, 19, 1, 19, 0
2090, 0.023438, 11.195684, 19, 1, 19, 0
2100, 0.022135, 11.195653, 20, 1, 20, 0
2110, 0.019531, 11.195624, 19, 1, 19, 0
2120, 0.016927, 11.195597, 19, 1, 19, 0
2130, 0.015625, 11.195573, 19, 1, 19, 0
2140, 0.015625, 11.195551, 19, 1, 19, 0
2150, 0.014323, 11.195533, 20, 1, 20, 0
2160, 0.011719, 11.195519, 19, 1, 19, 0
2170, 0.009115, 11.195508, 19, 1, 19, 0
2180, 0.007812, 11.195501, 19, 1, 19, 0
2190, 0.007812, 11.195497, 19, 1, 19, 0
2200, 0.006510, 11.195497, 20, 1, 20, 0
2210, 0.003906, 11.195503, 19, 1, 19, 0
2220, 0.001302, 11.195512, 19, 1, 19, 0
2230, 0.000000, 11.195526, 19, 1, 19, 0
2240, 0.000000, 11.195545, 19, 1, 19, 0
2250, -0.001302, 11.195572, 20, 1, 20, 0
2260, -0.003906, 11.195604, 19, 1, 19, 0
2270, -0.006510, 11.195641, 19, 1, 19, 0
2280, -0.007812, 11.195673, 19, 1, 19, 0
2290, -0.007812, 11.195713, 19, 1, 19, 0
2300, -0.009115, 11.195760, 20, 2, 19, 1
2310, -0.010417, 11.195816, 20, 1, 20, 0
2320, -0.013021, 11.195883, 19, 1, 19, 0
2330, -0.014323, 11.195957, 19, 1, 19, 0
2340, -0.015625, 11.196040, 19, 1, 19, 0
2350, -0.015625, 11.196128, 19, 1, 19, 0
2360, -0.015625, 11.196222, 19, 1, 19, 0
2370, -0.016927, 11.196324, 20, 2, 19, 1
2380, -0.018229, 11.196432, 20, 1, 20, 0
2390, -0.020833, 11.196545, 19, 1, 19, 0
2400, -0.022135, 11.196663, 19, 1, 19, 0
2410, -0.023438, 11.196792, 19, 1, 19, 0
2420, -0.023438, 11.196920, 19, 1, 19, 0
2430, -0.023438, 11.197047, 19, 1, 19, 0
2440, -0.023438, 11.197179, 19, 1, 19, 0
2450, -0.023438, 11.197318, 19, 1, 19, 0
2460, -0.023438, 11.197462, 19, 1, 19, 0
2470, -0.025918, 11.197613, 21, 2, 20, 1
2480, -0.028398, 11.197769, 21, 2, 20, 1
2490, -0.031002, 11.197929, 19, 1, 19, 0
2500, -0.031126, 11.198093, 19, 1, 19, 0
2510, -0.031250, 11.198262, 19, 1, 19, 0
2520, -0.031250, 11.198435, 19, 1, 19, 0
2530, -0.031250, 11.198612, 19, 1, 19, 0
2540, -0.031250, 11.198794, 19, 1, 19, 0
2550, -0.031250, 11.198981, 19, 1, 19, 0
2560, -0.031250, 11.199173, 19, 1, 19, 0
2570, -0.031250, 11.199369, 19, 1, 19, 0
2580, -0.031250, 11.199569, 19, 1, 19, 0
2590, -0.031250, 11.199773, 19, 1, 19, 0
2600, -0.031250, 11.199980, 19, 1, 19, 0
2610, -0.032552, 11.200191, 20, 1, 20, 0
2620, -0.033854, 11.200405, 20, 1, 20, 0
2630, -0.036334, 11.200622, 21, 2, 20, 1
2640, -0.038808, 11.200841, 20, 2, 19, 1
2650, -0.041282, 11.201063, 20, 2, 19, 1
2660, -0.042578, 11.201285, 20, 2, 19, 1
2670, -0.041406, 11.201510, 19, 1, 19, 0
2680, -0.040234, 11.201737, 19, 1, 19, 0
2690, -0.039062, 11.201966, 19, 1, 19, 0
2700, -0.039062, 11.202198, 19, 1, 19, 0
2710, -0.039062, 11.202432, 19, 1, 19, 0
2720, -0.039062, 11.202668, 19, 1, 19, 0
2730, -0.039062, 11.202905, 19, 1, 19, 0
2740, -0.039062, 11.203143, 19, 1, 19, 0
2750, -0.039062, 11.203382, 19, 1, 19, 0
2760, -0.039062, 11.203622, 19, 1, 19, 0
2770, -0.039062, 11.203862, 19, 1, 19, 0
2780, -0.039062, 11.204104, 19, 1, 19, 0
2790, -0.039062, 11.204346, 19, 1, 19, 0
2800, -0.039062, 11.204589, 19, 1, 19, 0
2810, -0.039062, 11.204831, 19, 1, 19, 0
2820, -0.039062, 11.205074, 19, 1, 19, 0
2830, -0.039062, 11.205318, 19, 1, 19, 0
2840, -0.039062, 11.205562, 19, 1, 19, 0
2850, -0.039062, 11.205805, 19, 1, 19, 0
2860, -0.039062, 11.206047, 19, 1, 19, 0
2870, -0.039062, 11.206288, 19, 1, 19, 0
2880, -0.039062, 11.206529, 19, 1, 19, 0
2890, -0.039062, 11.206771, 19, 1, 19, 0
2900, -0.039062, 11.207011, 19, 1, 19, 0
2910, -0.039062, 11.207251, 19, 1, 19, 0
2920, -0.039062, 11.207490, 19, 1, 19, 0
2930, -0.039062, 11.207728, 19, 1, 19, 0
2940, -0.040234, 11.207965, 20, 2, 19, 1
2950, -0.041406, 11.208200, 20, 2, 19, 1
2960, -0.042578, 11.208434, 20, 2, 19, 1
2970, -0.041406, 11.208666, 19, 1, 19, 0
2980, -0.040234, 11.208898, 19, 1, 19, 0
2990, -0.039062, 11.209129, 19, 1, 19, 0
3000, -0.039062, 11.209359, 19, 1, 19, 0
3010, -0.039062, 11.209588, 19, 1, 19, 0
3020, -0.037760, 11.209817, 20, 1, 20, 0
3030, -0.036458, 11.210044, 20, 1, 20, 0
3040, -0.035156, 11.210271, 20, 1, 20, 0
3050, -0.035156, 11.210496, 20, 1, 20, 0
3060, -0.033854, 11.210720, 19, 1, 19, 0
3070, -0.032552, 11.210943, 19, 1, 19, 0
3080, -0.031250, 11.211164, 19, 1, 19, 0
3090, -0.031250, 11.211385, 19, 1, 19, 0
3100, -0.031250, 11.211604, 19, 1, 19, 0
3110, -0.031250, 11.211822, 19, 1, 19, 0
3120, -0.031250, 11.212039, 19, 1, 19, 0
3130, -0.032422, 11.212254, 20, 2, 19, 1
3140, -0.032422, 11.212468, 19, 1, 19, 0
3150, -0.032422, 11.212680, 19, 1, 19, 0
3160, -0.031250, 11.212892, 19, 1, 19, 0
3170, -0.031250, 11.213103, 19, 1, 19, 0
3180, -0.029948, 11.213313, 20, 1, 20, 0
3190, -0.028646, 11.213523, 20, 1, 20, 0
3200, -0.026042, 11.213732, 19, 1, 19, 0
3210, -0.024740, 11.213939, 19, 1, 19, 0
3220, -0.023438, 11.214146, 19, 1, 19, 0
3230, -0.023438, 11.214352, 19, 1, 19, 0
3240, -0.023438, 11.214556, 19, 1, 19, 0
3250, -0.024609, 11.214759, 20, 2, 19, 1
3260, -0.024609, 11.214961, 19, 1, 19, 0
3270, -0.024609, 11.215163, 19, 1, 19, 0
3280, -0.023438, 11.215365, 19, 1, 19, 0
3290, -0.023438, 11.215567, 19, 1, 19, 0
3300, -0.022135, 11.215768, 20, 1, 20, 0
3310, -0.019531, 11.215970, 19, 1, 19, 0
3320, -0.016927, 11.216172, 19, 1, 19, 0
3330, -0.015625, 11.216374, 19, 1, 19, 0
3340, -0.015625, 11.216576, 19, 1, 19, 0
3350, -0.016797, 11.216778, 20, 2, 19, 1
3360, -0.016797, 11.216980, 19, 1, 19, 0
3370, -0.016797, 11.217182, 19, 1, 19, 0
3380, -0.015625, 11.217385, 19, 1, 19, 0
3390, -0.015625, 11.217589, 19, 1, 19, 0
3400, -0.014323, 11.217794, 20, 1, 20, 0
3410, -0.011719, 11.218000, 19, 1, 19, 0
3420, -0.009115, 11.218206, 19, 1, 19, 0
3430, -0.007812, 11.218412, 19, 1, 19, 0
3440, -0.007812, 11.218616, 19, 1, 19, 0
3450, -0.007812, 11.218823, 19, 1, 19, 0
3460, -0.007812, 11.219030, 19, 1, 19, 0
3470, -0.007812, 11.219238, 19, 1, 19, 0
3480, -0.007812, 11.219448, 19, 1, 19, 0
3490, -0.006510, 11.219659, 20, 1, 20, 0
3500, -0.003906, 11.219872, 19, 1, 19, 0
3510, -0.001302, 11.220086, 19, 1, 19, 0
3520, 0.000000, 11.220302, 19, 1, 19, 0
3530, 0.000000, 11.220517, 19, 1, 19, 0
3540, 0.000000, 11.220732, 19, 1, 19, 0
3550, 0.000000, 11.220946, 19, 1, 19, 0
3560, 0.000000, 11.221157, 19, 1, 19, 0
3570, 0.000000, 11.221368, 19, 1, 19, 0
3580, 0.000000, 11.221577, 19, 1, 19, 0
3590, 0.001302, 11.221784, 20, 1, 20, 0
3600, 0.002604, 11.221991, 20, 1, 20, 0
3610, 0.005208, 11.222197, 19, 1, 19, 0
3620, 0.006510, 11.222401, 19, 1, 19, 0
3630, 0.007812, 11.222604, 19, 1, 19, 0
3640, 0.007812, 11.222805, 19, 1, 19, 0
3650, 0.007812, 11.223006, 19, 1, 19, 0
3660, 0.007812, 11.223207, 19, 1, 19, 0
3670, 0.007812, 11.223407, 19, 1, 19, 0
3680, 0.007812, 11.223607, 19, 1, 19, 0
3690, 0.007812, 11.223808, 19, 1, 19, 0
3700, 0.007812, 11.224007, 19, 1, 19, 0
3710, 0.007812, 11.224205, 19, 1, 19, 0
3720, 0.007812, 11.224402, 19, 1, 19, 0
3730, 0.007812, 11.224599, 19, 1, 19, 0
3740, 0.007812, 11.224796, 19, 1, 19, 0
3750, 0.007812, 11.224992, 19, 1, 19, 0
3760, 0.007812, 11.225187, 19, 1, 19, 0
3770, 0.007812, 11.225382, 19, 1, 19, 0
3780, 0.007812, 11.225577, 19, 1, 19, 0
3790, 0.007812, 11.225772, 19, 1, 19, 0
3800, 0.007812, 11.225967, 19, 1, 19, 0
3810, 0.007812, 11.226162, 19, 1, 19, 0
3820, 0.007812, 11.226357, 19, 1, 19, 0
3830, 0.007812, 11.226552, 19, 1, 19, 0
3840, 0.007812, 11.226747, 19, 1, 19, 0
3850, 0.007812, 11.226942, 19, 1, 19, 0
3860, 0.007812, 11.227137, 19, 1, 19, 0
3870, 0.007812, 11.227332, 19, 1, 19, 0
3880, 0.007812, 11.227528, 19, 1, 19, 0
3890, 0.007812, 11.227723, 19, 1, 19, 0
3900, 0.007812, 11.227919, 19, 1, 19, 0
3910, 0.007812, 11.228115, 19, 1, 19, 0
3920, 0.007812, 11.228311, 19, 1, 19, 0
3930, 0.007812, 11.228507, 19, 1, 19, 0
3940, 0.007812, 11.228704, 19, 1, 19, 0
3950, 0.007812, 11.228900, 19, 1, 19, 0
3960, 0.007812, 11.229096, 19, 1, 19, 0
3970, 0.007812, 11.229293, 19, 1, 19, 0
3980, 0.007812, 11.229490, 19, 1, 19, 0
3990, 0.007812, 11.229687, 19, 1, 19, 0
4000, 0.007812, 11.229884, 19, 1, 19, 0
4010, 0.007812, 11.230081, 19, 1, 19, 0
4020, 0.007812, 11.230277, 19, 1, 19, 0
4030, 0.007812, 11.230474, 19, 1, 19, 0
4040, 0.007812, 11.230670, 19, 1, 19, 0
4050, 0.007812, 11.230867, 19, 1, 19, 0
4060, 0.007812, 11.231063, 19, 1, 19, 0
4070, 0.007812, 11.231259, 19, 1, 19, 0
4080, 0.007812, 11.231454, 19, 1, 19, 0
4090, 0.007812, 11.231650, 19, 1, 19, 0
4100, 0.007812, 11.231845, 19, 1, 19, 0
4110, 0.007812, 11.232040, 19, 1, 19, 0
4120, 0.007812, 11.232234, 19, 1, 19, 0
4130, 0.007812, 11.232429, 19, 1, 19, 0
4140, 0.007812, 11.232623, 19, 1, 19, 0
4150, 0.007812, 11.232817, 19, 1, 19, 0
4160, 0.007812, 11.233011, 19, 1, 19, 0
4170, 0.007812, 11.233205, 19, 1, 19, 0
4180, 0.007812, 11.233398, 19, 1, 19, 0
4190, 0.007812, 11.233591, 19, 1, 19, 0
4200, 0.007812, 11.233785, 19, 1, 19, 0
4210, 0.007812, 11.233977, 19, 1, 19, 0
4220, 0.007812, 11.234170, 19, 1, 19, 0
4230, 0.007812, 11.234362, 19, 1, 19, 0
4240, 0.007812, 11.234554, 19, 1, 19, 0
4250, 0.007812, 11.234745, 19, 1, 19, 0
4260, 0.007812, 11.234937, 19, 1, 19, 0
4270, 0.007812, 11.235128, 19, 1, 19, 0
4280, 0.007812, 11.235319, 19, 1, 19, 0
4290, 0.007812, 11.235510, 19, 1, 19, 0
4300, 0.007812, 11.235701, 19, 1, 19, 0
4310, 0.007812, 11.235891, 19, 1, 19, 0
4320, 0.007812, 11.236081, 19, 1, 19, 0
4330, 0.007812, 11.236271, 19, 1, 19, 0
4340, 0.007812, 11.236461, 19, 1, 19, 0
4350, 0.007812, 11.236651, 19, 1, 19, 0
4360, 0.007812, 11.236841, 19, 1, 19, 0
4370, 0.007812, 11.237031, 19, 1, 19, 0
4380, 0.007812, 11.237220, 19, 1, 19, 0
4390, 0.007812, 11.237410, 19, 1, 19, 0
4400, 0.007812, 11.237599, 19, 1, 19, 0
4410, 0.007812, 11.237788, 19, 1, 19, 0
4420, 0.007812, 11.237977, 19, 1, 19, 0
4430, 0.007812, 11.238165, 19, 1, 19, 0
4440, 0.007812, 11.238354, 19, 1, 19, 0
4450, 0.007812, 11.238542, 19, 1, 19, 0
4460, 0.007812, 11.238730, 19, 1, 19, 0
4470, 0.007812, 11.238918, 19, 1, 19, 0
4480, 0.007812, 11.239106, 19, 1, 19, 0
4490, 0.007812, 11.239294, 19, 1, 19, 0
4500, 0.007812, 11.239482, 19, 1, 19, 0
4510, 0.006510, 11.239670, 20, 1, 20, 0
4520, 0.005208, 11.239858, 20, 1, 20, 0
4530, 0.003906, 11.240046, 20, 1, 20, 0
4540, 0.002604, 11.240234, 19, 1, 19, 0
4550, 0.001302, 11.240422, 19, 1, 19, 0
4560, 0.000000, 11.240608, 19, 1, 19, 0
4570, 0.000000, 11.240795, 19, 1, 19, 0
4580, 0.000000, 11.240982, 19, 1, 19, 0
4590, 0.000000, 11.241169, 19, 1, 19, 0
4600, 0.000000, 11.241355, 19, 1, 19, 0
4610, 0.000000, 11.241541, 19, 1, 19, 0
4620, 0.000000, 11.241728, 19, 1, 19, 0
4630, 0.000000, 11.241914, 19, 1, 19, 0
4640, 0.000000, 11.242101, 19, 1, 19, 0
4650, 0.000000, 11.242287, 19, 1, 19, 0
4660, 0.000000, 11.242474, 19, 1, 19, 0
4670, 0.000000, 11.242661, 19, 1, 19, 0
4680, 0.000000, 11.242848, 19, 1, 19, 0
4690, 0.000000, 11.243035, 19, 1, 19, 0
4700, 0.000000, 11.243222, 19, 1, 19, 0
4710, 0.000000, 11.243409, 19, 1, 19, 0
4720, 0.000000, 11.243596, 19, 1, 19, 0
4730, 0.000000, 11.243783, 19, 1, 19, 0
4740, 0.000000, 11.243969, 19, 1, 19, 0
4750, 0.000000, 11.244156, 19, 1, 19, 0
4760, 0.000000, 11.244343, 19, 1, 19, 0
4770, 0.000000, 11.244530, 19, 1, 19, 0
4780, 0.000000, 11.244716, 19, 1, 19, 0
4790, 0.000000, 11.244903, 19, 1, 19, 0
4800, 0.000000, 11.245090, 19, 1, 19, 0
4810, 0.000000, 11.245277, 19, 1, 19, 0
4820, 0.000000, 11.245464, 19, 1, 19, 0
4830, 0.000000, 11.245651, 19, 1, 19, 0
4840, 0.000000, 11.245839, 19, 1, 19, 0
4850, 0.000000, 11.246026, 19, 1, 19, 0
4860, 0.000000, 11.246214, 19, 1, 19, 0
4870, 0.000000, 11.246401, 19, 1, 19, 0
4880, 0.000000, 11.246589, 19, 1, 19, 0
4890, 0.000000, 11.246777, 19, 1, 19, 0
4900, -0.001302, 11.246965, 20, 1, 20, 0
4910, -0.002604, 11.247153, 20, 1, 20, 0
4920, -0.003906, 11.247342, 20, 1, 20, 0
4930, -0.005208, 11.247530, 19, 1, 19, 0
4940, -0.006510, 11.247718, 19, 1, 19, 0
4950, -0.007812, 11.247906, 19, 1, 19, 0
4960, -0.007812, 11.248093, 19, 1, 19, 0
4970, -0.007812, 11.248279, 19, 1, 19, 0
4980, -0.007812, 11.248466, 19, 1, 19, 0
4990, -0.007812, 11.248653, 19, 1, 19, 0
5000, -0.007812, 11.248839, 19, 1, 19, 0
5010, -0.007812, 11.249026, 19, 1, 19, 0
5020, -0.007812, 11.249212, 19, 1, 19, 0
5030, -0.007812, 11.249402, 19, 1, 19, 0
5040, -0.007812, 11.249592, 19, 1, 19, 0
5050, -0.007812, 11.249781, 19, 1, 19, 0
5060, -0.007812, 11.249970, 19, 1, 19, 0
5070, -0.007812, 11.250158, 19, 1, 19, 0
5080, -0.007812, 11.250345, 19, 1, 19, 0
5090, -0.007812, 11.250532, 19, 1, 19, 0
5100, -0.007812, 11.250719, 19, 1, 19, 0
5110, -0.007812, 11.250905, 19, 1, 19, 0
5120, -0.007812, 11.251092, 19, 1, 19, 0
5130, -0.007812, 11.251277, 19, 1, 19, 0
5140, -0.007812, 11.251462, 19, 1, 19, 0
5150, -0.007812, 11.251646, 19, 1, 19, 0
5160, -0.007812, 11.251830, 19, 1, 19, 0
5170, -0.007812, 11.252013, 19, 1, 19, 0
5180, -0.007812, 11.252195, 19, 1, 19, 0
5190, -0.007812, 11.252378, 19, 1, 19, 0
5200, -0.007812, 11.252561, 19, 1, 19, 0
5210, -0.007812, 11.252743, 19, 1, 19, 0
5220, -0.007812, 11.252926, 19, 1, 19, 0
5230, -0.007812, 11.253108, 19, 1, 19, 0
5240, -0.007812, 11.253291, 19, 1, 19, 0
5250, -0.007812, 11.253474, 19, 1, 19, 0
5260, -0.007812, 11.253657, 19, 1, 19, 0
5270, -0.007812, 11.253840, 19, 1, 19, 0
5280, -0.007812, 11.254022, 19, 1, 19, 0
5290, -0.007812, 11.254203, 19, 1, 19, 0
5300, -0.007812, 11.254384, 19, 1, 19, 0
5310, -0.007812, 11.254565, 19, 1, 19, 0
5320, -0.007812, 11.254746, 19, 1, 19, 0
5330, -0.007812, 11.254925, 19, 1, 19, 0
5340, -0.007812, 11.255105, 19, 1, 19, 0
5350, -0.007812, 11.255283, 19, 1, 19, 0
5360, -0.007812, 11.255461, 19, 1, 19, 0
5370, -0.007812, 11.255638, 19, 1, 19, 0
5380, -0.007812, 11.255815, 19, 1, 19, 0
5390, -0.007812, 11.255992, 19, 1, 19, 0
5400, -0.007812, 11.256167, 19, 1, 19, 0
5410, -0.007812, 11.256342, 19, 1, 19, 0
5420, -0.007812, 11.256515, 19, 1, 19, 0
5430, -0.007812, 11.256687, 19, 1, 19, 0
5440, -0.007812, 11.256858, 19, 1, 19, 0
5450, -0.006510, 11.257027, 20, 1, 20, 0
5460, -0.005208, 11.257194, 20, 1, 20, 0
5470, -0.003906, 11.257359, 20, 1, 20, 0
5480, -0.003906, 11.257523, 20, 1, 20, 0
5490, -0.003906, 11.257685, 20, 1, 20, 0
5500, -0.003906, 11.257845, 20, 1, 20, 0
5510, -0.003906, 11.258002, 20, 1, 20, 0
5520, -0.003906, 11.258157, 20, 1, 20, 0
5530, -0.003906, 11.258309, 20, 1, 20, 0
5540, -0.003906, 11.258460, 20, 1, 20, 0
5550, -0.003906, 11.258610, 20, 1, 20, 0
5560, -0.003906, 11.258759, 20, 1, 20, 0
5570, -0.003906, 11.258903, 20, 1, 20, 0
5580, -0.003906, 11.259044, 20, 1, 20, 0
5590, -0.003906, 11.259182, 20, 1, 20, 0
5600, -0.003906, 11.259319, 20, 1, 20, 0
5610, -0.003906, 11.259455, 20, 1, 20, 0
5620, -0.003906, 11.259588, 20, 1, 20, 0
5630, -0.003906, 11.259718, 20, 1, 20, 0
5640, -0.005208, 11.259843, 19, 1, 19, 0
5650, -0.006510, 11.259963, 19, 1, 19, 0
5660, -0.007812, 11.260082, 19, 1, 19, 0
5670, -0.007812, 11.260197, 19, 1, 19, 0
5680, -0.007812, 11.260309, 19, 1, 19, 0
5690, -0.007812, 11.260416, 19, 1, 19, 0
5700, -0.007812, 11.260519, 19, 1, 19, 0
5710, -0.007812, 11.260617, 19, 1, 19, 0
5720, -0.007812, 11.260711, 19, 1, 19, 0
5730, -0.007812, 11.260799, 19, 1, 19, 0
5740, -0.007812, 11.260880, 19, 1, 19, 0
5750, -0.007812, 11.260956, 19, 1, 19, 0
5760, -0.007812, 11.261027, 19, 1, 19, 0
5770, -0.007812, 11.261092, 19, 1, 19, 0
5780, -0.007812, 11.261151, 19, 1, 19, 0
5790, -0.007812, 11.261204, 19, 1, 19, 0
5800, -0.007812, 11.261250, 19, 1, 19, 0
5810, -0.007812, 11.261287, 19, 1, 19, 0
5820, -0.007812, 11.261315, 19, 1, 19, 0
5830, -0.007812, 11.261334, 19, 1, 19, 0
5840, -0.007812, 11.261344, 19, 1, 19, 0
5850, -0.007812, 11.261347, 19, 1, 19, 0
5860, -0.007812, 11.261341, 19, 1, 19, 0
5870, -0.007812, 11.261326, 19, 1, 19, 0
5880, -0.007812, 11.261300, 19, 1, 19, 0
5890, -0.007812, 11.261262, 19, 1, 19, 0
5900, -0.007812, 11.261215, 19, 1, 19, 0
5910, -0.007812, 11.261160, 19, 1, 19, 0
5920, -0.007812, 11.261097, 19, 1, 19, 0
5930, -0.007812, 11.261026, 19, 1, 19, 0
5940, -0.007812, 11.260944, 19, 1, 19, 0
5950, -0.007812, 11.260852, 19, 1, 19, 0
5960, -0.007812, 11.260749, 19, 1, 19, 0
5970, -0.007812, 11.260635, 19, 1, 19, 0
5980, -0.007812, 11.260510, 19, 1, 19, 0
5990, -0.007812, 11.260374, 19, 1, 19, 0
6000, -0.007812, 11.260227, 19, 1, 19, 0
6010, -0.007812, 11.260069, 19, 1, 19, 0
6020, -0.007812, 11.259899, 19, 1, 19, 0
6030, -0.007812, 11.259715, 19, 1, 19, 0
6040, -0.007812, 11.259519, 19, 1, 19, 0
6050, -0.007812, 11.259312, 19, 1, 19, 0
6060, -0.007812, 11.259095, 19, 1, 19, 0
6070, -0.009115, 11.258864, 18, 1, 18, 0
6080, -0.011719, 11.258620, 19, 1, 19, 0
6090, -0.014323, 11.258360, 19, 1, 19, 0
6100, -0.015625, 11.258084, 19, 1, 19, 0
6110, -0.015625, 11.257794, 19, 1, 19, 0
6120, -0.015625, 11.257490, 19, 1, 19, 0
6130, -0.015625, 11.257171, 19, 1, 19, 0
6140, -0.015625, 11.256839, 19, 1, 19, 0
6150, -0.015625, 11.256491, 19, 1, 19, 0
6160, -0.015625, 11.256128, 19, 1, 19, 0
6170, -0.015625, 11.255751, 19, 1, 19, 0
6180, -0.015625, 11.255359, 19, 1, 19, 0
6190, -0.015625, 11.254950, 19, 1, 19, 0
6200, -0.016927, 11.254523, 20, 2, 19, 1
6210, -0.016927, 11.254077, 19, 1, 19, 0
6220, -0.016927, 11.253610, 19, 1, 19, 0
6230, -0.018229, 11.253121, 19, 1, 19, 0
6240, -0.020833, 11.252610, 19, 1, 19, 0
6250, -0.023438, 11.252075, 19, 1, 19, 0
6260, -0.023438, 11.251519, 19, 1, 19, 0
6270, -0.023438, 11.250949, 19, 1, 19, 0
6280, -0.023438, 11.250364, 19, 1, 19, 0
6290, -0.023438, 11.249761, 19, 1, 19, 0
6300, -0.023438, 11.249139, 19, 1, 19, 0
6310, -0.025918, 11.248498, 21, 2, 20, 1
6320, -0.027220, 11.247835, 20, 1, 20, 0
6330, -0.028522, 11.247153, 20, 1, 20, 0
6340, -0.028646, 11.246445, 19, 1, 19, 0
6350, -0.029948, 11.245699, 19, 1, 19, 0
6360, -0.031250, 11.244902, 19, 1, 19, 0
6370, -0.031250, 11.244088, 19, 1, 19, 0
6380, -0.031250, 11.243257, 19, 1, 19, 0
6390, -0.032552, 11.242413, 20, 1, 20, 0
6400, -0.033854, 11.241520, 20, 1, 20, 0
6410, -0.035156, 11.240612, 20, 1, 20, 0
6420, -0.035156, 11.239689, 20, 1, 20, 0
6430, -0.035156, 11.238753, 20, 1, 20, 0
6440, -0.036458, 11.237770, 19, 1, 19, 0
6450, -0.037760, 11.236774, 19, 1, 19, 0
6460, -0.040365, 11.235732, 20, 1, 20, 0
6470, -0.041667, 11.234678, 20, 1, 20, 0
6480, -0.044147, 11.233581, 21, 2, 20, 1
6490, -0.044147, 11.232475, 20, 1, 20, 0
6500, -0.044147, 11.231330, 20, 1, 20, 0
6510, -0.042969, 11.230178, 20, 1, 20, 0
6520, -0.044271, 11.228988, 21, 1, 21, 0
6530, -0.046875, 11.227755, 20, 1, 20, 0
6540, -0.049479, 11.226518, 20, 1, 20, 0
6550, -0.050781, 11.225246, 20, 1, 20, 0
6560, -0.051959, 11.223935, 21, 2, 20, 1
6570, -0.051959, 11.222589, 20, 1, 20, 0
6580, -0.053261, 11.221213, 21, 1, 21, 0
6590, -0.053385, 11.219809, 21, 1, 21, 0
6600, -0.054688, 11.218377, 21, 1, 21, 0
6610, -0.055990, 11.216925, 20, 1, 20, 0
6620, -0.057292, 11.215452, 20, 1, 20, 0
6630, -0.058594, 11.213960, 20, 1, 20, 0
6640, -0.058594, 11.212445, 20, 1, 20, 0
6650, -0.059896, 11.210910, 21, 1, 21, 0
6660, -0.061198, 11.209351, 21, 1, 21, 0
6670, -0.062500, 11.207773, 21, 1, 21, 0
6680, -0.062500, 11.206172, 21, 1, 21, 0
6690, -0.063802, 11.204556, 20, 1, 20, 0
6700, -0.065104, 11.202920, 20, 1, 20, 0
6710, -0.069010, 11.201265, 22, 3, 20, 1
6720, -0.069010, 11.199588, 20, 1, 20, 0
6730, -0.070312, 11.197896, 21, 1, 21, 0
6740, -0.069010, 11.196186, 21, 1, 21, 0
6750, -0.070312, 11.194464, 21, 1, 21, 0
6760, -0.070312, 11.192726, 21, 1, 21, 0
6770, -0.073165, 11.190972, 21, 2, 20, 1
6780, -0.076017, 11.189201, 21, 2, 20, 1
6790, -0.076154, 11.187414, 19, 2, 18, 1
6800, -0.074864, 11.185612, 20, 2, 18, 2
6810, -0.073575, 11.183799, 20, 2, 18, 2
6820, -0.073712, 11.181972, 19, 2, 18, 1
6830, -0.072423, 11.180135, 19, 2, 18, 1
6840, -0.074287, 11.178279, 19, 3, 17, 1
6850, -0.075605, 11.176411, 18, 2, 17, 1
6860, -0.076403, 11.174524, 17, 2, 16, 1
6870, -0.073589, 11.172631, 17, 2, 16, 1
6880, -0.072610, 11.170728, 17, 2, 16, 1
6890, -0.072151, 11.168816, 17, 2, 16, 1
6900, -0.072610, 11.166894, 17, 2, 16, 1
6910, -0.071998, 11.164961, 15, 1, 15, 0
6920, -0.071385, 11.163018, 15, 1, 15, 0
6930, -0.070312, 11.161073, 15, 1, 15, 0
6940, -0.069010, 11.159115, 14, 1, 14, 0
6950, -0.070573, 11.157154, 15, 2, 14, 1
6960, -0.072135, 11.155182, 15, 2, 14, 1
6970, -0.075174, 11.153209, 15, 2, 14, 1
6980, -0.073611, 11.151230, 13, 1, 13, 0
6990, -0.072049, 11.149250, 13, 1, 13, 0
7000, -0.070312, 11.147273, 13, 1, 13, 0
7010, -0.072516, 11.145298, 13, 2, 12, 1
7020, -0.074720, 11.143322, 13, 2, 12, 1
7030, -0.073417, 11.141341, 12, 1, 12, 0
7040, -0.071214, 11.139360, 11, 1, 11, 0
7050, -0.072266, 11.137386, 12, 2, 11, 1
7060, -0.079644, 11.135412, 12, 3, 10, 1
7070, -0.085720, 11.133439, 12, 3, 10, 1
7080, -0.085543, 11.131467, 11, 2, 10, 1
7090, -0.078164, 11.129509, 10, 1, 10, 0
7100, -0.070786, 11.127565, 10, 1, 10, 0
7110, -0.071875, 11.125638, 10, 2, 9, 1
7120, -0.081463, 11.123718, 11, 3, 9, 1
7130, -0.091051, 11.121794, 11, 3, 9, 1
7140, -0.091051, 11.119872, 10, 2, 9, 1
7150, -0.086932, 11.117963, 10, 2, 9, 1
7160, -0.082813, 11.116087, 10, 2, 9, 1
7170, -0.088281, 11.114226, 10, 2, 8, 2
7180, -0.093750, 11.112375, 10, 2, 8, 2
7190, -0.099219, 11.110534, 10, 2, 8, 2
7200, -0.099219, 11.108743, 10, 2, 8, 2
7210, -0.099219, 11.106969, 10, 2, 8, 2
7220, -0.095660, 11.105217, 9, 2, 8, 1
7230, -0.099045, 11.103488, 11, 2, 8, 3
7240, -0.104514, 11.101773, 10, 2, 7, 3
7250, -0.113542, 11.100066, 10, 2, 7, 3
7260, -0.115625, 11.098364, 10, 2, 7, 3
7270, -0.115625, 11.096678, 10, 2, 7, 3
7280, -0.115625, 11.095015, 10, 2, 7, 3
7290, -0.115625, 11.093374, 10, 2, 7, 3
7300, -0.115625, 11.091755, 10, 2, 7, 3
7310, -0.122005, 11.090265, 12, 3, 7, 4
7320, -0.130812, 11.088982, 11, 3, 6, 4
7330, -0.136281, 11.087985, 10, 2, 6, 4
7340, -0.135369, 11.087232, 10, 2, 6, 4
7350, -0.132031, 11.086643, 10, 2, 6, 4
7360, -0.132031, 11.086133, 10, 2, 6, 4
7370, -0.133712, 11.085697, 11, 2, 6, 5
7380, -0.135393, 11.085301, 11, 2, 6, 5
7390, -0.139560, 11.084968, 12, 2, 6, 6
7400, -0.142045, 11.084633, 12, 2, 6, 6
7410, -0.144531, 11.084341, 12, 2, 6, 6
7420, -0.147017, 11.084142, 11, 2, 6, 5
7430, -0.149503, 11.084015, 11, 2, 6, 5
7440, -0.154711, 11.083985, 12, 3, 6, 5
7450, -0.157434, 11.084017, 12, 3, 6, 5
7460, -0.157434, 11.084130, 11, 2, 6, 5
7470, -0.155481, 11.084319, 12, 2, 7, 5
7480, -0.153527, 11.084557, 12, 2, 7, 5
7490, -0.154297, 11.084865, 12, 2, 7, 5
7500, -0.154297, 11.085237, 12, 2, 7, 5
7510, -0.154297, 11.085665, 12, 2, 7, 5
7520, -0.154297, 11.086142, 12, 2, 7, 5
7530, -0.154297, 11.086659, 12, 2, 7, 5
7540, -0.153527, 11.087209, 11, 2, 6, 5
7550, -0.150272, 11.087789, 12, 2, 6, 6
7560, -0.144531, 11.088394, 11, 2, 6, 5
7570, -0.139560, 11.089024, 11, 2, 6, 5
7580, -0.139343, 11.089676, 12, 3, 6, 5
7590, -0.139343, 11.090348, 11, 2, 6, 5
7600, -0.139343, 11.091032, 11, 2, 6, 5
7610, -0.137074, 11.091724, 11, 2, 6, 5
7620, -0.135364, 11.092423, 9, 2, 5, 4
7630, -0.133654, 11.093125, 9, 2, 5, 4
7640, -0.131944, 11.093830, 9, 2, 5, 4
7650, -0.131944, 11.094535, 9, 2, 5, 4
7660, -0.131997, 11.095237, 11, 3, 6, 4
7670, -0.129422, 11.095930, 10, 2, 6, 4
7680, -0.123635, 11.096620, 9, 2, 6, 3
7690, -0.118663, 11.097304, 8, 2, 5, 3
7700, -0.116319, 11.097982, 8, 2, 5, 3
7710, -0.117188, 11.098653, 8, 2, 5, 3
7720, -0.113095, 11.099318, 7, 2, 5, 2
7730, -0.106585, 11.099970, 8, 2, 6, 2
7740, -0.100074, 11.100608, 8, 2, 6, 2
7750, -0.097656, 11.101294, 8, 2, 6, 2
7760, -0.098214, 11.102005, 7, 2, 5, 2
7770, -0.093440, 11.102703, 6, 2, 5, 1
7780, -0.086558, 11.103383, 7, 2, 6, 1
7790, -0.083395, 11.104035, 8, 2, 6, 2
7800, -0.085565, 11.104674, 8, 2, 6, 2
7810, -0.085193, 11.105303, 7, 2, 6, 1
7820, -0.080543, 11.105907, 7, 2, 6, 1
7830, -0.074033, 11.106493, 8, 2, 7, 1
7840, -0.071801, 11.107051, 7, 2, 6, 1
7850, -0.063430, 11.107602, 6, 1, 6, 0
7860, -0.056920, 11.108123, 6, 1, 6, 0
7870, -0.050781, 11.108630, 6, 1, 6, 0
7880, -0.049479, 11.109116, 7, 1, 7, 0
7890, -0.048177, 11.109586, 7, 1, 7, 0
7900, -0.046875, 11.110037, 7, 1, 7, 0
7910, -0.046875, 11.110466, 7, 1, 7, 0
7920, -0.044271, 11.110876, 7, 1, 7, 0
7930, -0.041667, 11.111259, 7, 1, 7, 0
7940, -0.039062, 11.111614, 7, 1, 7, 0
7950, -0.039062, 11.111948, 7, 1, 7, 0
7960, -0.037760, 11.112262, 8, 1, 8, 0
7970, -0.036458, 11.112558, 8, 1, 8, 0
7980, -0.035156, 11.112826, 8, 1, 8, 0
7990, -0.035156, 11.113070, 8, 1, 8, 0
8000, -0.032552, 11.113289, 8, 1, 8, 0
8010, -0.029948, 11.113485, 8, 1, 8, 0
8020, -0.027344, 11.113656, 8, 1, 8, 0
8030, -0.027344, 11.113803, 8, 1, 8, 0
8040, -0.026042, 11.113924, 9, 1, 9, 0
8050, -0.024740, 11.114019, 9, 1, 9, 0
8060, -0.023438, 11.114087, 9, 1, 9, 0
8070, -0.022135, 11.114126, 8, 1, 8, 0
8080, -0.019531, 11.114140, 9, 1, 9, 0
8090, -0.016927, 11.114127, 9, 1, 9, 0
8100, -0.015625, 11.114090, 9, 1, 9, 0
8110, -0.014323, 11.114028, 10, 1, 10, 0
8120, -0.013021, 11.113937, 10, 1, 10, 0
8130, -0.011719, 11.113815, 10, 1, 10, 0
8140, -0.011719, 11.113665, 10, 1, 10, 0
8150, -0.011719, 11.113487, 12, 1, 12, 0
8160, -0.011719, 11.113281, 12, 1, 12, 0
8170, -0.013021, 11.113040, 13, 1, 13, 0
8180, -0.013021, 11.112768, 14, 1, 14, 0
8190, -0.013021, 11.112464, 14, 1, 14, 0
8200, -0.011719, 11.112128, 14, 1, 14, 0
8210, -0.010417, 11.111747, 15, 1, 15, 0
8220, -0.009115, 11.111336, 15, 1, 15, 0
8230, -0.007812, 11.110898, 15, 1, 15, 0
8240, -0.007812, 11.110431, 15, 1, 15, 0
8250, -0.008425, 11.109932, 17, 2, 16, 1
8260, -0.007123, 11.109401, 16, 1, 16, 0
8270, -0.007583, 11.108832, 17, 2, 16, 1
8280, -0.006102, 11.108226, 18, 2, 17, 1
8290, -0.006825, 11.107583, 18, 2, 17, 1
8300, -0.005353, 11.106906, 18, 2, 17, 1
8310, -0.002749, 11.106166, 18, 2, 17, 1
8320, 0.000145, 11.105390, 18, 2, 17, 1
8330, 0.002749, 11.104523, 18, 2, 17, 1
8340, 0.004211, 11.103484, 19, 2, 18, 1
8350, 0.006815, 11.102292, 18, 2, 17, 1
8360, 0.010398, 11.100948, 17, 2, 16, 1
8370, 0.013764, 11.099476, 16, 2, 15, 1
8380, 0.017063, 11.097880, 15, 2, 14, 1
8390, 0.017676, 11.096198, 15, 3, 13, 1
8400, 0.017932, 11.094453, 14, 3, 12, 1
8410, 0.022619, 11.092672, 10, 2, 9, 1
8420, 0.028869, 11.090854, 10, 2, 9, 1
8430, 0.034375, 11.088990, 10, 2, 9, 1
8440, 0.034375, 11.087072, 10, 2, 9, 1
8450, 0.034375, 11.085092, 10, 2, 9, 1
8460, 0.034375, 11.083051, 10, 2, 9, 1
8470, 0.034375, 11.080963, 10, 2, 9, 1
8480, 0.030256, 11.078853, 11, 3, 9, 1
8490, 0.023138, 11.076686, 12, 4, 9, 1
8500, 0.015028, 11.074466, 14, 3, 9, 3
8510, 0.012153, 11.072196, 14, 3, 9, 4
8520, 0.010905, 11.069880, 16, 2, 15, 1
8530, 0.010649, 11.067518, 16, 2, 15, 1
8540, 0.006040, 11.065117, 18, 3, 16, 1
8550, 0.003599, 11.062678, 16, 2, 15, 1
8560, -0.000719, 11.060200, 17, 2, 15, 2
8570, -0.000086, 11.057690, 16, 2, 15, 1
8580, -0.002575, 11.055145, 17, 3, 15, 1
8590, -0.000862, 11.052572, 16, 2, 15, 1
8600, -0.002392, 11.049839, 15, 2, 14, 1
8610, -0.000553, 11.047095, 14, 2, 13, 1
8620, -0.003819, 11.044340, 15, 3, 13, 1
8630, -0.000174, 11.041587, 13, 1, 13, 0
8640, -0.001776, 11.038830, 13, 2, 12, 1
8650, -0.003005, 11.035931, 13, 3, 11, 1
8660, -0.000401, 11.033025, 9, 1, 9, 0
8670, 0.003806, 11.030118, 9, 1, 9, 0
8680, 0.005469, 11.027218, 10, 2, 9, 1
8690, 0.002865, 11.024193, 9, 1, 9, 0
8700, 0.002865, 11.021173, 9, 1, 9, 0
8710, 0.000868, 11.018160, 9, 2, 8, 1
8720, -0.000434, 11.015024, 8, 1, 8, 0
8730, -0.001736, 11.011906, 8, 1, 8, 0
8740, -0.004340, 11.008681, 9, 2, 8, 1
8750, -0.006944, 11.005492, 8, 1, 8, 0
8760, -0.009549, 11.002335, 8, 1, 8, 0
8770, -0.015914, 10.999092, 9, 3, 7, 1
8780, -0.022750, 10.995756, 8, 2, 7, 1
8790, -0.024052, 10.992461, 7, 1, 7, 0
8800, -0.026657, 10.989093, 9, 3, 7, 1
8810, -0.029261, 10.985783, 8, 2, 7, 1
8820, -0.047490, 10.982411, 10, 4, 7, 1
8830, -0.049154, 10.978974, 8, 2, 6, 2
8840, -0.051432, 10.975491, 7, 2, 6, 1
8850, -0.053747, 10.972086, 9, 3, 6, 2
8860, -0.057002, 10.968647, 7, 2, 5, 2
8870, -0.064164, 10.965175, 8, 2, 6, 2
8880, -0.069401, 10.961674, 10, 3, 6, 3
8890, -0.075586, 10.958153, 8, 2, 5, 3
8900, -0.086943, 10.954728, 9, 3, 5, 3
8910, -0.089229, 10.951272, 9, 2, 5, 4
8920, -0.096065, 10.947800, 8, 2, 4, 4
8930, -0.102431, 10.944291, 9, 3, 4, 4
8940, -0.106916, 10.940774, 10, 2, 5, 5
8950, -0.111256, 10.937243, 9, 2, 5, 4
8960, -0.115728, 10.933806, 11, 3, 6, 4
8970, -0.122238, 10.930494, 11, 2, 7, 4
8980, -0.128835, 10.927187, 10, 2, 7, 3
8990, -0.134044, 10.923869, 11, 3, 7, 3
9000, -0.139252, 10.920536, 11, 2, 8, 3
9010, -0.144413, 10.917189, 11, 2, 9, 2
9020, -0.149128, 10.913835, 12, 3, 9, 2
9030, -0.151532, 10.910478, 13, 2, 10, 3
9040, -0.150500, 10.907130, 14, 2, 11, 3
9050, -0.150978, 10.903802, 15, 3, 12, 2
9060, -0.152480, 10.900499, 14, 2, 12, 2
9070, -0.155816, 10.897223, 15, 2, 13, 2
9080, -0.159635, 10.893967, 15, 3, 13, 1
9090, -0.163542, 10.890738, 14, 2, 13, 1
9100, -0.168390, 10.887521, 14, 2, 13, 1
9110, -0.170821, 10.884326, 15, 3, 13, 1
9120, -0.176029, 10.881160, 13, 1, 13, 0
9130, -0.180122, 10.878032, 14, 1, 14, 0
9140, -0.184115, 10.874940, 15, 2, 14, 1
9150, -0.187240, 10.871876, 15, 2, 14, 1
9160, -0.186138, 10.868836, 13, 2, 12, 1
9170, -0.184687, 10.865832, 14, 2, 12, 2
9180, -0.184166, 10.862869, 14, 3, 12, 1
9190, -0.185168, 10.859962, 13, 2, 12, 1
9200, -0.182192, 10.857095, 12, 1, 12, 0
9210, -0.181481, 10.854273, 11, 2, 10, 1
9220, -0.182173, 10.851485, 11, 2, 10, 1
9230, -0.182173, 10.848742, 10, 1, 10, 0
9240, -0.181463, 10.846126, 11, 2, 10, 1
9250, -0.183692, 10.843560, 12, 3, 10, 1
9260, -0.189118, 10.841023, 12, 3, 10, 1
9270, -0.189118, 10.838589, 11, 2, 10, 1
9280, -0.186415, 10.836188, 11, 2, 10, 1
9290, -0.186849, 10.833824, 12, 3, 10, 1
9300, -0.189690, 10.831566, 11, 3, 9, 1
9310, -0.188790, 10.829334, 10, 2, 9, 1
9320, -0.187547, 10.827202, 11, 2, 9, 2
9330, -0.190033, 10.825115, 12, 3, 9, 2
9340, -0.196023, 10.823120, 12, 3, 9, 2
9350, -0.199219, 10.821325, 12, 3, 9, 2
9360, -0.196023, 10.819935, 11, 2, 9, 2
9370, -0.195372, 10.819042, 12, 2, 9, 3
9380, -0.197759, 10.818567, 12, 3, 8, 3
9390, -0.203342, 10.818453, 12, 3, 8, 3
9400, -0.203164, 10.818559, 11, 2, 8, 3
9410, -0.202513, 10.818782, 12, 2, 8, 4
9420, -0.201862, 10.819028, 12, 2, 8, 4
9430, -0.209418, 10.819299, 12, 3, 7, 4
9440, -0.214410, 10.819667, 12, 3, 7, 4
9450, -0.216343, 10.820084, 11, 2, 7, 4
9460, -0.215692, 10.820614, 12, 2, 7, 5
9470, -0.215041, 10.821285, 12, 2, 7, 5
9480, -0.217448, 10.822098, 12, 2, 7, 5
9490, -0.217448, 10.823044, 12, 2, 7, 5
9500, -0.218483, 10.824105, 13, 2, 7, 6
9510, -0.219518, 10.825282, 13, 2, 7, 6
9520, -0.220553, 10.826556, 13, 2, 7, 6
9530, -0.220553, 10.827918, 13, 2, 7, 6
9540, -0.221554, 10.829501, 13, 3, 7, 5
9550, -0.220519, 10.831149, 12, 2, 7, 5
9560, -0.219485, 10.832836, 12, 2, 7, 5
9570, -0.217448, 10.834555, 12, 2, 7, 5
9580, -0.219485, 10.836438, 13, 3, 7, 5
9590, -0.221521, 10.838345, 13, 3, 7, 5
9600, -0.221521, 10.840403, 12, 2, 7, 5
9610, -0.222322, 10.842439, 13, 3, 7, 5
9620, -0.220286, 10.844590, 12, 2, 7, 5
9630, -0.220286, 10.846700, 12, 2, 7, 5
9640, -0.217448, 10.848907, 12, 2, 7, 5
9650, -0.217448, 10.851192, 12, 2, 7, 5
9660, -0.215041, 10.853419, 11, 2, 7, 4
9670, -0.212634, 10.855698, 11, 2, 7, 4
9680, -0.210227, 10.858029, 11, 2, 7, 4
9690, -0.210227, 10.860398, 11, 2, 7, 4
9700, -0.203433, 10.862805, 10, 2, 8, 2
9710, -0.196638, 10.865201, 10, 2, 8, 2
9720, -0.189844, 10.867573, 10, 2, 8, 2
9730, -0.189844, 10.869927, 10, 2, 8, 2
9740, -0.186458, 10.872291, 9, 2, 8, 1
9750, -0.183073, 10.874646, 9, 2, 8, 1
9760, -0.182552, 10.876985, 10, 2, 8, 2
9770, -0.180729, 10.879322, 10, 2, 9, 1
9780, -0.175521, 10.881639, 9, 1, 9, 0
9790, -0.170833, 10.883925, 10, 2, 9, 1
9800, -0.170833, 10.886182, 10, 2, 9, 1
9810, -0.170833, 10.888430, 9, 1, 9, 0
9820, -0.166146, 10.890668, 10, 1, 10, 0
9830, -0.161458, 10.892868, 10, 1, 10, 0
9840, -0.160156, 10.895022, 10, 1, 10, 0
9850, -0.160156, 10.897155, 10, 1, 10, 0
9860, -0.160156, 10.899275, 10, 1, 10, 0
9870, -0.158854, 10.901376, 11, 1, 11, 0
9880, -0.157552, 10.903450, 11, 1, 11, 0
9890, -0.156250, 10.905486, 11, 1, 11, 0
9900, -0.156250, 10.907495, 11, 1, 11, 0
9910, -0.156250, 10.909482, 11, 1, 11, 0
9920, -0.156250, 10.911446, 11, 1, 11, 0
9930, -0.154948, 10.913377, 12, 1, 12, 0
9940, -0.153646, 10.915278, 12, 1, 12, 0
9950, -0.153646, 10.917150, 13, 1, 13, 0
9960, -0.154948, 10.919129, 13, 1, 13, 0
9970, -0.156250, 10.921088, 13, 1, 13, 0
9980, -0.156250, 10.923015, 13, 1, 13, 0
9990, -0.154948, 10.924918, 14, 1, 14, 0
10000, -0.154948, 10.926776, 15, 2, 14, 1
10010, -0.153646, 10.928606, 14, 1, 14, 0
10020, -0.153646, 10.930389, 14, 2, 13, 1
10030, -0.151042, 10.932147, 13, 1, 13, 0
10040, -0.149740, 10.933866, 13, 2, 12, 1
10050, -0.145833, 10.935548, 13, 1, 13, 0
10060, -0.143229, 10.937180, 13, 2, 12, 1
10070, -0.139323, 10.938778, 12, 1, 12, 0
10080, -0.135417, 10.940333, 12, 1, 12, 0
10090, -0.131510, 10.941846, 12, 1, 12, 0
10100, -0.127604, 10.943310, 11, 1, 11, 0
10110, -0.125000, 10.944742, 12, 1, 12, 0
10120, -0.121094, 10.946137, 11, 1, 11, 0
10130, -0.118490, 10.947494, 11, 2, 10, 1
10140, -0.114583, 10.948816, 11, 1, 11, 0
10150, -0.110677, 10.950106, 10, 1, 10, 0
10160, -0.110677, 10.951364, 7, 1, 7, 0
10170, -0.111979, 10.952608, 6, 1, 6, 0
10180, -0.113281, 10.953794, 5, 1, 5, 0
10190, -0.103299, 10.954962, 6, 2, 5, 1
10200, -0.090278, 10.956073, 4, 2, 3, 1
10210, -0.078559, 10.957102, 4, 2, 3, 1
10220, -0.065104, 10.958062, 5, 2, 3, 2
10230, -0.057726, 10.958952, 3, 2, 2, 1
10240, -0.042101, 10.959806, 4, 2, 2, 2
10250, -0.025608, 10.960585, 3, 2, 2, 1
10260, -0.022135, 10.961279, 3, 2, 2, 1
10270, -0.009549, 10.961972, 3, 2, 2, 1
10280, 0.010417, 10.962611, 1, 1, 1, 0
10290, 0.023003, 10.962935, 2, 2, 1, 1
10300, -0.003906, 10.962981, 1, 1, 1, 0
10310, -0.048177, 10.962880, 1, 1, 1, 0
10320, -0.069010, 10.962796, 2, 1, 2, 0
10330, -0.066406, 10.962630, 1, 1, 1, 0
10340, -0.063802, 10.962260, 1, 1, 1, 0
10350, -0.061198, 10.961701, 2, 1, 2, 0
10360, -0.058594, 10.960984, 1, 1, 1, 0
10370, -0.055990, 10.960255, 1, 1, 1, 0
10380, -0.054688, 10.959523, 1, 1, 1, 0
10390, -0.054688, 10.958802, 1, 1, 1, 0
10400, -0.054688, 10.957975, 1, 1, 1, 0
10410, -0.054688, 10.957026, 1, 1, 1, 0
10420, 99999.990000, 10.955927, 0, 1, 0, 0
10430, 99999.990000, 10.954717, 0, 1, 0, 0
10440, 99999.990000, 10.953412, 0, 1, 0, 0
10450, 99999.990000, 10.952007, 0, 1, 0, 0
10460, 99999.990000, 10.950543, 0, 1, 0, 0
10470, 99999.990000, 10.949004, 0, 1, 0, 0
10480, 99999.990000, 10.947428, 0, 1, 0, 0
10490, 99999.990000, 10.945801, 0, 1, 0, 0
10500, 99999.990000, 10.944113, 0, 1, 0, 0
10510, 99999.990000, 10.942365, 0, 1, 0, 0
10520, 99999.990000, 10.940589, 0, 1, 0, 0
10530, 99999.990000, 10.938758, 0, 1, 0, 0
10540, 99999.990000, 10.936873, 0, 1, 0, 0
10550, 99999.990000, 10.934938, 0, 1, 0, 0
10560, 99999.990000, 10.932955, 0, 1, 0, 0
10570, 99999.990000, 10.930927, 0, 1, 0, 0
10580, 99999.990000, 10.928852, 0, 1, 0, 0
10590, 99999.990000, 10.926735, 0, 1, 0, 0
10600, -0.026042, 10.924585, 1, 1, 1, 0
10610, -0.052083, 10.922395, 1, 1, 1, 0
10620, -0.078125, 10.920152, 1, 1, 1, 0
10630, -0.078125, 10.917861, 1, 1, 1, 0
10640, 99999.990000, 10.915538, 0, 1, 0, 0
10650, 99999.990000, 10.913177, 0, 1, 0, 0
10660, 0.033854, 10.910771, 1, 1, 1, 0
10670, 0.067708, 10.908321, 1, 1, 1, 0
10680, 0.074219, 10.905755, 2, 2, 1, 1
10690, 0.046875, 10.903103, 2, 2, 1, 1
10700, -0.011719, 10.900396, 2, 2, 1, 1
10710, -0.042969, 10.897671, 2, 2, 1, 1
10720, -0.070312, 10.894907, 1, 1, 1, 0
10730, -0.066406, 10.892102, 1, 1, 1, 0
10740, -0.062500, 10.889264, 1, 1, 1, 0
10750, -0.062500, 10.886261, 1, 1, 1, 0
10760, -0.062500, 10.883208, 1, 1, 1, 0
10770, -0.063802, 10.880118, 2, 1, 2, 0
10780, -0.068142, 10.876994, 3, 2, 2, 1
10790, -0.074653, 10.873827, 4, 3, 2, 1
10800, -0.077691, 10.870492, 3, 2, 2, 1
10810, -0.074653, 10.867115, 2, 1, 2, 0
10820, -0.068142, 10.863714, 3, 1, 3, 0
10830, -0.063802, 10.860288, 3, 1, 3, 0
10840, -0.065755, 10.856830, 4, 2, 3, 1
10850, -0.069401, 10.853213, 5, 2, 4, 1
10860, -0.073047, 10.849557, 5, 2, 4, 1
10870, -0.071094, 10.845875, 4, 1, 4, 0
10880, -0.068750, 10.842173, 4, 1, 4, 0
10890, -0.067708, 10.838329, 6, 2, 5, 1
10900, -0.069010, 10.834460, 6, 2, 5, 1
10910, -0.071057, 10.830575, 7, 2, 6, 1
10920, -0.069754, 10.826571, 6, 1, 6, 0
10930, -0.067150, 10.822557, 7, 1, 7, 0
10940, -0.067853, 10.818543, 9, 2, 7, 2
10950, -0.070602, 10.814419, 9, 2, 7, 2
10960, -0.070602, 10.810286, 9, 1, 9, 0
10970, -0.063473, 10.806157, 11, 2, 9, 2
10980, -0.059050, 10.801919, 14, 2, 12, 2
10990, -0.058678, 10.797685, 14, 2, 12, 2
11000, -0.057850, 10.793456, 12, 1, 12, 0
11010, -0.055618, 10.789146, 13, 1, 13, 0
11020, -0.056858, 10.784840, 15, 2, 13, 2
11030, -0.060020, 10.780453, 14, 2, 13, 1
11040, -0.061322, 10.776081, 12, 1, 12, 0
11050, -0.060454, 10.771733, 13, 1, 13, 0
11060, -0.064670, 10.767327, 15, 2, 13, 2
11070, -0.065972, 10.762938, 13, 1, 13, 0
11080, -0.065972, 10.758579, 13, 1, 13, 0
11090, -0.063802, 10.754147, 14, 1, 14, 0
11100, -0.066927, 10.749744, 15, 2, 14, 1
11110, -0.069531, 10.745368, 13, 1, 13, 0
11120, -0.072135, 10.740943, 14, 1, 14, 0
11130, -0.074740, 10.736547, 15, 2, 14, 1
11140, -0.076042, 10.732189, 14, 1, 14, 0
11150, -0.076042, 10.727867, 14, 1, 14, 0
11160, -0.077311, 10.723576, 16, 2, 15, 1
11170, -0.080404, 10.719236, 16, 2, 15, 1
11180, -0.081706, 10.714926, 15, 1, 15, 0
11190, -0.081217, 10.710652, 14, 1, 14, 0
11200, -0.083822, 10.706421, 16, 2, 15, 1
11210, -0.086426, 10.702224, 15, 1, 15, 0
11220, -0.087728, 10.698063, 15, 1, 15, 0
11230, -0.089001, 10.693998, 17, 2, 16, 1
11240, -0.091280, 10.689971, 16, 3, 13, 2
11250, -0.090350, 10.685979, 14, 2, 13, 1
11260, -0.086356, 10.682025, 14, 2, 13, 1
11270, -0.085640, 10.678114, 15, 3, 13, 1
11280, -0.087171, 10.674245, 13, 2, 12, 1
11290, -0.086799, 10.670570, 12, 1, 12, 0
11300, -0.086839, 10.667222, 13, 2, 12, 1
11310, -0.084936, 10.664294, 12, 1, 12, 0
11320, -0.084936, 10.661722, 12, 1, 12, 0
11330, -0.084201, 10.659433, 12, 2, 11, 1
11340, -0.086372, 10.657323, 12, 2, 11, 1
11350, -0.085069, 10.655329, 11, 1, 11, 0
11360, -0.087607, 10.653465, 13, 3, 11, 1
11370, -0.091730, 10.651705, 12, 3, 10, 1
11380, -0.095991, 10.650035, 11, 2, 10, 1
11390, -0.096926, 10.648436, 12, 2, 10, 2
11400, -0.099347, 10.646933, 13, 3, 10, 2
11410, -0.099584, 10.645548, 11, 2, 10, 1
11420, -0.101635, 10.644242, 11, 2, 9, 2
11430, -0.100616, 10.643082, 11, 2, 9, 2
11440, -0.108487, 10.642067, 12, 3, 9, 2
11450, -0.111210, 10.641183, 12, 2, 9, 3
11460, -0.113932, 10.640426, 12, 2, 9, 3
11470, -0.113281, 10.639791, 12, 2, 9, 3
11480, -0.116386, 10.639276, 13, 3, 9, 3
11490, -0.121595, 10.638870, 14, 3, 9, 4
11500, -0.122246, 10.638564, 12, 2, 9, 3
11510, -0.119792, 10.638356, 12, 2, 9, 3
11520, -0.115234, 10.638248, 12, 2, 9, 3
11530, -0.120722, 10.638239, 14, 3, 9, 4
11540, -0.126209, 10.638311, 14, 3, 9, 4
11550, -0.131696, 10.638235, 14, 3, 9, 4
11560, -0.128863, 10.638282, 13, 2, 9, 4
11570, -0.126030, 10.638571, 13, 2, 9, 4
11580, -0.123197, 10.639088, 13, 2, 9, 4
11590, -0.121194, 10.639754, 12, 2, 9, 3
11600, -0.121085, 10.640472, 11, 2, 8, 3
11610, -0.126522, 10.641157, 14, 3, 9, 4
11620, -0.131129, 10.641746, 13, 2, 9, 4
11630, -0.131188, 10.642203, 12, 2, 9, 3
11640, -0.125701, 10.642470, 12, 2, 9, 3
11650, -0.123047, 10.642582, 12, 2, 9, 3
11660, -0.125701, 10.642566, 13, 3, 9, 3
11670, -0.127536, 10.642438, 11, 2, 8, 3
11680, -0.129371, 10.642063, 11, 2, 8, 3
11690, -0.128551, 10.641484, 11, 2, 8, 3
11700, -0.131274, 10.640743, 12, 2, 8, 4
11710, -0.131984, 10.639874, 11, 2, 8, 3
11720, -0.132694, 10.638894, 11, 2, 8, 3
11730, -0.133345, 10.637820, 12, 3, 8, 3
11740, -0.136009, 10.636653, 12, 3, 8, 3
11750, -0.136009, 10.635415, 11, 2, 8, 3
11760, -0.133345, 10.634069, 11, 2, 8, 3
11770, -0.130682, 10.632601, 11, 2, 8, 3
11780, -0.130682, 10.631001, 11, 2, 8, 3
11790, -0.127486, 10.629257, 10, 2, 8, 2
11800, -0.122514, 10.627395, 11, 2, 9, 2
11810, -0.117235, 10.625209, 10, 2, 8, 2
11820, -0.117827, 10.622663, 11, 2, 8, 3
11830, -0.120194, 10.619988, 11, 2, 8, 3
11840, -0.122869, 10.617135, 11, 2, 8, 3
11850, -0.122869, 10.614493, 11, 2, 8, 3
11860, -0.123059, 10.612022, 10, 2, 7, 3
11870, -0.117779, 10.609368, 10, 2, 8, 2
11880, -0.112500, 10.606488, 10, 2, 8, 2
11890, -0.107031, 10.603371, 10, 2, 8, 2
11900, -0.104427, 10.600008, 10, 3, 7, 2
11910, -0.100000, 10.596434, 8, 2, 7, 1
11920, -0.093837, 10.592636, 9, 2, 8, 1
11930, -0.087384, 10.588553, 9, 3, 7, 1
11940, -0.084780, 10.583704, 8, 2, 7, 1
11950, -0.085735, 10.577087, 10, 3, 8, 1
11960, -0.085482, 10.570377, 8, 2, 7, 1
11970, -0.076367, 10.563620, 8, 1, 8, 0
11980, -0.064128, 10.557397, 7, 1, 7, 0
11990, -0.054688, 10.551672, 8, 1, 8, 0
12000, -0.050781, 10.545700, 7, 1, 7, 0
12010, -0.044994, 10.539476, 9, 2, 8, 1
12020, -0.044560, 10.533007, 9, 2, 8, 1
12030, -0.037269, 10.526303, 10, 2, 8, 2
12040, -0.038715, 10.519520, 9, 2, 8, 1
12050, -0.027691, 10.512503, 10, 3, 8, 1
12060, -0.027170, 10.505236, 7, 1, 7, 0
12070, -0.016211, 10.497718, 8, 2, 7, 1
12080, -0.015951, 10.489951, 7, 1, 7, 0
12090, -0.008138, 10.481935, 8, 2, 7, 1
12100, -0.000579, 10.473674, 9, 3, 6, 2
12110, -0.000207, 10.465169, 7, 2, 6, 1
12120, 0.002397, 10.456423, 5, 1, 5, 0
12130, 0.007440, 10.447435, 7, 2, 5, 2
12140, 0.021391, 10.438133, 2, 1, 2, 0
12150, 0.036365, 10.428456, 4, 2, 2, 2
12160, 0.047526, 10.418404, 3, 3, 1, 1
12170, 0.059245, 10.408035, 2, 2, 1, 1
12180, 0.061198, 10.397377, 2, 2, 1, 1
12190, 0.063802, 10.386523, 2, 2, 1, 1
12200, 99999.990000, 10.375518, 0, 2, 0, 0
12210, 0.031250, 10.364358, 1, 1, 1, 0
12220, 0.052083, 10.353017, 1, 1, 1, 0
12230, 0.070312, 10.341502, 5, 4, 2, 1
12240, 0.061198, 10.329773, 2, 1, 2, 0
12250, 0.069661, 10.317823, 4, 2, 2, 2
12260, 0.082682, 10.305652, 3, 2, 2, 1
12270, 0.090234, 10.293267, 5, 2, 3, 2
12280, 0.091443, 10.280667, 7, 4, 4, 1
12290, 0.088839, 10.267861, 6, 2, 4, 2
12300, 0.084077, 10.254858, 7, 2, 6, 1
12310, 0.079613, 10.241667, 9, 2, 7, 2
12320, 0.074144, 10.228294, 10, 2, 9, 1
12330, 0.071517, 10.214744, 16, 3, 13, 2
12340, 0.063332, 10.201025, 14, 2, 13, 1
12350, 0.061151, 10.187137, 16, 2, 14, 2
12360, 0.060826, 10.173082, 16, 3, 14, 1
12370, 0.066569, 10.158874, 16, 2, 14, 2
12380, 0.067274, 10.144553, 15, 2, 14, 1
12390, 0.070118, 10.130266, 17, 2, 15, 2
12400, 0.071487, 10.115858, 17, 3, 15, 1
12410, 0.075827, 10.101339, 18, 2, 16, 2
12420, 0.078972, 10.086716, 19, 2, 16, 3
12430, 0.079465, 10.071997, 18, 2, 17, 1
12440, 0.082069, 10.057191, 16, 4, 12, 2
12450, 0.084871, 10.042307, 16, 5, 12, 1
12460, 0.087012, 10.027351, 15, 3, 12, 2
12470, 0.088574, 10.012331, 15, 3, 11, 3
12480, 0.091016, 9.997256, 16, 4, 11, 2
12490, 0.089653, 9.982133, 13, 3, 10, 2
12500, 0.095090, 9.966973, 16, 4, 10, 3
12510, 0.095567, 9.951780, 15, 3, 9, 4
12520, 0.106478, 9.936563, 15, 4, 8, 5
12530, 0.109896, 9.921320, 15, 3, 7, 6
12540, 0.120313, 9.906061, 15, 3, 6, 6
12550, 0.128733, 9.890789, 14, 4, 7, 5
12560, 0.137359, 9.875511, 16, 3, 9, 5
12570, 0.143354, 9.860234, 17, 3, 9, 5
12580, 0.151396, 9.844966, 17, 3, 10, 4
12590, 0.156767, 9.829713, 16, 3, 11, 3
12600, 0.166982, 9.814483, 19, 4, 13, 3
12610, 0.173875, 9.799274, 17, 4, 10, 3
12620, 0.178975, 9.784095, 15, 5, 10, 2
12630, 0.179308, 9.768952, 14, 3, 10, 2
12640, 0.185206, 9.753860, 14, 3, 8, 3
12650, 0.198986, 9.738819, 16, 4, 8, 4
12660, 0.206576, 9.723841, 15, 3, 8, 4
12670, 0.204529, 9.708921, 14, 3, 8, 5
12680, 0.209489, 9.694070, 17, 5, 7, 6
12690, 0.217087, 9.679288, 17, 4, 7, 6
12700, 0.227922, 9.664836, 16, 3, 7, 6
12710, 0.228228, 9.650854, 17, 3, 9, 5
12720, 0.229760, 9.637440, 17, 3, 9, 5
12730, 0.233269, 9.624611, 18, 3, 10, 5
12740, 0.238745, 9.612369, 16, 4, 7, 4
12750, 0.246711, 9.600702, 17, 4, 8, 4
12760, 0.253025, 9.589591, 17, 5, 8, 3
12770, 0.257843, 9.579004, 15, 4, 7, 3
12780, 0.261826, 9.568889, 17, 4, 7, 5
12790, 0.269485, 9.560519, 17, 4, 7, 6
12800, 0.276025, 9.559962, 18, 4, 7, 7
12810, 0.281509, 9.559840, 15, 3, 7, 6
12820, 0.286921, 9.560122, 15, 3, 8, 5
12830, 0.295168, 9.560716, 18, 3, 10, 5
12840, 0.304543, 9.561688, 17, 4, 6, 5
12850, 0.311921, 9.563113, 18, 4, 6, 5
12860, 0.317325, 9.564707, 17, 4, 6, 4
12870, 0.322244, 9.566467, 18, 4, 6, 4
12880, 0.326151, 9.568668, 20, 4, 7, 5
12890, 0.320168, 9.571051, 18, 4, 7, 5
12900, 0.316681, 9.573914, 20, 4, 7, 6
12910, 0.318244, 9.577107, 20, 4, 7, 6
12920, 0.324267, 9.580305, 19, 5, 7, 6
12930, 0.329345, 9.584302, 22, 5, 9, 6
12940, 0.333303, 9.588510, 25, 4, 11, 6
12950, 0.337943, 9.592753, 20, 5, 6, 6
12960, 0.342240, 9.597173, 20, 5, 6, 5
12970, 0.349219, 9.601548, 20, 5, 5, 5
12980, 0.355544, 9.605931, 19, 5, 5, 5
12990, 0.358830, 9.610305, 17, 5, 5, 5
13000, 0.351385, 9.614673, 17, 4, 5, 5
13010, 0.349064, 9.619165, 16, 4, 5, 5
13020, 0.349064, 9.623874, 17, 4, 5, 5
13030, 0.354578, 9.628750, 17, 4, 6, 5
13040, 0.359877, 9.633676, 18, 4, 6, 6
13050, 0.365239, 9.638532, 17, 3, 6, 6
13060, 0.372076, 9.643261, 19, 3, 8, 6
13070, 0.378658, 9.647823, 20, 3, 9, 6
13080, 0.384625, 9.652181, 21, 3, 10, 6
13090, 0.386440, 9.656322, 21, 3, 10, 6
13100, 0.385919, 9.660277, 20, 4, 6, 6
13110, 0.384065, 9.664117, 20, 4, 6, 6
13120, 0.386088, 9.667898, 19, 4, 6, 5
13130, 0.388973, 9.671601, 19, 4, 6, 5
13140, 0.390145, 9.675136, 20, 4, 6, 6
13150, 0.390106, 9.678780, 21, 4, 6, 6
13160, 0.390346, 9.682600, 20, 4, 6, 5
13170, 0.394115, 9.685796, 19, 4, 6, 5
13180, 0.396926, 9.684982, 18, 4, 6, 5
13190, 0.401049, 9.683385, 18, 4, 6, 6
13200, 0.402968, 9.681167, 19, 4, 7, 6
13210, 0.404270, 9.678454, 18, 4, 6, 6
13220, 0.404704, 9.675539, 19, 4, 7, 6
13230, 0.403471, 9.672696, 19, 4, 7, 6
13240, 0.402805, 9.670631, 15, 3, 6, 5
13250, 0.403877, 9.668781, 17, 4, 6, 6
13260, 0.405413, 9.667292, 15, 4, 5, 5
13270, 0.406801, 9.665942, 16, 4, 6, 5
13280, 0.406055, 9.664437, 16, 4, 5, 5
13290, 0.405111, 9.661365, 16, 4, 5, 5
13300, 0.404038, 9.658095, 17, 4, 6, 5
13310, 0.404038, 9.655017, 16, 4, 5, 4
13320, 0.405829, 9.651578, 16, 4, 5, 4
13330, 0.406441, 9.647819, 17, 4, 5, 5
13340, 0.405790, 9.643756, 16, 4, 5, 4
13350, 0.405139, 9.639432, 16, 4, 5, 4
13360, 0.405273, 9.634848, 16, 4, 5, 4
13370, 0.405273, 9.630123, 16, 4, 5, 4
13380, 0.405273, 9.625316, 16, 4, 5, 4
13390, 0.403148, 9.620438, 17, 5, 5, 4
13400, 0.401023, 9.615515, 17, 5, 5, 4
13410, 0.398897, 9.610645, 17, 5, 5, 4
13420, 0.400888, 9.605984, 17, 4, 5, 5
13430, 0.402880, 9.601591, 17, 4, 5, 5
13440, 0.402727, 9.597422, 18, 5, 5, 5
13450, 0.398800, 9.593397, 19, 5, 6, 5
13460, 0.393010, 9.589625, 20, 5, 6, 5
13470, 0.391365, 9.588363, 19, 5, 6, 6
13480, 0.389675, 9.585030, 18, 5, 6, 6
13490, 0.384686, 9.581916, 19, 4, 6, 6
13500, 0.376782, 9.579302, 18, 4, 6, 5
13510, 0.372167, 9.577246, 19, 4, 6, 6
13520, 0.372716, 9.580729, 19, 4, 6, 6
13530, 0.369634, 9.590192, 20, 4, 7, 5
13540, 0.364845, 9.596926, 18, 4, 7, 5
13550, 0.358999, 9.603500, 20, 4, 8, 5
13560, 0.354085, 9.609893, 19, 4, 7, 5
13570, 0.345822, 9.616088, 17, 4, 7, 5
13580, 0.337184, 9.622071, 18, 4, 7, 6
13590, 0.330065, 9.627844, 17, 3, 7, 6
13600, 0.325742, 9.633418, 18, 3, 7, 6
13610, 0.321036, 9.638808, 19, 3, 7, 6
13620, 0.316663, 9.644014, 20, 3, 7, 7
13630, 0.311599, 9.649043, 18, 3, 7, 6
13640, 0.306033, 9.653902, 18, 3, 8, 6
13650, 0.300296, 9.658592, 17, 3, 8, 6
13660, 0.295130, 9.663117, 17, 3, 9, 6
13670, 0.288388, 9.667481, 15, 2, 9, 6
13680, 0.285141, 9.671682, 15, 2, 9, 6
13690, 0.282813, 9.675741, 15, 2, 9, 6
13700, 0.281801, 9.679668, 17, 3, 9, 7
13710, 0.276940, 9.683477, 15, 3, 7, 7
13720, 0.267761, 9.687158, 16, 3, 8, 6
13730, 0.256272, 9.690696, 16, 3, 9, 4
13740, 0.241249, 9.694086, 17, 4, 9, 4
13750, 0.227415, 9.697319, 16, 3, 10, 5
13760, 0.214394, 9.700440, 16, 2, 10, 6
13770, 0.209635, 9.703501, 16, 2, 11, 5
13780, 0.206179, 9.706526, 17, 2, 11, 6
13790, 0.206440, 9.709531, 20, 2, 13, 7
13800, 0.200960, 9.712494, 18, 2, 10, 8
13810, 0.193301, 9.715376, 17, 2, 9, 8
13820, 0.181321, 9.718162, 16, 2, 10, 6
13830, 0.168921, 9.721199, 14, 2, 10, 4
13840, 0.157738, 9.723856, 12, 2, 10, 2
13850, 0.149058, 9.726343, 12, 2, 11, 1
13860, 0.142361, 9.728768, 12, 1, 12, 0
13870, 0.138455, 9.731162, 14, 1, 14, 0
13880, 0.138021, 9.733524, 15, 1, 15, 0
13890, 0.141927, 9.735898, 17, 1, 17, 0
13900, 0.145833, 9.738292, 15, 1, 15, 0
13910, 0.145833, 9.740736, 15, 1, 15, 0
13920, 0.139236, 9.743200, 15, 2, 14, 1
13930, 0.126704, 9.745661, 16, 2, 13, 3
13940, 0.113032, 9.748072, 16, 2, 12, 4
13950, 0.097612, 9.750432, 11, 2, 6, 5
13960, 0.082077, 9.752732, 9, 2, 5, 4
13970, 0.059942, 9.754988, 8, 2, 6, 2
13980, 0.036060, 9.757168, 8, 2, 7, 1
13990, 0.010742, 9.759268, 8, 1, 8, 0
14000, -0.006836, 9.761280, 8, 1, 8, 0
14010, -0.018229, 9.763190, 9, 1, 9, 0
14020, -0.025781, 9.765105, 10, 2, 9, 1
14030, -0.030990, 9.766952, 10, 1, 10, 0
14040, -0.036198, 9.768656, 9, 1, 9, 0
14050, -0.039062, 9.770157, 10, 1, 10, 0
14060, -0.042969, 9.771401, 9, 1, 9, 0
14070, -0.048177, 9.772366, 9, 1, 9, 0
14080, -0.053385, 9.773037, 8, 1, 8, 0
14090, -0.061198, 9.773406, 7, 1, 7, 0
14100, -0.069010, 9.773521, 5, 1, 5, 0
14110, -0.079427, 9.773431, 2, 1, 2, 0
14120, 99999.990000, 9.773399, 0, 1, 0, 0
14130, 99999.990000, 9.773411, 0, 1, 0, 0
14140, 99999.990000, 9.773518, 0, 1, 0, 0
14150, 99999.990000, 9.773572, 0, 1, 0, 0
14160, 0.018229, 9.773647, 5, 1, 5, 0
14170, 0.033854, 9.773707, 7, 1, 7, 0
14180, 0.046875, 9.773632, 9, 1, 9, 0
14190, 0.040365, 9.773430, 10, 1, 10, 0
14200, 0.016242, 9.773211, 19, 3, 10, 8
14210, -0.004468, 9.773029, 21, 2, 11, 10
14220, -0.023999, 9.772831, 23, 1, 23, 0
14230, -0.023313, 9.772593, 23, 1, 23, 0
14240, -0.024523, 9.772314, 24, 2, 23, 1
14250, -0.025608, 9.772005, 24, 2, 23, 1
14260, -0.026693, 9.771677, 24, 2, 23, 1
14270, -0.025608, 9.771344, 23, 1, 23, 0
14280, -0.024523, 9.771008, 23, 1, 23, 0
14290, -0.022135, 9.770673, 22, 1, 22, 0
14300, -0.020833, 9.770351, 22, 1, 22, 0
14310, -0.019531, 9.770043, 22, 1, 22, 0
14320, -0.018229, 9.769750, 23, 1, 23, 0
14330, -0.016927, 9.769470, 23, 1, 23, 0
14340, -0.015625, 9.769202, 23, 1, 23, 0
14350, -0.015625, 9.768946, 23, 1, 23, 0
14360, -0.015625, 9.768699, 23, 1, 23, 0
14370, -0.015625, 9.768462, 23, 1, 23, 0
14380, -0.015625, 9.768233, 23, 1, 23, 0
14390, -0.015625, 9.768011, 23, 1, 23, 0
14400, -0.016710, 9.767793, 24, 2, 23, 1
14410, -0.016710, 9.767577, 23, 1, 23, 0
14420, -0.016710, 9.767367, 23, 1, 23, 0
14430, -0.015625, 9.767155, 23, 1, 23, 0
14440, -0.014323, 9.766937, 22, 1, 22, 0
14450, -0.011719, 9.766713, 23, 1, 23, 0
14460, -0.009115, 9.766480, 23, 1, 23, 0
14470, -0.007812, 9.766240, 23, 1, 23, 0
14480, -0.008898, 9.765994, 24, 2, 23, 1
14490, -0.008898, 9.765738, 23, 1, 23, 0
14500, -0.008898, 9.765472, 23, 1, 23, 0
14510, -0.007812, 9.765195, 23, 1, 23, 0
14520, -0.006510, 9.764907, 22, 1, 22, 0
14530, -0.005208, 9.764607, 22, 1, 22, 0
14540, -0.002604, 9.764295, 23, 1, 23, 0
14550, -0.002387, 9.763970, 24, 2, 23, 1
14560, -0.001085, 9.763631, 23, 1, 23, 0
14570, -0.001085, 9.763280, 23, 1, 23, 0
14580, 0.000000, 9.762915, 23, 1, 23, 0
14590, 0.001302, 9.762542, 22, 1, 22, 0
14600, 0.002604, 9.762158, 22, 1, 22, 0
14610, 0.005208, 9.761767, 23, 1, 23, 0
14620, 0.006510, 9.761367, 23, 1, 23, 0
14630, 0.007812, 9.760958, 23, 1, 23, 0
14640, 0.007812, 9.760543, 23, 1, 23, 0
14650, 0.007812, 9.760127, 23, 1, 23, 0
14660, 0.009115, 9.759708, 22, 1, 22, 0
14670, 0.011719, 9.759292, 23, 1, 23, 0
14680, 0.014323, 9.758870, 23, 1, 23, 0
14690, 0.015625, 9.758453, 23, 1, 23, 0
14700, 0.015625, 9.758033, 23, 1, 23, 0
14710, 0.016927, 9.757623, 22, 1, 22, 0
14720, 0.018229, 9.757219, 22, 1, 22, 0
14730, 0.019748, 9.756824, 24, 2, 23, 1
14740, 0.021050, 9.756434, 23, 1, 23, 0
14750, 0.022352, 9.756051, 23, 1, 23, 0
14760, 0.023438, 9.755678, 23, 1, 23, 0
14770, 0.024740, 9.755316, 22, 1, 22, 0
14780, 0.027344, 9.754947, 23, 1, 23, 0
14790, 0.029948, 9.754594, 23, 1, 23, 0
14800, 0.029948, 9.754255, 22, 1, 22, 0
14810, 0.028646, 9.753929, 22, 1, 22, 0
14820, 0.028646, 9.753696, 21, 1, 21, 0
14830, 0.029948, 9.753540, 21, 1, 21, 0
14840, 0.031250, 9.753430, 21, 1, 21, 0
14850, 0.031250, 9.753358, 21, 1, 21, 0
14860, 0.029948, 9.753320, 20, 1, 20, 0
14870, 0.029948, 9.753318, 19, 1, 19, 0
14880, 0.029948, 9.753352, 19, 1, 19, 0
14890, 0.030208, 9.753426, 20, 2, 19, 1
14900, 0.028906, 9.753542, 18, 1, 18, 0
14910, 0.027604, 9.753698, 18, 1, 18, 0
14920, 0.028646, 9.753896, 17, 1, 17, 0
14930, 0.029948, 9.754089, 17, 1, 17, 0
14940, 0.031250, 9.754303, 17, 1, 17, 0
14950, 0.031250, 9.754548, 17, 1, 17, 0
14960, 0.031250, 9.754829, 17, 1, 17, 0
14970, 0.032552, 9.755141, 16, 1, 16, 0
14980, 0.033854, 9.755482, 16, 1, 16, 0
14990, 0.035156, 9.755850, 16, 1, 16, 0
15000, 0.034161, 9.756249, 17, 2, 16, 1
15010, 0.034161, 9.756672, 16, 1, 16, 0
15020, 0.035463, 9.757118, 15, 1, 15, 0
15030, 0.037760, 9.757587, 15, 1, 15, 0
15040, 0.039062, 9.758076, 15, 1, 15, 0
15050, 0.039062, 9.758585, 15, 1, 15, 0
15060, 0.039062, 9.759104, 15, 1, 15, 0
15070, 0.039062, 9.759643, 15, 1, 15, 0
15080, 0.040365, 9.760195, 14, 1, 14, 0
15090, 0.041667, 9.760761, 14, 1, 14, 0
15100, 0.042969, 9.761337, 14, 1, 14, 0
15110, 0.042969, 9.761918, 14, 1, 14, 0
15120, 0.041667, 9.762512, 13, 1, 13, 0
15130, 0.041667, 9.763107, 14, 1, 14, 0
15140, 0.040565, 9.763712, 13, 2, 12, 1
15150, 0.041867, 9.764314, 12, 1, 12, 0
15160, 0.041867, 9.764929, 12, 1, 12, 0
15170, 0.042969, 9.765538, 12, 1, 12, 0
15180, 0.042969, 9.766149, 12, 1, 12, 0
15190, 0.042969, 9.766747, 12, 1, 12, 0
15200, 0.042969, 9.767349, 12, 1, 12, 0
15210, 0.042969, 9.767951, 12, 1, 12, 0
15220, 0.044271, 9.768549, 11, 1, 11, 0
15230, 0.045573, 9.769139, 11, 1, 11, 0
15240, 0.045790, 9.769720, 12, 2, 11, 1
15250, 0.045790, 9.770298, 11, 1, 11, 0
15260, 0.045790, 9.770865, 11, 1, 11, 0
15270, 0.046875, 9.771420, 11, 1, 11, 0
15280, 0.048177, 9.771961, 12, 1, 12, 0
15290, 0.049479, 9.772491, 12, 1, 12, 0
15300, 0.050781, 9.773008, 12, 1, 12, 0
15310, 0.050781, 9.773505, 12, 1, 12, 0
15320, 0.050781, 9.773985, 12, 1, 12, 0
15330, 0.052083, 9.774442, 11, 1, 11, 0
15340, 0.053385, 9.774881, 11, 1, 11, 0
15350, 0.054688, 9.775294, 11, 1, 11, 0
15360, 0.054688, 9.775689, 11, 1, 11, 0
15370, 0.054688, 9.776055, 11, 1, 11, 0
15380, 0.054688, 9.776402, 11, 1, 11, 0
15390, 0.054688, 9.776720, 11, 1, 11, 0
15400, 0.054688, 9.777016, 11, 1, 11, 0
15410, 0.059896, 9.777284, 15, 1, 15, 0
15420, 0.065104, 9.777528, 15, 1, 15, 0
15430, 0.070312, 9.777757, 15, 1, 15, 0
15440, 0.071615, 9.777989, 16, 1, 16, 0
15450, 0.072917, 9.778213, 16, 1, 16, 0
15460, 0.075521, 9.778406, 17, 1, 17, 0
15470, 0.078125, 9.778568, 18, 1, 18, 0
15480, 0.080729, 9.778697, 20, 1, 20, 0
15490, 0.082031, 9.778789, 20, 1, 20, 0
15500, 0.082031, 9.778834, 20, 1, 20, 0
15510, 0.083333, 9.778828, 21, 1, 21, 0
15520, 0.084635, 9.778769, 21, 1, 21, 0
15530, 0.087240, 9.778661, 22, 1, 22, 0
15540, 0.088542, 9.778502, 22, 1, 22, 0
15550, 0.089844, 9.778288, 24, 2, 23, 1
15560, 0.091146, 9.778016, 23, 1, 23, 0
15570, 0.089844, 9.777255, 23, 1, 23, 0
15580, 0.088542, 9.776299, 23, 1, 23, 0
15590, 0.085938, 9.775321, 23, 1, 23, 0
15600, 0.085938, 9.774434, 23, 1, 23, 0
15610, 0.085938, 9.773821, 23, 1, 23, 0
15620, 0.083333, 9.773141, 23, 1, 23, 0
15630, 0.080729, 9.772420, 23, 1, 23, 0
15640, 0.078125, 9.771660, 23, 1, 23, 0
15650, 0.078125, 9.770835, 23, 1, 23, 0
15660, 0.076823, 9.769971, 22, 1, 22, 0
15670, 0.074219, 9.769067, 23, 1, 23, 0
15680, 0.071615, 9.768098, 23, 1, 23, 0
15690, 0.070312, 9.767096, 23, 1, 23, 0
15700, 0.067708, 9.766030, 23, 1, 23, 0
15710, 0.065104, 9.764902, 23, 1, 23, 0
15720, 0.062500, 9.763747, 23, 1, 23, 0
15730, 0.061198, 9.762537, 22, 1, 22, 0
15740, 0.058594, 9.761275, 23, 1, 23, 0
15750, 0.055990, 9.759964, 23, 1, 23, 0
15760, 0.052083, 9.758607, 23, 1, 23, 0
15770, 0.049479, 9.757206, 23, 1, 23, 0
15780, 0.046875, 9.755764, 23, 1, 23, 0
15790, 0.044271, 9.754285, 23, 1, 23, 0
15800, 0.041667, 9.752770, 23, 1, 23, 0
15810, 0.037760, 9.751222, 24, 1, 24, 0
15820, 0.035156, 9.749642, 23, 1, 23, 0
15830, 0.032552, 9.748028, 23, 1, 23, 0
15840, 0.029948, 9.746381, 24, 1, 24, 0
15850, 0.027344, 9.744695, 23, 1, 23, 0
15860, 0.023438, 9.742972, 24, 1, 24, 0
15870, 0.019531, 9.741213, 23, 1, 23, 0
15880, 0.015625, 9.739420, 24, 1, 24, 0
15890, 0.013021, 9.737590, 24, 1, 24, 0
15900, 0.009115, 9.735735, 24, 1, 24, 0
15910, 0.006510, 9.733852, 24, 1, 24, 0
15920, -0.000208, 9.731939, 25, 2, 24, 1
15930, -0.002812, 9.730001, 24, 1, 24, 0
15940, -0.005417, 9.728029, 24, 1, 24, 0
15950, -0.006510, 9.726019, 24, 1, 24, 0
15960, -0.009115, 9.723982, 24, 1, 24, 0
15970, -0.015833, 9.721914, 25, 2, 24, 1
15980, -0.016070, 9.719819, 22, 2, 21, 1
15990, -0.016780, 9.717590, 22, 2, 20, 2
16000, -0.013187, 9.715352, 20, 2, 19, 1
16010, -0.012333, 9.713113, 19, 2, 18, 1
16020, -0.013446, 9.710881, 20, 3, 18, 1
16030, -0.012695, 9.708658, 17, 2, 16, 1
16040, -0.012173, 9.706430, 16, 2, 15, 1
16050, -0.006443, 9.704058, 15, 1, 15, 0
16060, -0.004069, 9.701701, 14, 1, 14, 0
16070, -0.001302, 9.699347, 13, 1, 13, 0
16080, -0.001302, 9.697018, 11, 1, 11, 0
16090, 0.000000, 9.694702, 11, 1, 11, 0
16100, 0.000000, 9.692275, 11, 1, 11, 0
16110, -0.005682, 9.689871, 11, 2, 10, 1
16120, -0.008286, 9.687490, 11, 1, 11, 0
16130, -0.012192, 9.685025, 10, 1, 10, 0
16140, -0.014796, 9.682597, 11, 2, 10, 1
16150, -0.020478, 9.680214, 11, 2, 10, 1
16160, -0.030540, 9.677756, 11, 2, 9, 2
16170, -0.036577, 9.675346, 12, 2, 10, 2
16180, -0.047822, 9.672978, 12, 2, 9, 3
16190, -0.053385, 9.670553, 12, 2, 9, 3
16200, -0.061699, 9.668178, 13, 2, 9, 4
16210, -0.066607, 9.665748, 13, 2, 9, 4
16220, -0.074233, 9.663385, 14, 2, 9, 5
16230, -0.078755, 9.660974, 14, 2, 9, 5
16240, -0.083562, 9.658641, 13, 2, 8, 5
16250, -0.088213, 9.656270, 14, 2, 8, 6
16260, -0.098071, 9.653984, 14, 3, 7, 6
16270, -0.104415, 9.651669, 15, 2, 8, 7
16280, -0.109065, 9.649436, 16, 2, 8, 8
16290, -0.112576, 9.647192, 16, 2, 9, 7
16300, -0.117513, 9.645037, 16, 2, 9, 7
16310, -0.123947, 9.642864, 17, 3, 9, 7
16320, -0.128150, 9.640771, 17, 2, 11, 6
16330, -0.132353, 9.638660, 17, 2, 11, 6
16340, -0.135164, 9.636633, 20, 3, 12, 7
16350, -0.137583, 9.634586, 19, 2, 13, 6
16360, -0.141587, 9.632627, 21, 3, 14, 6
16370, -0.144247, 9.630701, 21, 2, 15, 6
16380, -0.147228, 9.628909, 20, 2, 15, 5
16390, -0.150453, 9.627210, 21, 3, 15, 5
16400, -0.154173, 9.625509, 20, 2, 15, 5
16410, -0.156777, 9.623886, 20, 2, 15, 5
16420, -0.159381, 9.622261, 21, 3, 15, 5
16430, -0.161489, 9.620719, 21, 2, 16, 5
16440, -0.164745, 9.619265, 20, 2, 16, 4
16450, -0.167969, 9.617805, 21, 3, 16, 4
16460, -0.170027, 9.616424, 20, 3, 14, 4
16470, -0.171483, 9.615130, 17, 3, 13, 3
16480, -0.171752, 9.613825, 17, 3, 13, 3
16490, -0.171637, 9.612602, 18, 3, 13, 4
16500, -0.166926, 9.611468, 16, 2, 12, 4
16510, -0.166323, 9.610338, 16, 3, 12, 3
16520, -0.164876, 9.609293, 15, 2, 12, 3
16530, -0.170475, 9.608343, 15, 3, 11, 3
16540, -0.175694, 9.607473, 15, 4, 11, 2
16550, -0.180903, 9.606675, 14, 3, 11, 2
16560, -0.185417, 9.605870, 15, 4, 11, 2
16570, -0.187847, 9.605136, 16, 4, 11, 2
16580, -0.188405, 9.604492, 14, 3, 11, 2
16590, -0.186012, 9.603937, 14, 3, 11, 2
16600, -0.183755, 9.603469, 15, 3, 11, 2
16610, -0.190141, 9.603086, 15, 3, 11, 3
16620, -0.198326, 9.602867, 14, 3, 10, 3
16630, -0.204117, 9.602947, 14, 3, 10, 3
16640, -0.205915, 9.603433, 14, 3, 10, 3
16650, -0.209793, 9.604287, 13, 2, 9, 4
16660, -0.213670, 9.605411, 13, 2, 9, 4
16670, -0.219623, 9.606712, 14, 2, 9, 5
16680, -0.219155, 9.608080, 15, 3, 9, 5
16690, -0.221230, 9.609471, 14, 2, 9, 5
16700, -0.221230, 9.610919, 14, 2, 9, 5
16710, -0.223772, 9.612447, 14, 2, 9, 5
16720, -0.223772, 9.614002, 14, 2, 9, 5
16730, -0.225504, 9.615670, 13, 2, 8, 5
16740, -0.227235, 9.617453, 13, 2, 8, 5
16750, -0.230955, 9.619346, 14, 2, 8, 6
16760, -0.232944, 9.621345, 14, 2, 8, 6
16770, -0.234933, 9.623431, 14, 2, 8, 6
16780, -0.234933, 9.625599, 14, 2, 8, 6
16790, -0.234933, 9.627828, 14, 2, 8, 6
16800, -0.234933, 9.630126, 14, 2, 8, 6
16810, -0.234933, 9.632479, 14, 2, 8, 6
16820, -0.236750, 9.634881, 13, 2, 7, 6
16830, -0.237649, 9.637342, 12, 2, 7, 5
16840, -0.238548, 9.639973, 12, 2, 7, 5
16850, -0.237346, 9.642618, 13, 2, 8, 5
16860, -0.237063, 9.645250, 13, 2, 8, 5
16870, -0.236779, 9.647872, 13, 2, 8, 5
16880, -0.236779, 9.650618, 13, 2, 8, 5
16890, -0.235544, 9.653347, 12, 2, 8, 4
16900, -0.234308, 9.656170, 12, 2, 8, 4
16910, -0.233073, 9.658946, 12, 2, 8, 4
16920, -0.233073, 9.661794, 12, 2, 8, 4
16930, -0.233073, 9.664581, 12, 2, 8, 4
16940, -0.233106, 9.667430, 13, 2, 9, 4
16950, -0.231587, 9.670339, 12, 2, 9, 3
16960, -0.230068, 9.673150, 12, 2, 9, 3
16970, -0.224392, 9.675989, 12, 2, 10, 2
16980, -0.220269, 9.678839, 12, 2, 10, 2
16990, -0.216146, 9.681697, 12, 2, 10, 2
17000, -0.216146, 9.684552, 12, 2, 10, 2
17010, -0.218874, 9.687412, 14, 3, 11, 2
17020, -0.217138, 9.690282, 12, 2, 11, 1
17030, -0.212798, 9.693122, 11, 1, 11, 0
17040, -0.205729, 9.695927, 11, 1, 11, 0
17050, -0.203125, 9.698681, 11, 1, 11, 0
17060, -0.203125, 9.701405, 11, 1, 11, 0
17070, -0.204427, 9.704109, 12, 1, 12, 0
17080, -0.206473, 9.706791, 14, 2, 13, 1
17090, -0.204055, 9.709463, 14, 2, 13, 1
17100, -0.200335, 9.712099, 14, 2, 13, 1
17110, -0.195871, 9.714688, 14, 2, 13, 1
17120, -0.198289, 9.717219, 13, 1, 13, 0
17130, -0.198103, 9.719735, 14, 2, 13, 1
17140, -0.199306, 9.722342, 15, 2, 14, 1
17150, -0.195725, 9.724960, 16, 2, 14, 2
17160, -0.193887, 9.727524, 17, 2, 15, 2
17170, -0.192660, 9.730033, 16, 2, 15, 1
17180, -0.191492, 9.732501, 17, 2, 15, 2
17190, -0.191186, 9.734933, 17, 2, 15, 2
17200, -0.185202, 9.737316, 17, 2, 14, 3
17210, -0.180836, 9.739635, 18, 2, 15, 3
17220, -0.176796, 9.741882, 16, 2, 14, 2
17230, -0.174192, 9.744080, 17, 2, 14, 3
17240, -0.170774, 9.746229, 16, 2, 13, 3
17250, -0.164372, 9.748325, 18, 2, 14, 4
17260, -0.158704, 9.750358, 17, 2, 13, 4
17270, -0.153927, 9.752324, 17, 2, 13, 4
17280, -0.150237, 9.754240, 16, 2, 12, 4
17290, -0.145667, 9.756112, 18, 2, 13, 5
17300, -0.141838, 9.757934, 17, 3, 11, 5
17310, -0.133746, 9.759716, 14, 2, 8, 6
17320, -0.128755, 9.761419, 12, 2, 7, 5
17330, -0.118645, 9.763073, 12, 2, 6, 6
17340, -0.114366, 9.764643, 12, 2, 6, 6
17350, -0.102509, 9.766069, 11, 2, 7, 4
17360, -0.093395, 9.767426, 12, 2, 8, 4
17370, -0.081416, 9.768720, 10, 2, 7, 3
17380, -0.070312, 9.769950, 10, 2, 8, 2
17390, -0.061458, 9.771116, 10, 2, 8, 2
17400, -0.049479, 9.772242, 10, 2, 9, 1
17410, -0.037500, 9.773303, 8, 1, 8, 0
17420, -0.024219, 9.774306, 9, 1, 9, 0
17430, -0.016927, 9.775239, 9, 1, 9, 0
17440, -0.014323, 9.776139, 10, 1, 10, 0
17450, -0.013021, 9.777035, 10, 1, 10, 0
17460, -0.009115, 9.777934, 10, 1, 10, 0
17470, -0.006510, 9.778814, 10, 1, 10, 0
17480, -0.002604, 9.779680, 11, 1, 11, 0
17490, -0.005208, 9.780522, 14, 1, 14, 0
17500, -0.009115, 9.781376, 17, 1, 17, 0
17510, -0.015625, 9.782247, 18, 1, 18, 0
17520, -0.019531, 9.783150, 21, 1, 21, 0
17530, -0.022135, 9.783939, 23, 1, 23, 0
17540, -0.023438, 9.784744, 23, 1, 23, 0
17550, -0.020833, 9.785449, 23, 1, 23, 0
17560, -0.016927, 9.786064, 22, 1, 22, 0
17570, -0.011719, 9.786611, 23, 1, 23, 0
17580, -0.006510, 9.787110, 23, 1, 23, 0
17590, -0.002604, 9.787653, 23, 1, 23, 0
17600, 0.002604, 9.788167, 23, 1, 23, 0
17610, 0.006510, 9.788461, 22, 1, 22, 0
17620, 0.011719, 9.788522, 23, 1, 23, 0
17630, 0.015625, 9.788305, 22, 1, 22, 0
17640, 0.019531, 9.787858, 23, 1, 23, 0
17650, 0.022135, 9.787229, 23, 1, 23, 0
17660, 0.024740, 9.786467, 22, 1, 22, 0
17670, 0.027344, 9.785670, 23, 1, 23, 0
17680, 0.029948, 9.784893, 23, 1, 23, 0
17690, 0.031250, 9.784122, 23, 1, 23, 0
17700, 0.031250, 9.783327, 23, 1, 23, 0
17710, 0.031250, 9.782450, 23, 1, 23, 0
17720, 0.032552, 9.781493, 22, 1, 22, 0
17730, 0.033854, 9.780422, 22, 1, 22, 0
17740, 0.035156, 9.779244, 22, 1, 22, 0
17750, 0.035156, 9.777998, 22, 1, 22, 0
17760, 0.035156, 9.776667, 22, 1, 22, 0
17770, 0.035156, 9.775288, 22, 1, 22, 0
17780, 0.035156, 9.773878, 22, 1, 22, 0
17790, 0.033854, 9.772408, 23, 1, 23, 0
17800, 0.032552, 9.770884, 23, 1, 23, 0
17810, 0.031250, 9.769311, 23, 1, 23, 0
17820, 0.031250, 9.767691, 23, 1, 23, 0
17830, 0.031250, 9.766031, 23, 1, 23, 0
17840, 0.031250, 9.764331, 23, 1, 23, 0
17850, 0.031250, 9.762589, 23, 1, 23, 0
17860, 0.028646, 9.760812, 23, 1, 23, 0
17870, 0.026042, 9.759003, 23, 1, 23, 0
17880, 0.023438, 9.757158, 23, 1, 23, 0
17890, 0.023438, 9.755275, 23, 1, 23, 0
17900, 0.022135, 9.753357, 24, 1, 24, 0
17910, 0.020833, 9.751406, 24, 1, 24, 0
17920, 0.016602, 9.749415, 24, 2, 23, 1
17930, 0.015299, 9.747394, 23, 1, 23, 0
17940, 0.012695, 9.745341, 24, 1, 24, 0
17950, 0.013021, 9.743252, 24, 1, 24, 0
17960, 0.008789, 9.741137, 24, 2, 23, 1
17970, 0.006185, 9.738984, 24, 1, 24, 0
17980, 0.003581, 9.736672, 24, 1, 24, 0
17990, 0.003906, 9.734342, 24, 1, 24, 0
18000, -0.000208, 9.731995, 25, 2, 24, 1
18010, -0.002812, 9.729643, 24, 1, 24, 0
18020, -0.005417, 9.727279, 24, 1, 24, 0
18030, -0.006711, 9.724778, 26, 2, 25, 1
18040, -0.009315, 9.722262, 24, 1, 24, 0
18050, -0.010730, 9.719737, 23, 2, 22, 1
18060, -0.011398, 9.717207, 24, 3, 21, 2
18070, -0.010840, 9.714532, 21, 2, 19, 2
18080, -0.009945, 9.711850, 20, 2, 19, 1
18090, -0.010735, 9.709167, 22, 3, 19, 2
18100, -0.008209, 9.706380, 19, 2, 18, 1
18110, -0.007458, 9.703601, 17, 2, 16, 1
18120, -0.004958, 9.700837, 17, 3, 15, 1
18130, -0.004950, 9.697963, 16, 2, 15, 1
18140, -0.001273, 9.695102, 13, 1, 13, 0
18150, 0.000488, 9.692143, 14, 2, 13, 1
18160, 0.005208, 9.689213, 12, 1, 12, 0
18170, 0.006510, 9.686205, 10, 1, 10, 0
18180, 0.001402, 9.683242, 13, 3, 11, 1
18190, -0.005582, 9.680195, 11, 2, 10, 1
18200, -0.017083, 9.677184, 12, 3, 10, 1
18210, -0.017618, 9.674094, 12, 2, 10, 2
18220, -0.024483, 9.670943, 11, 3, 9, 1
18230, -0.026436, 9.667848, 12, 2, 10, 2
18240, -0.029040, 9.664704, 12, 2, 10, 2
18250, -0.034722, 9.661524, 12, 3, 9, 2
18260, -0.040148, 9.658430, 12, 2, 9, 3
18270, -0.051232, 9.655299, 13, 3, 9, 3
18280, -0.055639, 9.652140, 13, 2, 9, 4
18290, -0.064103, 9.648954, 14, 3, 9, 4
18300, -0.068510, 9.645751, 13, 2, 8, 5
18310, -0.073518, 9.642545, 13, 2, 8, 5
18320, -0.078889, 9.639457, 16, 3, 9, 6
18330, -0.084231, 9.636372, 15, 2, 8, 7
18340, -0.092231, 9.633281, 16, 3, 8, 7
18350, -0.098145, 9.630188, 15, 2, 8, 7
18360, -0.103082, 9.627097, 16, 2, 9, 7
18370, -0.107725, 9.624026, 17, 3, 9, 7
18380, -0.111299, 9.620978, 17, 2, 10, 7
18390, -0.116490, 9.617979, 18, 3, 10, 7
18400, -0.117290, 9.615006, 18, 2, 11, 7
18410, -0.121094, 9.612074, 18, 2, 12, 6
18420, -0.124465, 9.609175, 20, 3, 13, 6
18430, -0.130903, 9.606316, 20, 2, 15, 5
18440, -0.136068, 9.603570, 20, 3, 14, 5
18450, -0.136458, 9.600884, 20, 2, 14, 6
18460, -0.139063, 9.598245, 20, 2, 15, 5
18470, -0.141152, 9.595662, 21, 3, 15, 5
18480, -0.145864, 9.593226, 21, 2, 16, 5
18490, -0.150918, 9.590831, 21, 3, 16, 4
18500, -0.152344, 9.588471, 20, 2, 16, 4
18510, -0.155033, 9.586141, 19, 3, 13, 4
18520, -0.156620, 9.583940, 20, 4, 13, 4
18530, -0.156620, 9.581776, 18, 3, 13, 4
18540, -0.158128, 9.579654, 19, 4, 13, 4
18550, -0.154905, 9.577657, 16, 2, 13, 3
18560, -0.157126, 9.575708, 17, 3, 13, 3
18570, -0.160166, 9.573793, 17, 4, 12, 3
18580, -0.163909, 9.571997, 14, 3, 11, 2
18590, -0.170477, 9.570242, 16, 4, 11, 2
18600, -0.172009, 9.568602, 17, 4, 11, 3
18610, -0.176729, 9.567001, 16, 3, 11, 3
18620, -0.177543, 9.565512, 16, 4, 11, 2
18630, -0.180176, 9.564053, 16, 4, 11, 2
18640, -0.184408, 9.562707, 16, 3, 11, 4
18650, -0.190169, 9.561476, 15, 4, 10, 3
18660, -0.194716, 9.560267, 15, 3, 10, 4
18670, -0.198134, 9.559156, 16, 3, 10, 5
18680, -0.201324, 9.558062, 16, 4, 9, 5
18690, -0.205729, 9.557069, 16, 4, 9, 5
18700, -0.207520, 9.556182, 16, 3, 9, 6
18710, -0.211914, 9.555651, 16, 3, 9, 6
18720, -0.213932, 9.555486, 15, 2, 9, 6
18730, -0.218327, 9.555793, 16, 2, 9, 7
18740, -0.217839, 9.556482, 16, 2, 9, 7
18750, -0.222656, 9.557490, 16, 3, 8, 7
18760, -0.223025, 9.558669, 15, 2, 8, 7
18770, -0.227214, 9.559960, 15, 2, 8, 7
18780, -0.228472, 9.561315, 15, 2, 8, 7
18790, -0.234614, 9.562704, 16, 3, 8, 7
18800, -0.234614, 9.564179, 15, 2, 8, 7
18810, -0.234614, 9.565639, 15, 2, 8, 7
18820, -0.232067, 9.567190, 17, 2, 9, 8
18830, -0.235040, 9.568857, 16, 2, 9, 7
18840, -0.240177, 9.570655, 17, 3, 9, 7
18850, -0.245538, 9.572582, 17, 3, 9, 7
18860, -0.245538, 9.574610, 16, 2, 9, 7
18870, -0.243375, 9.576726, 16, 2, 9, 7
18880, -0.241211, 9.578915, 16, 2, 9, 7
18890, -0.241211, 9.581189, 16, 2, 9, 7
18900, -0.241211, 9.583543, 16, 2, 9, 7
18910, -0.242350, 9.586096, 16, 2, 9, 7
18920, -0.243490, 9.588694, 16, 2, 9, 7
18930, -0.244629, 9.591315, 16, 2, 9, 7
18940, -0.244336, 9.594085, 15, 2, 8, 7
18950, -0.244043, 9.596856, 15, 2, 8, 7
18960, -0.243750, 9.599613, 15, 2, 8, 7
18970, -0.243750, 9.602482, 15, 2, 8, 7
18980, -0.243750, 9.605336, 15, 2, 8, 7
18990, -0.243750, 9.608284, 15, 2, 8, 7
19000, -0.243750, 9.611200, 15, 2, 8, 7
19010, -0.243229, 9.614191, 14, 2, 7, 7
19020, -0.242708, 9.617244, 14, 2, 7, 7
19030, -0.242188, 9.620230, 14, 2, 7, 7
19040, -0.242188, 9.623254, 14, 2, 7, 7
19050, -0.238281, 9.626318, 14, 2, 8, 6
19060, -0.234375, 9.629390, 14, 2, 8, 6
19070, -0.230469, 9.632459, 14, 2, 8, 6
19080, -0.229367, 9.635506, 13, 2, 8, 5
19090, -0.228265, 9.638553, 13, 2, 8, 5
19100, -0.227163, 9.641591, 13, 2, 8, 5
19110, -0.224760, 9.644614, 13, 2, 9, 4
19120, -0.222356, 9.647601, 13, 2, 9, 4
19130, -0.219952, 9.650562, 13, 2, 9, 4
19140, -0.218249, 9.653493, 14, 2, 10, 4
19150, -0.214243, 9.656390, 13, 2, 10, 3
19160, -0.210236, 9.659249, 13, 2, 10, 3
19170, -0.207933, 9.662060, 13, 2, 10, 3
19180, -0.205462, 9.664838, 12, 2, 10, 2
19190, -0.201456, 9.667574, 13, 2, 11, 2
19200, -0.197449, 9.670268, 13, 2, 11, 2
19210, -0.193326, 9.672912, 12, 2, 11, 1
19220, -0.190739, 9.675512, 12, 2, 11, 1
19230, -0.188151, 9.678068, 12, 2, 11, 1
19240, -0.184028, 9.680585, 12, 1, 12, 0
19250, -0.183439, 9.683046, 14, 2, 13, 1
19260, -0.180618, 9.685561, 13, 1, 13, 0
19270, -0.181920, 9.688110, 13, 1, 13, 0
19280, -0.179688, 9.690618, 13, 1, 13, 0
19290, -0.180990, 9.693079, 14, 1, 14, 0
19300, -0.182292, 9.695509, 14, 1, 14, 0
19310, -0.183594, 9.697907, 14, 1, 14, 0
19320, -0.183594, 9.700273, 14, 1, 14, 0
19330, -0.183594, 9.702594, 16, 1, 16, 0
19340, -0.181219, 9.704870, 17, 2, 16, 1
19350, -0.177476, 9.707092, 16, 2, 15, 1
19360, -0.171425, 9.709258, 17, 2, 15, 2
19370, -0.166312, 9.711358, 16, 2, 14, 2
19380, -0.161401, 9.713391, 17, 2, 15, 2
19390, -0.155120, 9.715373, 17, 2, 14, 3
19400, -0.148773, 9.717296, 16, 2, 13, 3
19410, -0.141420, 9.719169, 17, 2, 13, 4
19420, -0.135752, 9.720981, 17, 2, 13, 4
19430, -0.130974, 9.722744, 17, 2, 13, 4
19440, -0.126800, 9.724465, 16, 2, 12, 4
19450, -0.120874, 9.726039, 16, 2, 11, 5
19460, -0.115147, 9.727563, 13, 2, 8, 5
19470, -0.106383, 9.729053, 13, 2, 7, 6
19480, -0.099058, 9.730496, 12, 2, 6, 6
19490, -0.089425, 9.731900, 11, 2, 6, 5
19500, -0.076444, 9.733256, 10, 2, 7, 3
19510, -0.065767, 9.734547, 10, 2, 7, 3
19520, -0.051852, 9.735787, 9, 2, 7, 2
19530, -0.045891, 9.736963, 9, 2, 7, 2
19540, -0.033275, 9.738118, 9, 2, 8, 1
19550, -0.018663, 9.739222, 8, 1, 8, 0
19560, -0.009404, 9.740261, 9, 2, 8, 1
19570, -0.000145, 9.741266, 9, 1, 9, 0
19580, 0.002459, 9.742239, 8, 1, 8, 0
19590, 0.011719, 9.742927, 9, 1, 9, 0
19600, 0.015625, 9.743357, 8, 1, 8, 0
19610, 0.020833, 9.743565, 8, 1, 8, 0
19620, 0.024740, 9.743576, 8, 1, 8, 0
19630, 0.028646, 9.743400, 7, 1, 7, 0
19640, 0.032552, 9.743078, 7, 1, 7, 0
19650, 0.037760, 9.742644, 6, 1, 6, 0
19660, 0.042969, 9.742240, 5, 1, 5, 0
19670, 0.045573, 9.741880, 5, 1, 5, 0
19680, 0.046875, 9.741596, 5, 1, 5, 0
19690, 0.038194, 9.741332, 6, 2, 5, 1
19700, 0.036892, 9.740956, 6, 1, 6, 0
19710, 0.035590, 9.740537, 6, 1, 6, 0
19720, 0.041667, 9.740075, 7, 1, 7, 0
19730, 0.039062, 9.739607, 8, 1, 8, 0
19740, 0.036458, 9.739172, 8, 1, 8, 0
19750, 0.033854, 9.738716, 9, 1, 9, 0
19760, 0.019531, 9.738243, 15, 2, 10, 5
19770, 0.000000, 9.737759, 20, 2, 10, 10
19780, -0.018229, 9.737267, 23, 1, 23, 0
19790, -0.023438, 9.736770, 23, 1, 23, 0
19800, -0.023438, 9.736275, 23, 1, 23, 0
19810, -0.023438, 9.735784, 23, 1, 23, 0
19820, -0.023438, 9.735312, 23, 1, 23, 0
19830, -0.023438, 9.734858, 23, 1, 23, 0
19840, -0.023438, 9.734420, 23, 1, 23, 0
19850, -0.023438, 9.734000, 23, 1, 23, 0
19860, -0.023438, 9.733597, 23, 1, 23, 0
19870, -0.024740, 9.733213, 22, 1, 22, 0
19880, -0.027344, 9.732844, 23, 1, 23, 0
19890, -0.029948, 9.732488, 23, 1, 23, 0
19900, -0.031250, 9.732143, 23, 1, 23, 0
19910, -0.031250, 9.731807, 23, 1, 23, 0
19920, -0.031250, 9.731498, 23, 1, 23, 0
19930, -0.031250, 9.731200, 23, 1, 23, 0
19940, -0.031250, 9.730908, 23, 1, 23, 0
19950, -0.031250, 9.730624, 23, 1, 23, 0
19960, -0.032552, 9.730345, 22, 1, 22, 0
