time,black_car_angle,distance_sensors,num_pixel_black,agglomerate_count,agglomerate_size_1,agglomerate_size_2
10, 0.050781, 5.936365, 18, 1, 18, 0
20, 0.102933, 5.937008, 38, 1, 38, 0
30, 0.151443, 5.938195, 43, 1, 43, 0
40, 0.147537, 5.939398, 25, 1, 25, 0
50, 0.142360, 5.940095, 52, 1, 52, 0
60, 0.139423, 5.940433, 28, 1, 28, 0
70, 0.139558, 5.940285, 58, 1, 58, 0
80, 0.139458, 5.939680, 31, 1, 31, 0
90, 0.141462, 5.938699, 63, 1, 63, 0
100, 0.140749, 5.937430, 36, 1, 36, 0
110, 0.150088, 5.935970, 58, 1, 58, 0
120, 0.152728, 5.934402, 67, 1, 67, 0
130, 0.150371, 5.932812, 55, 1, 55, 0
140, 0.139457, 5.931270, 43, 1, 43, 0
150, 0.136819, 5.929848, 37, 1, 37, 0
160, 0.141346, 5.928608, 36, 1, 36, 0
170, 0.143624, 5.927597, 37, 1, 37, 0
180, 0.142186, 5.926856, 39, 1, 39, 0
190, 0.138111, 5.926409, 43, 1, 43, 0
200, 0.134431, 5.926281, 49, 1, 49, 0
210, 0.138371, 5.926479, 65, 1, 65, 0
220, 0.145461, 5.927008, 65, 1, 65, 0
230, 0.154349, 5.927866, 63, 1, 63, 0
240, 0.159809, 5.929053, 58, 1, 58, 0
250, 0.166219, 5.930552, 52, 1, 52, 0
260, 0.162912, 5.932337, 31, 1, 31, 0
270, 0.156851, 5.934393, 31, 1, 31, 0
280, 0.148753, 5.936715, 33, 1, 33, 0
290, 0.147488, 5.939286, 35, 1, 35, 0
300, 0.144679, 5.942097, 38, 1, 38, 0
310, 0.140806, 5.945131, 41, 1, 41, 0
320, 0.138377, 5.948383, 43, 1, 43, 0
330, 0.137598, 5.951846, 45, 1, 45, 0
340, 0.137702, 5.955513, 46, 1, 46, 0
350, 0.137943, 5.959371, 46, 1, 46, 0
360, 0.138077, 5.963413, 46, 1, 46, 0
370, 0.137943, 5.967628, 45, 1, 45, 0
380, 0.137727, 5.972013, 44, 1, 44, 0
390, 0.137486, 5.976559, 43, 1, 43, 0
400, 0.137415, 5.981270, 42, 1, 42, 0
410, 0.136397, 5.986144, 40, 1, 40, 0
420, 0.134818, 5.991185, 40, 1, 40, 0
430, 0.133203, 5.996390, 40, 1, 40, 0
440, 0.132617, 6.001755, 40, 1, 40, 0
450, 0.132617, 6.007282, 40, 1, 40, 0
460, 0.131628, 6.012969, 42, 1, 42, 0
470, 0.130628, 6.018819, 44, 1, 44, 0
480, 0.129844, 6.024825, 46, 1, 46, 0
490, 0.132908, 6.030999, 57, 1, 57, 0
500, 0.135984, 6.037340, 57, 1, 57, 0
510, 0.138135, 6.043850, 58, 1, 58, 0
520, 0.136831, 6.050326, 59, 1, 59, 0
530, 0.134955, 6.057037, 58, 1, 58, 0
540, 0.133059, 6.064135, 57, 1, 57, 0
550, 0.130455, 6.071221, 59, 1, 59, 0
560, 0.129108, 6.078556, 58, 1, 58, 0
570, 0.129108, 6.086066, 57, 1, 57, 0
580, 0.130269, 6.093752, 53, 1, 53, 0
590, 0.130396, 6.101612, 48, 1, 48, 0
600, 0.124480, 6.109647, 28, 1, 28, 0
610, 0.117405, 6.117856, 29, 1, 29, 0
620, 0.109375, 6.126242, 28, 1, 28, 0
630, 0.105469, 6.134808, 29, 1, 29, 0
640, 0.102865, 6.143559, 29, 1, 29, 0
650, 0.100260, 6.152497, 28, 1, 28, 0
660, 0.095724, 6.161625, 31, 1, 31, 0
670, 0.090646, 6.170939, 40, 1, 40, 0
680, 0.086150, 6.180444, 53, 1, 53, 0
690, 0.083584, 6.190141, 55, 1, 55, 0
700, 0.081560, 6.200041, 55, 1, 55, 0
710, 0.077652, 6.210160, 55, 1, 55, 0
720, 0.075095, 6.220523, 55, 1, 55, 0
730, 0.071028, 6.231087, 45, 1, 45, 0
740, 0.066412, 6.241854, 26, 1, 26, 0
750, 0.061748, 6.252711, 26, 1, 26, 0
760, 0.055990, 6.263215, 26, 1, 26, 0
770, 0.052083, 6.272976, 27, 1, 27, 0
780, 0.048177, 6.281673, 27, 1, 27, 0
790, 0.045573, 6.289111, 26, 1, 26, 0
800, 0.042768, 6.295297, 39, 1, 39, 0
810, 0.037669, 6.300219, 48, 1, 48, 0
820, 0.031878, 6.303796, 47, 1, 47, 0
830, 0.026176, 6.306239, 45, 1, 45, 0
840, 0.022161, 6.307869, 20, 1, 20, 0
850, 0.018837, 6.308955, 19, 1, 19, 0
860, 0.016927, 6.309673, 19, 1, 19, 0
870, 0.014678, 6.310137, 33, 1, 33, 0
880, 0.013132, 6.310418, 32, 1, 32, 0
890, 0.011830, 6.310562, 14, 1, 14, 0
900, 0.010173, 6.310594, 15, 1, 15, 0
910, 0.008195, 6.310532, 17, 1, 17, 0
920, 0.003711, 6.310331, 27, 1, 27, 0
930, -0.003172, 6.310014, 14, 2, 12, 2
940, -0.008763, 6.309608, 12, 1, 12, 0
950, -0.013393, 6.309125, 13, 1, 13, 0
960, -0.015625, 6.308578, 24, 1, 24, 0
970, -0.019531, 6.308017, 24, 1, 24, 0
980, -0.025955, 6.307467, 15, 1, 15, 0
990, -0.029861, 6.306945, 11, 1, 11, 0
1000, -0.032465, 6.306464, 11, 1, 11, 0
1010, -0.032552, 6.306034, 12, 1, 12, 0
1020, -0.033854, 6.305645, 12, 1, 12, 0
1030, -0.036458, 6.305259, 13, 1, 13, 0
1040, -0.036314, 6.304951, 18, 1, 18, 0
1050, -0.037876, 6.304721, 20, 1, 20, 0
1060, -0.039415, 6.304576, 22, 1, 22, 0
1070, -0.041978, 6.304635, 21, 1, 21, 0
1080, -0.042266, 6.304793, 19, 1, 19, 0
1090, -0.043331, 6.305022, 16, 1, 16, 0
1100, -0.046121, 6.305319, 14, 1, 14, 0
1110, -0.049479, 6.305680, 14, 1, 14, 0
1120, -0.050781, 6.306102, 14, 1, 14, 0
1130, -0.052083, 6.306578, 13, 1, 13, 0
1140, -0.053385, 6.307106, 13, 1, 13, 0
1150, -0.054688, 6.307677, 13, 1, 13, 0
1160, -0.054688, 6.308287, 13, 1, 13, 0
1170, -0.059211, 6.308929, 19, 1, 19, 0
1180, -0.061236, 6.309596, 27, 1, 27, 0
1190, -0.061236, 6.310282, 30, 1, 30, 0
1200, -0.057252, 6.310981, 29, 1, 29, 0
1210, -0.055765, 6.311687, 29, 1, 29, 0
1220, -0.057067, 6.312394, 28, 1, 28, 0
1230, -0.056424, 6.313096, 25, 1, 25, 0
1240, -0.055337, 6.313784, 19, 1, 19, 0
1250, -0.055337, 6.314453, 16, 1, 16, 0
1260, -0.056743, 6.315101, 16, 1, 16, 0
1270, -0.058594, 6.315725, 16, 1, 16, 0
1280, -0.058594, 6.316322, 16, 1, 16, 0
1290, -0.058594, 6.316890, 16, 1, 16, 0
1300, -0.058594, 6.317428, 16, 1, 16, 0
1310, -0.057292, 6.317932, 15, 1, 15, 0
1320, -0.055990, 6.318401, 15, 1, 15, 0
1330, -0.054688, 6.318833, 15, 1, 15, 0
1340, -0.054688, 6.319256, 15, 1, 15, 0
1350, -0.054688, 6.319663, 15, 1, 15, 0
1360, -0.054688, 6.320051, 15, 1, 15, 0
1370, -0.054688, 6.320390, 15, 1, 15, 0
1380, -0.054688, 6.320686, 15, 1, 15, 0
1390, -0.054688, 6.321739, 15, 1, 15, 0
1400, -0.052083, 6.321938, 15, 1, 15, 0
1410, -0.047560, 6.322129, 19, 1, 19, 0
1420, -0.045535, 6.322313, 27, 1, 27, 0
1430, -0.045535, 6.322487, 26, 1, 26, 0
1440, -0.047454, 6.322651, 26, 1, 26, 0
1450, -0.046296, 6.322805, 27, 1, 27, 0
1460, -0.044994, 6.322958, 28, 1, 28, 0
1470, -0.043692, 6.323113, 28, 1, 28, 0
1480, -0.042245, 6.323271, 27, 1, 27, 0
1490, -0.041522, 6.323435, 27, 1, 27, 0
1500, -0.039641, 6.323606, 27, 1, 27, 0
1510, -0.037760, 6.323800, 28, 1, 28, 0
1520, -0.035880, 6.324039, 28, 1, 28, 0
1530, -0.035156, 6.324283, 28, 1, 28, 0
1540, -0.033668, 6.324534, 28, 1, 28, 0
1550, -0.031648, 6.324794, 29, 1, 29, 0
1560, -0.029044, 6.325063, 28, 1, 28, 0
1570, -0.027927, 6.325341, 28, 1, 28, 0
1580, -0.027344, 6.325631, 28, 1, 28, 0
1590, -0.026042, 6.325932, 30, 1, 30, 0
1600, -0.024021, 6.326254, 29, 1, 29, 0
1610, -0.022001, 6.326587, 29, 1, 29, 0
1620, -0.020699, 6.326930, 28, 1, 28, 0
1630, -0.020115, 6.327284, 28, 1, 28, 0
1640, -0.018229, 6.327649, 30, 1, 30, 0
1650, -0.016209, 6.328023, 29, 1, 29, 0
1660, -0.014188, 6.328405, 29, 1, 29, 0
1670, -0.012886, 6.328796, 28, 1, 28, 0
1680, -0.012302, 6.329194, 28, 1, 28, 0
1690, -0.011135, 6.329600, 29, 1, 29, 0
1700, -0.009115, 6.330013, 29, 1, 29, 0
1710, -0.006510, 6.330431, 28, 1, 28, 0
1720, -0.004490, 6.330855, 28, 1, 28, 0
1730, -0.003906, 6.331284, 28, 1, 28, 0
1740, -0.003323, 6.331719, 29, 1, 29, 0
1750, -0.001302, 6.332158, 29, 1, 29, 0
1760, 0.001302, 6.332600, 28, 1, 28, 0
1770, 0.003323, 6.333044, 28, 1, 28, 0
1780, 0.003906, 6.333489, 28, 1, 28, 0
1790, 0.005208, 6.333937, 28, 1, 28, 0
1800, 0.006510, 6.334386, 28, 1, 28, 0
1810, 0.009115, 6.334836, 28, 1, 28, 0
1820, 0.010417, 6.335285, 28, 1, 28, 0
1830, 0.011719, 6.335735, 28, 1, 28, 0
1840, 0.011719, 6.336183, 28, 1, 28, 0
1850, 0.011719, 6.336631, 28, 1, 28, 0
1860, 0.012302, 6.337077, 29, 1, 29, 0
1870, 0.013605, 6.337501, 28, 1, 28, 0
1880, 0.014907, 6.337922, 28, 1, 28, 0
1890, 0.016927, 6.338341, 28, 1, 28, 0
1900, 0.018229, 6.338759, 28, 1, 28, 0
1910, 0.019531, 6.339174, 28, 1, 28, 0
1920, 0.019531, 6.339587, 28, 1, 28, 0
1930, 0.019531, 6.339998, 28, 1, 28, 0
1940, 0.019531, 6.340408, 28, 1, 28, 0
1950, 0.019531, 6.340816, 28, 1, 28, 0
1960, 0.020115, 6.341224, 29, 1, 29, 0
1970, 0.020699, 6.341630, 29, 1, 29, 0
1980, 0.021282, 6.342035, 29, 1, 29, 0
1990, 0.021282, 6.342440, 29, 1, 29, 0
2000, 0.022001, 6.342843, 28, 1, 28, 0
2010, 0.023438, 6.343247, 29, 1, 29, 0
2020, 0.025458, 6.343650, 28, 1, 28, 0
2030, 0.026760, 6.344052, 28, 1, 28, 0
2040, 0.027344, 6.344454, 28, 1, 28, 0
2050, 0.027344, 6.344854, 28, 1, 28, 0
2060, 0.027344, 6.345254, 28, 1, 28, 0
2070, 0.027344, 6.345653, 28, 1, 28, 0
2080, 0.027344, 6.346051, 28, 1, 28, 0
2090, 0.027344, 6.346450, 28, 1, 28, 0
2100, 0.027344, 6.346850, 28, 1, 28, 0
2110, 0.027344, 6.347250, 28, 1, 28, 0
2120, 0.027344, 6.347650, 28, 1, 28, 0
2130, 0.027344, 6.348050, 28, 1, 28, 0
2140, 0.027344, 6.348448, 28, 1, 28, 0
2150, 0.027344, 6.348846, 28, 1, 28, 0
2160, 0.027344, 6.349244, 28, 1, 28, 0
2170, 0.027344, 6.349641, 28, 1, 28, 0
2180, 0.027344, 6.350036, 28, 1, 28, 0
2190, 0.027344, 6.350431, 28, 1, 28, 0
2200, 0.027344, 6.350826, 28, 1, 28, 0
2210, 0.027344, 6.351219, 28, 1, 28, 0
2220, 0.027344, 6.351612, 28, 1, 28, 0
2230, 0.026580, 6.352004, 29, 1, 29, 0
2240, 0.025817, 6.352396, 29, 1, 29, 0
2250, 0.025054, 6.352788, 29, 1, 29, 0
2260, 0.025054, 6.353179, 29, 1, 29, 0
2270, 0.025054, 6.353570, 29, 1, 29, 0
2280, 0.024515, 6.353959, 30, 1, 30, 0
2290, 0.023976, 6.354347, 30, 1, 30, 0
2300, 0.023438, 6.354733, 30, 1, 30, 0
2310, 0.022719, 6.355117, 29, 1, 29, 0
2320, 0.022001, 6.355498, 29, 1, 29, 0
2330, 0.021282, 6.355876, 29, 1, 29, 0
2340, 0.021282, 6.356252, 29, 1, 29, 0
2350, 0.021282, 6.356619, 29, 1, 29, 0
2360, 0.021282, 6.357129, 29, 1, 29, 0
2370, 0.021282, 6.357689, 29, 1, 29, 0
2380, 0.020699, 6.358013, 28, 1, 28, 0
2390, 0.020115, 6.358336, 28, 1, 28, 0
2400, 0.019531, 6.358659, 28, 1, 28, 0
2410, 0.018768, 6.358982, 29, 1, 29, 0
2420, 0.018005, 6.359306, 29, 1, 29, 0
2430, 0.017241, 6.359630, 29, 1, 29, 0
2440, 0.017241, 6.359955, 29, 1, 29, 0
2450, 0.016703, 6.360282, 30, 1, 30, 0
2460, 0.016164, 6.360608, 30, 1, 30, 0
2470, 0.014907, 6.360933, 29, 1, 29, 0
2480, 0.014188, 6.361258, 29, 1, 29, 0
2490, 0.013470, 6.361581, 29, 1, 29, 0
2500, 0.012886, 6.361903, 28, 1, 28, 0
2510, 0.012302, 6.362226, 28, 1, 28, 0
2520, 0.011719, 6.362550, 28, 1, 28, 0
2530, 0.010955, 6.362881, 29, 1, 29, 0
2540, 0.010192, 6.363242, 29, 1, 29, 0
2550, 0.008890, 6.363605, 30, 1, 30, 0
2560, 0.008351, 6.363967, 30, 1, 30, 0
2570, 0.007094, 6.364331, 29, 1, 29, 0
2580, 0.006376, 6.364694, 29, 1, 29, 0
2590, 0.005657, 6.365060, 29, 1, 29, 0
2600, 0.005074, 6.365426, 28, 1, 28, 0
2610, 0.003767, 6.365792, 27, 1, 27, 0
2620, 0.001580, 6.366160, 26, 1, 26, 0
2630, -0.000763, 6.366530, 25, 1, 25, 0
2640, -0.004399, 6.366899, 23, 1, 23, 0
2650, -0.007156, 6.367271, 23, 1, 23, 0
2660, -0.010671, 6.367646, 20, 1, 20, 0
2670, -0.012172, 6.368022, 20, 1, 20, 0
2680, -0.013638, 6.368402, 19, 1, 19, 0
2690, -0.013603, 6.368783, 19, 1, 19, 0
2700, -0.013569, 6.369166, 19, 1, 19, 0
2710, -0.013569, 6.369549, 19, 1, 19, 0
2720, -0.014688, 6.369933, 18, 1, 18, 0
2730, -0.015680, 6.370317, 17, 1, 17, 0
2740, -0.016672, 6.370694, 17, 1, 17, 0
2750, -0.016544, 6.371065, 17, 1, 17, 0
2760, -0.016238, 6.371437, 16, 1, 16, 0
2770, -0.015931, 6.371810, 16, 1, 16, 0
2780, -0.015625, 6.372183, 16, 1, 16, 0
2790, -0.011719, 6.372558, 12, 1, 12, 0
2800, -0.009115, 6.372933, 13, 1, 13, 0
2810, -0.006510, 6.373309, 13, 1, 13, 0
2820, -0.007812, 6.373686, 13, 1, 13, 0
2830, -0.007812, 6.374065, 13, 1, 13, 0
2840, -0.007812, 6.374446, 13, 1, 13, 0
2850, -0.007812, 6.374827, 13, 1, 13, 0
2860, -0.007812, 6.375208, 13, 1, 13, 0
2870, -0.007812, 6.375590, 13, 1, 13, 0
2880, -0.007812, 6.375972, 13, 1, 13, 0
2890, -0.007812, 6.376355, 13, 1, 13, 0
2900, -0.007812, 6.376737, 13, 1, 13, 0
2910, -0.007812, 6.377120, 13, 1, 13, 0
2920, -0.007812, 6.377504, 13, 1, 13, 0
2930, -0.007812, 6.377887, 13, 1, 13, 0
2940, -0.007812, 6.378270, 13, 1, 13, 0
2950, -0.007812, 6.378654, 13, 1, 13, 0
2960, -0.007812, 6.379038, 13, 1, 13, 0
2970, -0.007812, 6.379421, 13, 1, 13, 0
2980, -0.007812, 6.379805, 13, 1, 13, 0
2990, -0.007812, 6.380189, 13, 1, 13, 0
3000, -0.009115, 6.380573, 12, 1, 12, 0
3010, -0.010417, 6.380957, 12, 1, 12, 0
3020, -0.011719, 6.381341, 12, 1, 12, 0
3030, -0.011719, 6.381726, 12, 1, 12, 0
3040, -0.011719, 6.382109, 12, 1, 12, 0
3050, -0.011719, 6.382493, 12, 1, 12, 0
3060, -0.011719, 6.382877, 12, 1, 12, 0
3070, -0.011719, 6.383261, 12, 1, 12, 0
3080, -0.011719, 6.383645, 12, 1, 12, 0
3090, -0.011719, 6.384029, 12, 1, 12, 0
3100, -0.011719, 6.384414, 12, 1, 12, 0
3110, -0.011719, 6.384798, 12, 1, 12, 0
3120, -0.011719, 6.385183, 12, 1, 12, 0
3130, -0.011719, 6.385567, 12, 1, 12, 0
3140, -0.011719, 6.385952, 12, 1, 12, 0
3150, -0.011719, 6.386337, 12, 1, 12, 0
3160, -0.011719, 6.386722, 12, 1, 12, 0
3170, -0.011719, 6.387107, 12, 1, 12, 0
3180, -0.011719, 6.387493, 12, 1, 12, 0
3190, -0.011719, 6.387878, 12, 1, 12, 0
3200, -0.011719, 6.388263, 12, 1, 12, 0
3210, -0.011719, 6.388648, 12, 1, 12, 0
3220, -0.011719, 6.389033, 12, 1, 12, 0
3230, -0.011719, 6.389419, 12, 1, 12, 0
3240, -0.011719, 6.389804, 12, 1, 12, 0
3250, -0.011719, 6.390189, 12, 1, 12, 0
3260, -0.011719, 6.390575, 12, 1, 12, 0
3270, -0.011719, 6.390960, 12, 1, 12, 0
3280, -0.011719, 6.391345, 12, 1, 12, 0
3290, -0.010417, 6.391730, 13, 1, 13, 0
3300, -0.009115, 6.392115, 13, 1, 13, 0
3310, -0.007812, 6.392499, 13, 1, 13, 0
3320, -0.007812, 6.392884, 13, 1, 13, 0
3330, -0.007812, 6.393269, 13, 1, 13, 0
3340, -0.007812, 6.393654, 13, 1, 13, 0
3350, -0.007812, 6.394039, 13, 1, 13, 0
3360, -0.007812, 6.394424, 13, 1, 13, 0
3370, -0.007812, 6.394809, 13, 1, 13, 0
3380, -0.007812, 6.395194, 13, 1, 13, 0
3390, -0.007812, 6.395579, 13, 1, 13, 0
3400, -0.007812, 6.395963, 13, 1, 13, 0
3410, -0.007812, 6.396348, 13, 1, 13, 0
3420, -0.007812, 6.396733, 13, 1, 13, 0
3430, -0.007812, 6.397118, 13, 1, 13, 0
3440, -0.007812, 6.397503, 13, 1, 13, 0
3450, -0.007812, 6.397888, 13, 1, 13, 0
3460, -0.007812, 6.398273, 13, 1, 13, 0
3470, -0.007812, 6.398658, 13, 1, 13, 0
3480, -0.007812, 6.399043, 13, 1, 13, 0
3490, -0.007812, 6.399428, 13, 1, 13, 0
3500, -0.007812, 6.399961, 13, 1, 13, 0
3510, -0.007812, 6.400330, 13, 1, 13, 0
3520, -0.007812, 6.400699, 13, 1, 13, 0
3530, -0.007812, 6.401068, 13, 1, 13, 0
3540, -0.007812, 6.401437, 13, 1, 13, 0
3550, -0.007812, 6.401807, 13, 1, 13, 0
3560, -0.007812, 6.402176, 13, 1, 13, 0
3570, -0.006510, 6.402546, 12, 1, 12, 0
3580, -0.005208, 6.402916, 12, 1, 12, 0
3590, -0.003906, 6.403287, 12, 1, 12, 0
3600, -0.002604, 6.403658, 13, 1, 13, 0
3610, -0.001302, 6.404028, 13, 1, 13, 0
3620, 0.000000, 6.404397, 13, 1, 13, 0
3630, 0.000000, 6.404767, 13, 1, 13, 0
3640, 0.000000, 6.405137, 13, 1, 13, 0
3650, 0.000000, 6.405505, 13, 1, 13, 0
3660, 0.000000, 6.405872, 13, 1, 13, 0
3670, 0.000000, 6.406239, 13, 1, 13, 0
3680, 0.000000, 6.406612, 13, 1, 13, 0
3690, 0.000000, 6.406996, 13, 1, 13, 0
3700, 0.000000, 6.407381, 13, 1, 13, 0
3710, 0.000000, 6.407765, 13, 1, 13, 0
3720, 0.000000, 6.408150, 13, 1, 13, 0
3730, 0.000000, 6.408534, 13, 1, 13, 0
3740, 0.000000, 6.408917, 13, 1, 13, 0
3750, 0.000000, 6.409300, 13, 1, 13, 0
3760, 0.000000, 6.409682, 13, 1, 13, 0
3770, 0.000000, 6.410064, 13, 1, 13, 0
3780, 0.000000, 6.410446, 13, 1, 13, 0
3790, 0.000000, 6.410827, 13, 1, 13, 0
3800, 0.000000, 6.411209, 13, 1, 13, 0
3810, 0.000000, 6.411590, 13, 1, 13, 0
3820, 0.000000, 6.411972, 13, 1, 13, 0
3830, 0.000000, 6.412353, 13, 1, 13, 0
3840, 0.000000, 6.412735, 13, 1, 13, 0
3850, 0.000000, 6.413117, 13, 1, 13, 0
3860, 0.000000, 6.413499, 13, 1, 13, 0
3870, 0.000000, 6.413881, 13, 1, 13, 0
3880, 0.000000, 6.414264, 13, 1, 13, 0
3890, 0.000000, 6.414646, 13, 1, 13, 0
3900, 0.001302, 6.415029, 12, 1, 12, 0
3910, 0.002604, 6.415411, 12, 1, 12, 0
3920, 0.003906, 6.415794, 12, 1, 12, 0
3930, 0.005208, 6.416178, 13, 1, 13, 0
3940, 0.006510, 6.416562, 13, 1, 13, 0
3950, 0.007812, 6.416947, 13, 1, 13, 0
3960, 0.007812, 6.417334, 13, 1, 13, 0
3970, 0.007812, 6.417721, 13, 1, 13, 0
3980, 0.007812, 6.418109, 13, 1, 13, 0
3990, 0.007812, 6.418496, 13, 1, 13, 0
4000, 0.007812, 6.418885, 13, 1, 13, 0
4010, 0.007812, 6.419269, 13, 1, 13, 0
4020, 0.007812, 6.419652, 13, 1, 13, 0
4030, 0.007812, 6.420034, 13, 1, 13, 0
4040, 0.007812, 6.420418, 13, 1, 13, 0
4050, 0.007812, 6.420801, 13, 1, 13, 0
4060, 0.007812, 6.421184, 13, 1, 13, 0
4070, 0.007812, 6.421568, 13, 1, 13, 0
4080, 0.007812, 6.421952, 13, 1, 13, 0
4090, 0.007812, 6.422337, 13, 1, 13, 0
4100, 0.007812, 6.422721, 13, 1, 13, 0
4110, 0.007812, 6.423106, 13, 1, 13, 0
4120, 0.007812, 6.423491, 13, 1, 13, 0
4130, 0.007812, 6.423876, 13, 1, 13, 0
4140, 0.007812, 6.424262, 13, 1, 13, 0
4150, 0.007812, 6.424647, 13, 1, 13, 0
4160, 0.007812, 6.425032, 13, 1, 13, 0
4170, 0.007812, 6.425418, 13, 1, 13, 0
4180, 0.007812, 6.425803, 13, 1, 13, 0
4190, 0.007812, 6.426188, 13, 1, 13, 0
4200, 0.007812, 6.426573, 13, 1, 13, 0
4210, 0.007812, 6.426958, 13, 1, 13, 0
4220, 0.007812, 6.427343, 13, 1, 13, 0
4230, 0.007812, 6.427728, 13, 1, 13, 0
4240, 0.007812, 6.428113, 13, 1, 13, 0
4250, 0.007812, 6.428497, 13, 1, 13, 0
4260, 0.007812, 6.428882, 13, 1, 13, 0
4270, 0.007812, 6.429266, 13, 1, 13, 0
4280, 0.007812, 6.429651, 13, 1, 13, 0
4290, 0.007812, 6.430035, 13, 1, 13, 0
4300, 0.007812, 6.430420, 13, 1, 13, 0
4310, 0.007812, 6.430804, 13, 1, 13, 0
4320, 0.007812, 6.431188, 13, 1, 13, 0
4330, 0.007812, 6.431571, 13, 1, 13, 0
4340, 0.007812, 6.431955, 13, 1, 13, 0
4350, 0.007812, 6.432338, 13, 1, 13, 0
4360, 0.007812, 6.432722, 13, 1, 13, 0
4370, 0.007812, 6.433105, 13, 1, 13, 0
4380, 0.007812, 6.433488, 13, 1, 13, 0
4390, 0.007812, 6.433871, 13, 1, 13, 0
4400, 0.007812, 6.434254, 13, 1, 13, 0
4410, 0.007812, 6.434637, 13, 1, 13, 0
4420, 0.007812, 6.435020, 13, 1, 13, 0
4430, 0.007812, 6.435402, 13, 1, 13, 0
4440, 0.007812, 6.435785, 13, 1, 13, 0
4450, 0.007812, 6.436167, 13, 1, 13, 0
4460, 0.007812, 6.436550, 13, 1, 13, 0
4470, 0.007812, 6.436932, 13, 1, 13, 0
4480, 0.007812, 6.437315, 13, 1, 13, 0
4490, 0.007812, 6.437697, 13, 1, 13, 0
4500, 0.007812, 6.438080, 13, 1, 13, 0
4510, 0.007812, 6.438462, 13, 1, 13, 0
4520, 0.007812, 6.438844, 13, 1, 13, 0
4530, 0.007812, 6.439226, 13, 1, 13, 0
4540, 0.007812, 6.439608, 13, 1, 13, 0
4550, 0.007812, 6.439990, 13, 1, 13, 0
4560, 0.006510, 6.440372, 14, 1, 14, 0
4570, 0.005208, 6.440754, 14, 1, 14, 0
4580, 0.002604, 6.441136, 13, 1, 13, 0
4590, 0.001302, 6.441516, 13, 1, 13, 0
4600, 0.000000, 6.442002, 13, 1, 13, 0
4610, 0.000000, 6.442372, 13, 1, 13, 0
4620, 0.000000, 6.442741, 13, 1, 13, 0
4630, 0.000000, 6.443109, 13, 1, 13, 0
4640, 0.000000, 6.443477, 13, 1, 13, 0
4650, 0.000000, 6.443845, 13, 1, 13, 0
4660, 0.000000, 6.444213, 13, 1, 13, 0
4670, 0.000000, 6.444582, 13, 1, 13, 0
4680, 0.000000, 6.444952, 13, 1, 13, 0
4690, 0.000000, 6.445322, 13, 1, 13, 0
4700, 0.000000, 6.445693, 13, 1, 13, 0
4710, 0.000000, 6.446064, 13, 1, 13, 0
4720, 0.000000, 6.446436, 13, 1, 13, 0
4730, 0.000000, 6.446808, 13, 1, 13, 0
4740, 0.000000, 6.447181, 13, 1, 13, 0
4750, 0.000000, 6.447554, 13, 1, 13, 0
4760, 0.000000, 6.447928, 13, 1, 13, 0
4770, 0.000000, 6.448301, 13, 1, 13, 0
4780, 0.000000, 6.448675, 13, 1, 13, 0
4790, 0.000000, 6.449053, 13, 1, 13, 0
4800, 0.000000, 6.449430, 13, 1, 13, 0
4810, 0.000000, 6.449808, 13, 1, 13, 0
4820, 0.000000, 6.450185, 13, 1, 13, 0
4830, 0.000000, 6.450563, 13, 1, 13, 0
4840, 0.000000, 6.450940, 13, 1, 13, 0
4850, 0.000000, 6.451317, 13, 1, 13, 0
4860, 0.000000, 6.451694, 13, 1, 13, 0
4870, 0.000000, 6.452071, 13, 1, 13, 0
4880, 0.000000, 6.452448, 13, 1, 13, 0
4890, 0.000000, 6.452825, 13, 1, 13, 0
4900, 0.000000, 6.453202, 13, 1, 13, 0
4910, 0.000000, 6.453580, 13, 1, 13, 0
4920, 0.000000, 6.453958, 13, 1, 13, 0
4930, 0.000000, 6.454335, 13, 1, 13, 0
4940, 0.000000, 6.454713, 13, 1, 13, 0
4950, -0.001302, 6.455092, 14, 1, 14, 0
4960, -0.002604, 6.455470, 14, 1, 14, 0
4970, -0.003906, 6.455849, 14, 1, 14, 0
4980, -0.003906, 6.456228, 14, 1, 14, 0
4990, -0.003906, 6.456609, 14, 1, 14, 0
5000, -0.003906, 6.456991, 14, 1, 14, 0
5010, -0.005208, 6.457373, 13, 1, 13, 0
5020, -0.006510, 6.457756, 13, 1, 13, 0
5030, -0.007812, 6.458138, 13, 1, 13, 0
5040, -0.007812, 6.458521, 13, 1, 13, 0
5050, -0.007812, 6.458904, 13, 1, 13, 0
5060, -0.007812, 6.459287, 13, 1, 13, 0
5070, -0.007812, 6.459669, 13, 1, 13, 0
5080, -0.007812, 6.460050, 13, 1, 13, 0
5090, -0.007812, 6.460430, 13, 1, 13, 0
5100, -0.007812, 6.460809, 13, 1, 13, 0
5110, -0.007812, 6.461188, 13, 1, 13, 0
5120, -0.007812, 6.461567, 13, 1, 13, 0
5130, -0.007812, 6.461946, 13, 1, 13, 0
5140, -0.007812, 6.462325, 13, 1, 13, 0
5150, -0.007812, 6.462705, 13, 1, 13, 0
5160, -0.007812, 6.463084, 13, 1, 13, 0
5170, -0.007812, 6.463464, 13, 1, 13, 0
5180, -0.007812, 6.463844, 13, 1, 13, 0
5190, -0.007812, 6.464224, 13, 1, 13, 0
5200, -0.007812, 6.464604, 13, 1, 13, 0
5210, -0.007812, 6.464983, 13, 1, 13, 0
5220, -0.007812, 6.465361, 13, 1, 13, 0
5230, -0.007812, 6.465738, 13, 1, 13, 0
5240, -0.007812, 6.466115, 13, 1, 13, 0
5250, -0.007812, 6.466490, 13, 1, 13, 0
5260, -0.007812, 6.466865, 13, 1, 13, 0
5270, -0.007812, 6.467240, 13, 1, 13, 0
5280, -0.007812, 6.467614, 13, 1, 13, 0
5290, -0.007812, 6.467989, 13, 1, 13, 0
5300, -0.007812, 6.468363, 13, 1, 13, 0
5310, -0.007812, 6.468737, 13, 1, 13, 0
5320, -0.007812, 6.469111, 13, 1, 13, 0
5330, -0.007812, 6.469486, 13, 1, 13, 0
5340, -0.007812, 6.469860, 13, 1, 13, 0
5350, -0.007812, 6.470235, 13, 1, 13, 0
5360, -0.007812, 6.470611, 13, 1, 13, 0
5370, -0.007812, 6.470986, 13, 1, 13, 0
5380, -0.007812, 6.471362, 13, 1, 13, 0
5390, -0.007812, 6.471736, 13, 1, 13, 0
5400, -0.007812, 6.472110, 13, 1, 13, 0
5410, -0.007812, 6.472484, 13, 1, 13, 0
5420, -0.007812, 6.472857, 13, 1, 13, 0
5430, -0.007812, 6.473230, 13, 1, 13, 0
5440, -0.007812, 6.473602, 13, 1, 13, 0
5450, -0.007812, 6.473973, 13, 1, 13, 0
5460, -0.007812, 6.474343, 13, 1, 13, 0
5470, -0.006510, 6.474713, 14, 1, 14, 0
5480, -0.005208, 6.475083, 14, 1, 14, 0
5490, -0.003906, 6.475452, 14, 1, 14, 0
5500, -0.003906, 6.475820, 14, 1, 14, 0
5510, -0.003906, 6.476186, 14, 1, 14, 0
5520, -0.003906, 6.476551, 14, 1, 14, 0
5530, -0.003906, 6.476914, 14, 1, 14, 0
5540, -0.003906, 6.477276, 14, 1, 14, 0
5550, -0.003906, 6.477637, 14, 1, 14, 0
5560, -0.003906, 6.477995, 14, 1, 14, 0
5570, -0.003906, 6.478352, 14, 1, 14, 0
5580, -0.003906, 6.478708, 14, 1, 14, 0
5590, -0.003906, 6.479063, 14, 1, 14, 0
5600, -0.003906, 6.479416, 14, 1, 14, 0
5610, -0.003906, 6.479768, 14, 1, 14, 0
5620, -0.003906, 6.480117, 14, 1, 14, 0
5630, -0.005208, 6.480464, 13, 1, 13, 0
5640, -0.006510, 6.480810, 13, 1, 13, 0
5650, -0.006510, 6.481154, 14, 1, 14, 0
5660, -0.005208, 6.481499, 14, 1, 14, 0
5670, -0.003906, 6.481842, 14, 1, 14, 0
5680, -0.003906, 6.482182, 14, 1, 14, 0
5690, -0.005208, 6.482520, 13, 1, 13, 0
5700, -0.006510, 6.482856, 13, 1, 13, 0
5710, -0.007812, 6.483191, 13, 1, 13, 0
5720, -0.007812, 6.483525, 13, 1, 13, 0
5730, -0.007812, 6.483858, 13, 1, 13, 0
5740, -0.007812, 6.484187, 13, 1, 13, 0
5750, -0.007812, 6.484514, 13, 1, 13, 0
5760, -0.007812, 6.484838, 13, 1, 13, 0
5770, -0.007812, 6.485160, 13, 1, 13, 0
5780, -0.007812, 6.485481, 13, 1, 13, 0
5790, -0.007812, 6.485798, 13, 1, 13, 0
5800, -0.007812, 6.486111, 13, 1, 13, 0
5810, -0.007812, 6.486421, 13, 1, 13, 0
5820, -0.007812, 6.486728, 13, 1, 13, 0
5830, -0.007812, 6.487032, 13, 1, 13, 0
5840, -0.007812, 6.487333, 13, 1, 13, 0
5850, -0.007812, 6.487629, 13, 1, 13, 0
5860, -0.007812, 6.487920, 13, 1, 13, 0
5870, -0.007812, 6.488208, 13, 1, 13, 0
5880, -0.007812, 6.488495, 13, 1, 13, 0
5890, -0.007812, 6.488780, 13, 1, 13, 0
5900, -0.007812, 6.489061, 13, 1, 13, 0
5910, -0.007812, 6.489337, 13, 1, 13, 0
5920, -0.007812, 6.489608, 13, 1, 13, 0
5930, -0.009115, 6.489872, 14, 1, 14, 0
5940, -0.010417, 6.490130, 14, 1, 14, 0
5950, -0.011719, 6.490385, 14, 1, 14, 0
5960, -0.011719, 6.490636, 14, 1, 14, 0
5970, -0.011719, 6.490884, 14, 1, 14, 0
5980, -0.011719, 6.491126, 14, 1, 14, 0
5990, -0.013021, 6.491363, 13, 1, 13, 0
6000, -0.014323, 6.491591, 13, 1, 13, 0
6010, -0.015625, 6.491815, 13, 1, 13, 0
6020, -0.015625, 6.492036, 13, 1, 13, 0
6030, -0.015625, 6.492257, 13, 1, 13, 0
6040, -0.015625, 6.492477, 13, 1, 13, 0
6050, -0.015625, 6.492691, 13, 1, 13, 0
6060, -0.015625, 6.492901, 13, 1, 13, 0
6070, -0.015625, 6.493106, 13, 1, 13, 0
6080, -0.016927, 6.493308, 14, 1, 14, 0
6090, -0.018229, 6.493505, 14, 1, 14, 0
6100, -0.019531, 6.493699, 14, 1, 14, 0
6110, -0.020833, 6.493888, 13, 1, 13, 0
6120, -0.022135, 6.494071, 13, 1, 13, 0
6130, -0.023438, 6.494250, 13, 1, 13, 0
6140, -0.023438, 6.494427, 13, 1, 13, 0
6150, -0.023438, 6.494602, 13, 1, 13, 0
6160, -0.023438, 6.494777, 13, 1, 13, 0
6170, -0.023438, 6.494949, 13, 1, 13, 0
6180, -0.023438, 6.495118, 13, 1, 13, 0
6190, -0.024740, 6.495282, 14, 1, 14, 0
6200, -0.026042, 6.495440, 14, 1, 14, 0
6210, -0.028646, 6.495594, 13, 1, 13, 0
6220, -0.029948, 6.495745, 13, 1, 13, 0
6230, -0.031250, 6.495894, 13, 1, 13, 0
6240, -0.031250, 6.496042, 13, 1, 13, 0
6250, -0.031250, 6.496189, 13, 1, 13, 0
6260, -0.031250, 6.496333, 13, 1, 13, 0
6270, -0.031250, 6.496474, 13, 1, 13, 0
6280, -0.032552, 6.496614, 14, 1, 14, 0
6290, -0.035156, 6.496750, 13, 1, 13, 0
6300, -0.037760, 6.496885, 13, 1, 13, 0
6310, -0.039062, 6.497017, 13, 1, 13, 0
6320, -0.039062, 6.497146, 13, 1, 13, 0
6330, -0.039062, 6.497269, 13, 1, 13, 0
6340, -0.039062, 6.497388, 13, 1, 13, 0
6350, -0.040365, 6.497502, 14, 1, 14, 0
6360, -0.042969, 6.497612, 13, 1, 13, 0
6370, -0.045573, 6.497723, 13, 1, 13, 0
6380, -0.046875, 6.497834, 13, 1, 13, 0
6390, -0.046875, 6.497947, 13, 1, 13, 0
6400, -0.046875, 6.498061, 13, 1, 13, 0
6410, -0.046875, 6.498177, 13, 1, 13, 0
6420, -0.049479, 6.498297, 13, 1, 13, 0
6430, -0.052083, 6.498417, 13, 1, 13, 0
6440, -0.054688, 6.498541, 13, 1, 13, 0
6450, -0.054688, 6.498665, 13, 1, 13, 0
6460, -0.054688, 6.498793, 13, 1, 13, 0
6470, -0.054688, 6.498895, 13, 1, 13, 0
6480, -0.057292, 6.499006, 13, 1, 13, 0
6490, -0.059896, 6.499127, 13, 1, 13, 0
6500, -0.062500, 6.499257, 13, 1, 13, 0
6510, -0.062500, 6.499334, 13, 1, 13, 0
6520, -0.062500, 6.499403, 13, 1, 13, 0
6530, -0.065104, 6.499487, 13, 1, 13, 0
6540, -0.067708, 6.499583, 13, 1, 13, 0
6550, -0.070312, 6.499655, 13, 1, 13, 0
6560, -0.070312, 6.499738, 13, 1, 13, 0
6570, -0.070312, 6.499808, 13, 1, 13, 0
6580, -0.071615, 6.499891, 12, 1, 12, 0
6590, -0.074219, 6.499963, 13, 1, 13, 0
6600, -0.076823, 6.500050, 13, 1, 13, 0
6610, -0.078125, 6.500127, 13, 1, 13, 0
6620, -0.078125, 6.500220, 13, 1, 13, 0
6630, -0.079427, 6.500304, 12, 1, 12, 0
6640, -0.082031, 6.500373, 13, 1, 13, 0
6650, -0.084635, 6.500437, 13, 1, 13, 0
6660, -0.085938, 6.500499, 13, 1, 13, 0
6670, -0.087240, 6.500566, 12, 1, 12, 0
6680, -0.088542, 6.500641, 12, 1, 12, 0
6690, -0.091146, 6.500721, 13, 1, 13, 0
6700, -0.092448, 6.500808, 13, 1, 13, 0
6710, -0.093750, 6.500897, 13, 1, 13, 0
6720, -0.095052, 6.500999, 12, 1, 12, 0
6730, -0.096354, 6.501112, 12, 1, 12, 0
6740, -0.098958, 6.501240, 13, 1, 13, 0
6750, -0.100260, 6.501377, 13, 1, 13, 0
6760, -0.101562, 6.501523, 13, 1, 13, 0
6770, -0.102865, 6.501682, 12, 1, 12, 0
6780, -0.105469, 6.501854, 13, 1, 13, 0
6790, -0.108073, 6.502038, 13, 1, 13, 0
6800, -0.109375, 6.502234, 13, 1, 13, 0
6810, -0.109375, 6.502446, 13, 1, 13, 0
6820, -0.110677, 6.502674, 12, 1, 12, 0
6830, -0.111979, 6.502920, 12, 1, 12, 0
6840, -0.114583, 6.503179, 13, 1, 13, 0
6850, -0.115885, 6.503451, 13, 1, 13, 0
6860, -0.118490, 6.503739, 12, 1, 12, 0
6870, -0.119792, 6.504044, 12, 1, 12, 0
6880, -0.122396, 6.504364, 13, 1, 13, 0
6890, -0.123698, 6.504700, 13, 1, 13, 0
6900, -0.125000, 6.505053, 13, 1, 13, 0
6910, -0.126302, 6.505426, 12, 1, 12, 0
6920, -0.127604, 6.505813, 12, 1, 12, 0
6930, -0.128906, 6.506220, 12, 1, 12, 0
6940, -0.130208, 6.506647, 13, 1, 13, 0
6950, -0.131510, 6.507084, 13, 1, 13, 0
6960, -0.134115, 6.507541, 12, 1, 12, 0
6970, -0.135417, 6.508009, 12, 1, 12, 0
6980, -0.136719, 6.508496, 12, 1, 12, 0
6990, -0.138021, 6.509001, 13, 1, 13, 0
7000, -0.139323, 6.509521, 13, 1, 13, 0
7010, -0.140625, 6.510061, 13, 1, 13, 0
7020, -0.141927, 6.510606, 12, 1, 12, 0
7030, -0.143229, 6.511182, 12, 1, 12, 0
7040, -0.144531, 6.511767, 12, 1, 12, 0
7050, -0.145833, 6.512362, 13, 1, 13, 0
7060, -0.147135, 6.512966, 13, 1, 13, 0
7070, -0.148438, 6.513589, 13, 1, 13, 0
7080, -0.149740, 6.514245, 12, 1, 12, 0
7090, -0.151042, 6.514909, 12, 1, 12, 0
7100, -0.152344, 6.515630, 12, 1, 12, 0
7110, -0.152344, 6.516354, 12, 1, 12, 0
7120, -0.153646, 6.517088, 13, 1, 13, 0
7130, -0.154948, 6.517875, 13, 1, 13, 0
7140, -0.157552, 6.518666, 12, 1, 12, 0
7150, -0.158854, 6.519493, 12, 1, 12, 0
7160, -0.160156, 6.520314, 12, 1, 12, 0
7170, -0.160156, 6.521167, 12, 1, 12, 0
7180, -0.160156, 6.522017, 12, 1, 12, 0
7190, -0.160156, 6.522910, 12, 1, 12, 0
7200, -0.160156, 6.523840, 12, 1, 12, 0
7210, -0.161458, 6.524807, 13, 1, 13, 0
7220, -0.162760, 6.525804, 13, 1, 13, 0
7230, -0.164062, 6.526835, 13, 1, 13, 0
7240, -0.164062, 6.527885, 13, 1, 13, 0
7250, -0.165365, 6.528952, 12, 1, 12, 0
7260, -0.166667, 6.530038, 12, 1, 12, 0
7270, -0.167969, 6.531154, 12, 1, 12, 0
7280, -0.167969, 6.532293, 12, 1, 12, 0
7290, -0.167969, 6.533443, 12, 1, 12, 0
7300, -0.167969, 6.534603, 12, 1, 12, 0
7310, -0.167969, 6.535770, 12, 1, 12, 0
7320, -0.167969, 6.536955, 12, 1, 12, 0
7330, -0.167969, 6.538154, 12, 1, 12, 0
7340, -0.167969, 6.539370, 12, 1, 12, 0
7350, -0.167969, 6.540599, 12, 1, 12, 0
7360, -0.167969, 6.541838, 12, 1, 12, 0
7370, -0.167969, 6.543075, 12, 1, 12, 0
7380, -0.167969, 6.544332, 12, 1, 12, 0
7390, -0.167969, 6.545726, 12, 1, 12, 0
7400, -0.167969, 6.547112, 12, 1, 12, 0
7410, -0.167969, 6.548464, 12, 1, 12, 0
7420, -0.167969, 6.549789, 12, 1, 12, 0
7430, -0.167969, 6.551352, 12, 1, 12, 0
7440, -0.167969, 6.552817, 12, 1, 12, 0
7450, -0.166667, 6.554457, 13, 1, 13, 0
7460, -0.165365, 6.556357, 13, 1, 13, 0
7470, -0.164062, 6.558304, 13, 1, 13, 0
7480, -0.164062, 6.560214, 13, 1, 13, 0
7490, -0.164062, 6.562258, 13, 1, 13, 0
7500, -0.164062, 6.564277, 13, 1, 13, 0
7510, -0.164062, 6.566363, 13, 1, 13, 0
7520, -0.164062, 6.568387, 13, 1, 13, 0
7530, -0.162760, 6.570498, 12, 1, 12, 0
7540, -0.161458, 6.572710, 12, 1, 12, 0
7550, -0.160156, 6.574890, 12, 1, 12, 0
7560, -0.158854, 6.577135, 13, 1, 13, 0
7570, -0.157552, 6.579444, 13, 1, 13, 0
7580, -0.156250, 6.581805, 13, 1, 13, 0
7590, -0.155320, 6.584066, 14, 1, 14, 0
7600, -0.153116, 6.586371, 13, 1, 13, 0
7610, -0.149297, 6.588696, 15, 1, 15, 0
7620, -0.146408, 6.591026, 15, 1, 15, 0
7630, -0.144054, 6.593368, 16, 1, 16, 0
7640, -0.142144, 6.595713, 15, 1, 15, 0
7650, -0.139223, 6.598053, 17, 1, 17, 0
7660, -0.137040, 6.600372, 17, 1, 17, 0
7670, -0.135391, 6.602670, 18, 1, 18, 0
7680, -0.132872, 6.604950, 18, 1, 18, 0
7690, -0.129744, 6.607090, 19, 1, 19, 0
7700, -0.125794, 6.609161, 20, 1, 20, 0
7710, -0.123725, 6.611211, 20, 1, 20, 0
7720, -0.121689, 6.613241, 21, 1, 21, 0
7730, -0.119500, 6.615260, 21, 1, 21, 0
7740, -0.117241, 6.617287, 23, 1, 23, 0
7750, -0.114823, 6.619300, 22, 1, 22, 0
7760, -0.112833, 6.621287, 22, 1, 22, 0
7770, -0.110175, 6.623258, 21, 1, 21, 0
7780, -0.107013, 6.625216, 21, 1, 21, 0
7790, -0.104291, 6.627158, 20, 1, 20, 0
7800, -0.101484, 6.629083, 19, 1, 19, 0
7810, -0.099149, 6.630992, 18, 1, 18, 0
7820, -0.096111, 6.632891, 18, 1, 18, 0
7830, -0.092337, 6.634776, 17, 1, 17, 0
7840, -0.088720, 6.636639, 16, 1, 16, 0
7850, -0.084597, 6.638491, 16, 1, 16, 0
7860, -0.081380, 6.640335, 15, 1, 15, 0
7870, -0.076693, 6.642181, 15, 1, 15, 0
7880, -0.070433, 6.644155, 13, 1, 13, 0
7890, -0.063922, 6.646093, 12, 2, 10, 2
7900, -0.055589, 6.648010, 11, 1, 11, 0
7910, -0.048177, 6.649892, 11, 1, 11, 0
7920, -0.040365, 6.651753, 10, 1, 10, 0
7930, -0.035156, 6.653596, 11, 1, 11, 0
7940, -0.029948, 6.655445, 11, 1, 11, 0
7950, -0.026042, 6.657301, 11, 1, 11, 0
7960, -0.020833, 6.659174, 11, 1, 11, 0
7970, -0.015625, 6.661053, 11, 1, 11, 0
7980, -0.010417, 6.662938, 11, 1, 11, 0
7990, -0.005208, 6.664728, 11, 1, 11, 0
8000, 0.000000, 6.666534, 11, 1, 11, 0
8010, 0.005208, 6.668154, 11, 1, 11, 0
8020, 0.010417, 6.669480, 11, 1, 11, 0
8030, 0.015625, 6.670475, 11, 1, 11, 0
8040, 0.020833, 6.671210, 11, 1, 11, 0
8050, 0.024740, 6.671758, 10, 1, 10, 0
8060, 0.027344, 6.672235, 11, 1, 11, 0
8070, 0.031250, 6.672757, 10, 1, 10, 0
8080, 0.033854, 6.673347, 10, 1, 10, 0
8090, 0.036458, 6.674013, 11, 1, 11, 0
8100, 0.037760, 6.674619, 11, 1, 11, 0
8110, 0.040365, 6.675141, 10, 1, 10, 0
8120, 0.041667, 6.675564, 10, 1, 10, 0
8130, 0.044271, 6.675788, 11, 1, 11, 0
8140, 0.045573, 6.675974, 11, 1, 11, 0
8150, 0.046875, 6.676102, 11, 1, 11, 0
8160, 0.048177, 6.676178, 10, 1, 10, 0
8170, 0.049479, 6.676285, 10, 1, 10, 0
8180, 0.050781, 6.676344, 10, 1, 10, 0
8190, 0.050781, 6.676358, 10, 1, 10, 0
8200, 0.050781, 6.676332, 10, 1, 10, 0
8210, 0.050781, 6.676270, 10, 1, 10, 0
8220, 0.050781, 6.676170, 10, 1, 10, 0
8230, 0.050781, 6.676036, 10, 1, 10, 0
8240, 0.050781, 6.675870, 10, 1, 10, 0
8250, 0.050781, 6.675677, 10, 1, 10, 0
8260, 0.050781, 6.675456, 10, 1, 10, 0
8270, 0.050781, 6.675203, 10, 1, 10, 0
8280, 0.050781, 6.674930, 10, 1, 10, 0
8290, 0.049479, 6.674638, 11, 1, 11, 0
8300, 0.048177, 6.674329, 11, 1, 11, 0
8310, 0.046875, 6.674011, 11, 1, 11, 0
8320, 0.045573, 6.673678, 10, 1, 10, 0
8330, 0.044271, 6.673329, 10, 1, 10, 0
8340, 0.042969, 6.672963, 10, 1, 10, 0
8350, 0.042969, 6.672581, 10, 1, 10, 0
8360, 0.041667, 6.672182, 11, 1, 11, 0
8370, 0.040365, 6.671777, 11, 1, 11, 0
8380, 0.037760, 6.671357, 10, 1, 10, 0
8390, 0.036458, 6.670923, 10, 1, 10, 0
8400, 0.035156, 6.670474, 10, 1, 10, 0
8410, 0.035156, 6.670009, 10, 1, 10, 0
8420, 0.033854, 6.669529, 11, 1, 11, 0
8430, 0.031250, 6.669031, 10, 1, 10, 0
8440, 0.028646, 6.668493, 10, 1, 10, 0
8450, 0.027344, 6.667939, 10, 1, 10, 0
8460, 0.026042, 6.667350, 11, 1, 11, 0
8470, 0.023438, 6.666753, 10, 1, 10, 0
8480, 0.020833, 6.666150, 10, 1, 10, 0
8490, 0.019531, 6.665515, 10, 1, 10, 0
8500, 0.016927, 6.664845, 10, 1, 10, 0
8510, 0.014323, 6.664149, 10, 1, 10, 0
8520, 0.011719, 6.663428, 10, 1, 10, 0
8530, 0.009115, 6.662685, 10, 1, 10, 0
8540, 0.006510, 6.661926, 10, 1, 10, 0
8550, 0.003906, 6.661154, 10, 1, 10, 0
8560, 0.002604, 6.660371, 9, 1, 9, 0
8570, 0.000000, 6.659559, 10, 1, 10, 0
8580, -0.002604, 6.658707, 10, 1, 10, 0
8590, -0.006510, 6.657840, 10, 1, 10, 0
8600, -0.009115, 6.656958, 10, 1, 10, 0
8610, -0.013021, 6.656058, 9, 1, 9, 0
8620, -0.015625, 6.655143, 10, 1, 10, 0
8630, -0.018229, 6.654214, 10, 1, 10, 0
8640, -0.020833, 6.653274, 9, 1, 9, 0
8650, -0.023438, 6.652327, 10, 1, 10, 0
8660, -0.027344, 6.651365, 9, 1, 9, 0
8670, -0.029948, 6.650408, 9, 1, 9, 0
8680, -0.033854, 6.649451, 9, 1, 9, 0
8690, -0.036458, 6.648483, 9, 1, 9, 0
8700, -0.040365, 6.647530, 10, 1, 10, 0
8710, -0.041667, 6.646570, 10, 1, 10, 0
8720, -0.044271, 6.645628, 9, 1, 9, 0
8730, -0.046875, 6.644544, 10, 1, 10, 0
8740, -0.050781, 6.643501, 9, 1, 9, 0
8750, -0.054688, 6.642478, 10, 1, 10, 0
8760, -0.058594, 6.641598, 9, 1, 9, 0
8770, -0.061198, 6.640763, 9, 1, 9, 0
8780, -0.063802, 6.639835, 10, 1, 10, 0
8790, -0.066406, 6.638950, 9, 1, 9, 0
8800, -0.070312, 6.638122, 10, 1, 10, 0
8810, -0.074219, 6.637215, 9, 1, 9, 0
8820, -0.078125, 6.636367, 10, 1, 10, 0
8830, -0.080729, 6.635589, 10, 1, 10, 0
8840, -0.083333, 6.634754, 9, 1, 9, 0
8850, -0.087476, 6.633998, 11, 2, 10, 1
8860, -0.092945, 6.633188, 10, 2, 9, 1
8870, -0.099455, 6.632466, 10, 2, 9, 1
8880, -0.104427, 6.631706, 11, 2, 9, 2
8890, -0.108941, 6.631041, 12, 1, 12, 0
8900, -0.113498, 6.630349, 12, 1, 12, 0
8910, -0.118707, 6.629767, 12, 1, 12, 0
8920, -0.124048, 6.629165, 13, 1, 13, 0
8930, -0.128172, 6.628674, 12, 1, 12, 0
8940, -0.130976, 6.628169, 13, 1, 13, 0
8950, -0.134782, 6.627651, 13, 1, 13, 0
8960, -0.139022, 6.627144, 13, 1, 13, 0
8970, -0.143472, 6.626772, 14, 1, 14, 0
8980, -0.147407, 6.626423, 14, 1, 14, 0
8990, -0.150546, 6.626080, 15, 1, 15, 0
9000, -0.152840, 6.625774, 15, 1, 15, 0
9010, -0.155280, 6.625614, 17, 1, 17, 0
9020, -0.156914, 6.625491, 17, 1, 17, 0
9030, -0.160531, 6.625371, 18, 1, 18, 0
9040, -0.162514, 6.625289, 18, 1, 18, 0
9050, -0.165654, 6.625238, 18, 1, 18, 0
9060, -0.167565, 6.625238, 19, 1, 19, 0
9070, -0.170025, 6.625409, 18, 1, 18, 0
9080, -0.172149, 6.625621, 19, 1, 19, 0
9090, -0.173520, 6.625869, 19, 1, 19, 0
9100, -0.176558, 6.626157, 18, 1, 18, 0
9110, -0.178774, 6.626489, 18, 1, 18, 0
9120, -0.181475, 6.626871, 17, 1, 17, 0
9130, -0.183798, 6.627318, 17, 1, 17, 0
9140, -0.186121, 6.627828, 17, 1, 17, 0
9150, -0.190411, 6.628413, 16, 1, 16, 0
9160, -0.192862, 6.629063, 16, 1, 16, 0
9170, -0.197917, 6.629793, 15, 1, 15, 0
9180, -0.200521, 6.630591, 15, 1, 15, 0
9190, -0.203683, 6.631469, 14, 1, 14, 0
9200, -0.206473, 6.632416, 14, 1, 14, 0
9210, -0.209879, 6.633444, 13, 1, 13, 0
9220, -0.215130, 6.634578, 13, 1, 13, 0
9230, -0.218149, 6.635787, 13, 1, 13, 0
9240, -0.222556, 6.637102, 11, 1, 11, 0
9250, -0.225861, 6.638470, 12, 1, 12, 0
9260, -0.228466, 6.639933, 13, 1, 13, 0
9270, -0.232372, 6.641488, 12, 1, 12, 0
9280, -0.234976, 6.643133, 12, 1, 12, 0
9290, -0.238281, 6.644863, 12, 1, 12, 0
9300, -0.240885, 6.646675, 12, 1, 12, 0
9310, -0.243490, 6.648569, 12, 1, 12, 0
9320, -0.246094, 6.650533, 12, 1, 12, 0
9330, -0.248698, 6.652579, 12, 1, 12, 0
9340, -0.251302, 6.654699, 12, 1, 12, 0
9350, -0.253906, 6.656897, 12, 1, 12, 0
9360, -0.255208, 6.659159, 11, 1, 11, 0
9370, -0.257812, 6.661496, 12, 1, 12, 0
9380, -0.260417, 6.664182, 12, 1, 12, 0
9390, -0.263221, 6.666913, 13, 2, 12, 1
9400, -0.267127, 6.669664, 13, 2, 12, 1
9410, -0.271034, 6.672704, 13, 2, 12, 1
9420, -0.273638, 6.675750, 13, 2, 12, 1
9430, -0.273838, 6.679040, 13, 2, 12, 1
9440, -0.274038, 6.682270, 13, 2, 12, 1
9450, -0.276442, 6.685685, 13, 2, 12, 1
9460, -0.278846, 6.689216, 13, 2, 12, 1
9470, -0.281250, 6.692911, 13, 2, 12, 1
9480, -0.281450, 6.696854, 13, 2, 12, 1
9490, -0.281651, 6.701148, 13, 2, 12, 1
9500, -0.282953, 6.705874, 14, 2, 13, 1
9510, -0.285357, 6.710937, 13, 2, 12, 1
9520, -0.287760, 6.716158, 13, 2, 12, 1
9530, -0.289062, 6.721456, 13, 2, 12, 1
9540, -0.290365, 6.726723, 14, 2, 12, 2
9550, -0.291667, 6.731903, 14, 2, 12, 2
9560, -0.292969, 6.736981, 14, 2, 12, 2
9570, -0.292969, 6.742042, 14, 2, 12, 2
9580, -0.292969, 6.747116, 14, 2, 12, 2
9590, -0.292969, 6.752238, 14, 2, 12, 2
9600, -0.292969, 6.757358, 14, 2, 12, 2
9610, -0.291867, 6.762474, 13, 2, 12, 1
9620, -0.289263, 6.767568, 12, 1, 12, 0
9630, -0.286659, 6.772623, 12, 1, 12, 0
9640, -0.285156, 6.777630, 12, 1, 12, 0
9650, -0.285156, 6.782587, 12, 1, 12, 0
9660, -0.283854, 6.787498, 11, 1, 11, 0
9670, -0.282552, 6.792344, 11, 1, 11, 0
9680, -0.279948, 6.797119, 12, 1, 12, 0
9690, -0.277945, 6.801812, 13, 1, 13, 0
9700, -0.274690, 6.806424, 12, 1, 12, 0
9710, -0.272736, 6.810944, 12, 1, 12, 0
9720, -0.269717, 6.815381, 14, 1, 14, 0
9730, -0.266763, 6.819726, 13, 1, 13, 0
9740, -0.263135, 6.823982, 14, 1, 14, 0
9750, -0.259229, 6.828173, 14, 1, 14, 0
9760, -0.255890, 6.832275, 15, 1, 15, 0
9770, -0.253333, 6.836284, 16, 1, 16, 0
9780, -0.251194, 6.840205, 16, 1, 16, 0
9790, -0.249674, 6.844098, 16, 1, 16, 0
9800, -0.246419, 6.848095, 16, 1, 16, 0
9810, -0.244466, 6.851991, 14, 1, 14, 0
9820, -0.241211, 6.855803, 14, 1, 14, 0
9830, -0.238518, 6.859520, 11, 1, 11, 0
9840, -0.235046, 6.863173, 12, 1, 12, 0
9850, -0.230193, 6.866729, 11, 1, 11, 0
9860, -0.223445, 6.870187, 10, 2, 7, 3
9870, -0.217080, 6.873536, 9, 2, 7, 2
9880, -0.209563, 6.876637, 8, 2, 7, 1
9890, -0.200448, 6.879763, 7, 1, 7, 0
9900, -0.185981, 6.882802, 9, 2, 8, 1
9910, -0.173286, 6.885730, 8, 2, 7, 1
9920, -0.158529, 6.888558, 9, 2, 7, 2
9930, -0.146376, 6.891289, 11, 2, 8, 3
9940, -0.133480, 6.893960, 13, 2, 9, 4
9950, -0.125401, 6.896564, 13, 2, 9, 4
9960, -0.120006, 6.899142, 14, 2, 10, 4
9970, -0.113138, 6.901709, 14, 2, 9, 5
9980, -0.106027, 6.904264, 16, 2, 10, 6
9990, -0.096103, 6.906795, 17, 2, 10, 7
10000, -0.088925, 6.909278, 17, 2, 10, 7
10010, -0.081181, 6.911736, 19, 2, 11, 8
10020, -0.076685, 6.914173, 23, 2, 14, 9
10030, -0.072201, 6.916611, 26, 2, 16, 10
10040, -0.067455, 6.919059, 27, 2, 16, 11
10050, -0.061710, 6.921504, 27, 2, 16, 11
10060, -0.054498, 6.923952, 26, 2, 14, 12
10070, -0.047257, 6.926382, 26, 2, 14, 12
10080, -0.038762, 6.928804, 26, 2, 15, 11
10090, -0.030148, 6.931211, 26, 3, 16, 7
10100, -0.020244, 6.933605, 25, 3, 17, 7
10110, -0.009716, 6.935983, 25, 2, 18, 7
10120, -0.016927, 6.938340, 44, 2, 36, 8
10130, -0.025729, 6.940826, 44, 2, 36, 8
10140, -0.035368, 6.943461, 43, 2, 36, 7
10150, -0.029089, 6.947481, 45, 2, 37, 8
10160, -0.022579, 6.951377, 46, 2, 37, 9
10170, -0.015856, 6.953904, 46, 2, 37, 9
10180, -0.007812, 6.956438, 46, 2, 37, 9
10190, 0.000000, 6.958965, 46, 2, 37, 9
10200, 0.007812, 6.961191, 46, 2, 37, 9
10210, 0.015348, 6.963213, 47, 2, 37, 10
10220, 0.022651, 6.965043, 46, 2, 37, 9
10230, 0.027859, 6.966662, 46, 2, 37, 9
10240, 0.033345, 6.968060, 46, 2, 37, 9
10250, 0.038831, 6.969228, 45, 2, 37, 8
10260, 0.044039, 6.970153, 46, 2, 37, 9
10270, 0.049248, 6.970825, 46, 2, 37, 9
10280, 0.052083, 6.971299, 46, 2, 37, 9
10290, 0.055990, 6.971826, 44, 2, 36, 8
10300, 0.057292, 6.972422, 44, 2, 36, 8
10310, 0.060986, 6.973110, 43, 2, 36, 7
10320, 0.063378, 6.973845, 43, 2, 36, 7
10330, 0.065770, 6.974376, 43, 2, 36, 7
10340, 0.067094, 6.974839, 41, 2, 35, 6
10350, 0.068608, 6.975236, 42, 2, 35, 7
10360, 0.070122, 6.975602, 42, 2, 35, 7
10370, 0.071403, 6.976005, 43, 2, 36, 7
10380, 0.072705, 6.976352, 42, 2, 36, 6
10390, 0.075118, 6.976651, 41, 2, 35, 6
10400, 0.076442, 6.976904, 41, 2, 35, 6
10410, 0.077553, 6.977102, 41, 2, 35, 6
10420, 0.077553, 6.977246, 41, 2, 35, 6
10430, 0.077553, 6.977351, 41, 2, 35, 6
10440, 0.077553, 6.977420, 41, 2, 35, 6
10450, 0.077553, 6.977456, 41, 2, 35, 6
10460, 0.077553, 6.977447, 41, 2, 35, 6
10470, 0.077553, 6.977288, 41, 2, 35, 6
10480, 0.077553, 6.976828, 41, 2, 35, 6
10490, 0.077553, 6.977344, 41, 2, 35, 6
10500, 0.077553, 6.977851, 41, 2, 35, 6
10510, 0.077553, 6.977136, 41, 2, 35, 6
10520, 0.077553, 6.976656, 41, 2, 35, 6
10530, 0.077553, 6.976159, 41, 2, 35, 6
10540, 0.077553, 6.975630, 41, 2, 35, 6
10550, 0.077418, 6.975042, 40, 2, 35, 5
10560, 0.075005, 6.974425, 40, 2, 35, 5
10570, 0.072591, 6.973779, 40, 2, 35, 5
10580, 0.070122, 6.973079, 41, 2, 35, 6
10590, 0.069931, 6.972355, 41, 2, 35, 6
10600, 0.069606, 6.971575, 40, 2, 35, 5
10610, 0.068327, 6.970774, 39, 2, 34, 5
10620, 0.065914, 6.969941, 40, 2, 35, 5
10630, 0.063310, 6.969068, 40, 2, 35, 5
10640, 0.061849, 6.968153, 40, 2, 35, 5
10650, 0.060380, 6.967199, 39, 2, 34, 5
10660, 0.058101, 6.966209, 40, 2, 35, 5
10670, 0.055689, 6.965181, 39, 2, 35, 4
10680, 0.053085, 6.964116, 39, 2, 34, 5
10690, 0.051646, 6.963015, 38, 3, 34, 2
10700, 0.049038, 6.961881, 38, 3, 35, 2
10710, 0.046601, 6.960717, 36, 3, 34, 1
10720, 0.042608, 6.959521, 35, 2, 33, 2
10730, 0.037461, 6.958295, 34, 2, 33, 1
10740, 0.032405, 6.957037, 34, 3, 32, 1
10750, 0.028604, 6.955752, 33, 2, 32, 1
10760, 0.024735, 6.954434, 33, 2, 32, 1
10770, 0.020676, 6.953092, 31, 1, 31, 0
10780, 0.014283, 6.951725, 31, 1, 31, 0
10790, 0.010417, 6.950316, 31, 1, 31, 0
10800, 0.006510, 6.948873, 30, 1, 30, 0
10810, 0.003906, 6.947402, 31, 1, 31, 0
10820, 0.000000, 6.945909, 30, 1, 30, 0
10830, -0.005208, 6.944383, 30, 1, 30, 0
10840, -0.009115, 6.942849, 30, 1, 30, 0
10850, -0.011545, 6.941291, 30, 2, 29, 1
10860, -0.014149, 6.939703, 30, 1, 30, 0
10870, -0.016580, 6.938100, 30, 2, 29, 1
10880, -0.023264, 6.936362, 29, 1, 29, 0
10890, -0.025694, 6.934629, 30, 2, 29, 1
10900, -0.029438, 6.932890, 31, 2, 29, 2
10910, -0.030567, 6.931166, 30, 2, 29, 1
10920, -0.031683, 6.929462, 29, 2, 27, 2
10930, -0.031826, 6.927780, 27, 2, 26, 1
10940, -0.027901, 6.925993, 27, 2, 25, 2
10950, -0.026741, 6.924227, 24, 2, 23, 1
10960, -0.024121, 6.922496, 25, 2, 23, 2
10970, -0.023861, 6.920805, 23, 2, 21, 2
10980, -0.021237, 6.919041, 22, 2, 20, 2
10990, -0.020950, 6.917325, 21, 2, 19, 2
11000, -0.021155, 6.915662, 21, 2, 19, 2
11010, -0.022145, 6.914056, 19, 2, 17, 2
11020, -0.022367, 6.912396, 19, 2, 17, 2
11030, -0.023339, 6.910798, 18, 2, 16, 2
11040, -0.026185, 6.909263, 17, 2, 16, 1
11050, -0.026152, 6.907799, 17, 2, 15, 2
11060, -0.027686, 6.906296, 15, 2, 14, 1
11070, -0.027819, 6.904869, 15, 2, 14, 1
11080, -0.031659, 6.903520, 14, 2, 13, 1
11090, -0.033123, 6.902156, 14, 2, 13, 1
11100, -0.035500, 6.900881, 13, 2, 12, 1
11110, -0.036973, 6.899707, 13, 2, 12, 1
11120, -0.038261, 6.898520, 13, 2, 12, 1
11130, -0.039747, 6.897453, 12, 2, 11, 1
11140, -0.041032, 6.896486, 12, 2, 11, 1
11150, -0.046441, 6.895545, 11, 1, 11, 0
11160, -0.050564, 6.894724, 11, 1, 11, 0
11170, -0.058712, 6.894016, 11, 2, 10, 1
11180, -0.065924, 6.893343, 13, 2, 11, 2
11190, -0.074604, 6.892786, 12, 2, 10, 2
11200, -0.079694, 6.892354, 12, 2, 10, 2
11210, -0.081597, 6.892036, 12, 2, 10, 2
11220, -0.086338, 6.891759, 13, 2, 10, 3
11230, -0.092663, 6.891612, 14, 2, 10, 4
11240, -0.100575, 6.891609, 13, 2, 9, 4
11250, -0.106251, 6.891737, 15, 2, 10, 5
11260, -0.109909, 6.891908, 15, 2, 10, 5
11270, -0.115278, 6.892212, 15, 2, 9, 6
11280, -0.120231, 6.892650, 17, 2, 10, 7
11290, -0.126687, 6.893234, 16, 2, 9, 7
11300, -0.131405, 6.893943, 17, 2, 9, 8
11310, -0.135864, 6.894789, 19, 2, 10, 9
11320, -0.140258, 6.895752, 18, 2, 9, 9
11330, -0.145175, 6.896850, 20, 2, 11, 9
11340, -0.149219, 6.898063, 18, 2, 9, 9
11350, -0.153262, 6.899407, 19, 2, 10, 9
11360, -0.157299, 6.900961, 20, 2, 11, 9
11370, -0.161205, 6.902736, 18, 2, 9, 9
11380, -0.165180, 6.904686, 19, 2, 10, 9
11390, -0.168481, 6.906761, 17, 2, 9, 8
11400, -0.172593, 6.909117, 19, 2, 10, 9
11410, -0.176567, 6.911845, 19, 2, 10, 9
11420, -0.180550, 6.914988, 17, 2, 9, 8
11430, -0.184525, 6.918494, 19, 2, 10, 9
11440, -0.190183, 6.922257, 18, 2, 10, 8
11450, -0.194429, 6.926183, 18, 2, 10, 8
11460, -0.200087, 6.930209, 18, 2, 10, 8
11470, -0.204298, 6.934346, 19, 2, 11, 8
11480, -0.209506, 6.938571, 18, 2, 10, 8
11490, -0.213557, 6.942843, 18, 2, 10, 8
11500, -0.216001, 6.947070, 18, 2, 10, 8
11510, -0.220052, 6.951305, 18, 2, 10, 8
11520, -0.222656, 6.955616, 18, 2, 10, 8
11530, -0.227865, 6.960040, 18, 2, 10, 8
11540, -0.230469, 6.964590, 18, 2, 10, 8
11550, -0.236417, 6.969264, 17, 2, 10, 7
11560, -0.239022, 6.974000, 18, 2, 10, 8
11570, -0.244970, 6.978803, 17, 2, 10, 7
11580, -0.246834, 6.983689, 18, 2, 10, 8
11590, -0.249106, 6.986130, 17, 2, 9, 8
11600, -0.249939, 6.988256, 16, 2, 9, 7
11610, -0.250373, 6.990593, 16, 2, 8, 8
11620, -0.251139, 6.993132, 16, 2, 8, 8
11630, -0.251910, 6.995872, 15, 2, 8, 7
11640, -0.252604, 6.998808, 15, 2, 8, 7
11650, -0.253299, 7.001938, 15, 2, 8, 7
11660, -0.252083, 7.004967, 15, 2, 8, 7
11670, -0.253993, 7.007986, 14, 2, 7, 7
11680, -0.254601, 7.011126, 14, 2, 8, 6
11690, -0.255208, 7.014485, 14, 2, 8, 6
11700, -0.253906, 7.018059, 14, 2, 8, 6
11710, -0.253906, 7.021956, 14, 2, 8, 6
11720, -0.253906, 7.026025, 14, 2, 8, 6
11730, -0.253646, 7.030241, 15, 2, 9, 6
11740, -0.253546, 7.034588, 13, 3, 8, 3
11750, -0.253446, 7.039276, 13, 3, 8, 3
11760, -0.253606, 7.044131, 13, 3, 8, 3
11770, -0.251319, 7.049224, 12, 3, 8, 3
11780, -0.247312, 7.054383, 13, 3, 9, 3
11790, -0.243306, 7.059688, 13, 3, 9, 3
11800, -0.239183, 7.065022, 12, 2, 9, 3
11810, -0.237179, 7.070607, 13, 2, 10, 3
11820, -0.237380, 7.076281, 14, 3, 10, 3
11830, -0.238181, 7.082159, 13, 3, 10, 2
11840, -0.236044, 7.088260, 12, 2, 10, 2
11850, -0.233240, 7.094586, 13, 2, 10, 3
11860, -0.232238, 7.101207, 13, 2, 10, 3
11870, -0.232300, 7.107968, 14, 2, 11, 3
11880, -0.229710, 7.114880, 14, 2, 12, 2
11890, -0.228348, 7.121477, 15, 2, 12, 3
11900, -0.228460, 7.125422, 15, 2, 12, 3
11910, -0.229687, 7.129285, 15, 2, 12, 3
11920, -0.231250, 7.133074, 17, 2, 13, 4
11930, -0.231510, 7.136789, 16, 2, 13, 3
11940, -0.230316, 7.140428, 17, 3, 13, 3
11950, -0.227558, 7.143960, 17, 3, 13, 3
11960, -0.224791, 7.147378, 16, 3, 13, 2
11970, -0.223064, 7.150684, 18, 3, 14, 2
11980, -0.220306, 7.153562, 17, 3, 14, 2
11990, -0.216103, 7.156357, 17, 2, 14, 3
12000, -0.214461, 7.159047, 17, 2, 14, 3
12010, -0.213671, 7.161673, 19, 2, 15, 4
12020, -0.218346, 7.164225, 21, 2, 17, 4
12030, -0.222087, 7.166764, 24, 2, 19, 5
12040, -0.227813, 7.169267, 27, 2, 21, 6
12050, -0.233425, 7.171744, 31, 2, 24, 7
12060, -0.239758, 7.174186, 33, 2, 25, 8
12070, -0.242941, 7.176596, 32, 2, 24, 8
12080, -0.240136, 7.178945, 33, 2, 23, 10
12090, -0.234454, 7.181188, 33, 2, 22, 11
12100, -0.228757, 7.183314, 32, 2, 21, 11
12110, -0.225048, 7.185342, 33, 2, 21, 12
12120, -0.219524, 7.187303, 33, 2, 20, 13
12130, -0.212353, 7.189194, 34, 2, 19, 15
12140, -0.203907, 7.191014, 34, 2, 18, 16
12150, -0.198223, 7.192761, 34, 2, 18, 16
12160, -0.186894, 7.194471, 24, 2, 17, 7
12170, -0.166220, 7.196116, 22, 2, 21, 1
12180, -0.153123, 7.197633, 31, 1, 31, 0
12190, -0.148674, 7.199087, 33, 1, 33, 0
12200, -0.154948, 7.200560, 34, 1, 34, 0
12210, -0.152344, 7.202141, 33, 1, 33, 0
12220, -0.147135, 7.203750, 33, 1, 33, 0
12230, -0.141927, 7.205622, 32, 1, 32, 0
12240, -0.137745, 7.206708, 33, 2, 32, 1
12250, -0.136065, 7.207809, 31, 2, 30, 1
12260, -0.134006, 7.208942, 31, 2, 29, 2
12270, -0.127772, 7.210100, 32, 3, 28, 2
12280, -0.120693, 7.211280, 33, 3, 27, 3
12290, -0.113202, 7.212483, 30, 2, 26, 4
12300, -0.104367, 7.213713, 28, 2, 23, 5
12310, -0.083699, 7.214972, 20, 2, 14, 6
12320, -0.059051, 7.216200, 19, 3, 10, 8
12330, -0.044058, 7.217376, 20, 3, 8, 7
12340, -0.041669, 7.218561, 23, 3, 9, 8
12350, -0.043531, 7.219846, 24, 3, 10, 10
12360, -0.038814, 7.221275, 26, 3, 12, 12
12370, -0.031567, 7.222818, 26, 2, 13, 13
12380, -0.023538, 7.224455, 32, 2, 16, 16
12390, -0.015625, 7.226178, 35, 1, 35, 0
12400, -0.007812, 7.227990, 35, 1, 35, 0
12410, 0.000000, 7.229887, 35, 1, 35, 0
12420, 0.007812, 7.231611, 35, 1, 35, 0
12430, 0.015625, 7.233152, 35, 1, 35, 0
12440, 0.023438, 7.234569, 35, 1, 35, 0
12450, 0.031250, 7.235824, 35, 1, 35, 0
12460, 0.035156, 7.236953, 32, 1, 32, 0
12470, 0.018229, 7.237946, 16, 1, 16, 0
12480, 0.009183, 7.238976, 19, 2, 16, 3
12490, 0.012184, 7.239995, 23, 2, 16, 7
12500, 0.041144, 7.241118, 29, 3, 15, 12
12510, 0.060683, 7.242157, 34, 2, 18, 16
12520, 0.072159, 7.243179, 34, 2, 19, 15
12530, 0.078749, 7.244092, 33, 2, 19, 14
12540, 0.084034, 7.244961, 34, 2, 19, 15
12550, 0.089319, 7.245838, 34, 2, 20, 14
12560, 0.091923, 7.246740, 33, 2, 19, 14
12570, 0.095862, 7.247655, 35, 2, 20, 15
12580, 0.098631, 7.248456, 33, 2, 19, 14
12590, 0.100994, 7.249280, 34, 2, 19, 15
12600, 0.104944, 7.250090, 34, 2, 20, 14
12610, 0.107548, 7.250910, 33, 2, 19, 14
12620, 0.111487, 7.251722, 35, 2, 20, 15
12630, 0.114256, 7.252530, 33, 2, 19, 14
12640, 0.116619, 7.253322, 34, 2, 19, 15
12650, 0.117888, 7.254099, 34, 2, 19, 15
12660, 0.119102, 7.254871, 34, 2, 19, 15
12670, 0.121706, 7.255647, 34, 2, 19, 15
12680, 0.124311, 7.256436, 34, 2, 19, 15
12690, 0.125543, 7.257254, 33, 2, 18, 15
12700, 0.126804, 7.258094, 35, 2, 19, 16
12710, 0.129408, 7.258946, 34, 2, 19, 15
12720, 0.131928, 7.259761, 34, 2, 19, 15
12730, 0.133195, 7.260550, 34, 2, 18, 16
12740, 0.133119, 7.261348, 34, 2, 18, 16
12750, 0.134379, 7.262157, 35, 2, 19, 16
12760, 0.135716, 7.262975, 35, 2, 19, 16
12770, 0.137054, 7.263801, 35, 2, 19, 16
12780, 0.137054, 7.264633, 35, 2, 19, 16
12790, 0.138481, 7.265471, 33, 2, 18, 15
12800, 0.139748, 7.266312, 34, 2, 18, 16
12810, 0.141015, 7.267155, 34, 2, 18, 16
12820, 0.140855, 7.267996, 34, 2, 18, 16
12830, 0.140855, 7.268836, 34, 2, 18, 16
12840, 0.140855, 7.269673, 34, 2, 18, 16
12850, 0.140855, 7.270505, 34, 2, 18, 16
12860, 0.140855, 7.271329, 34, 2, 18, 16
12870, 0.140855, 7.272143, 34, 2, 18, 16
12880, 0.140855, 7.272945, 34, 2, 18, 16
12890, 0.140855, 7.273733, 34, 2, 18, 16
12900, 0.140855, 7.274506, 34, 2, 18, 16
12910, 0.140855, 7.275261, 34, 2, 18, 16
12920, 0.140855, 7.275998, 34, 2, 18, 16
12930, 0.140855, 7.276714, 34, 2, 18, 16
12940, 0.140855, 7.277409, 34, 2, 18, 16
12950, 0.140855, 7.278081, 34, 2, 18, 16
12960, 0.140855, 7.278731, 34, 2, 18, 16
12970, 0.139629, 7.279356, 34, 2, 18, 16
12980, 0.137035, 7.279958, 30, 3, 16, 12
12990, 0.132426, 7.280537, 27, 2, 16, 11
13000, 0.128266, 7.281095, 26, 2, 16, 10
13010, 0.124533, 7.281631, 25, 2, 16, 9
13020, 0.121688, 7.282146, 24, 2, 16, 8
13030, 0.118278, 7.282636, 23, 2, 16, 7
13040, 0.112691, 7.283103, 22, 2, 17, 5
13050, 0.108232, 7.283548, 22, 2, 17, 5
13060, 0.098722, 7.283972, 21, 2, 18, 3
13070, 0.089725, 7.284379, 20, 2, 18, 2
13080, 0.082505, 7.284770, 22, 2, 20, 2
13090, 0.082396, 7.285144, 24, 2, 23, 1
13100, 0.085000, 7.285495, 25, 1, 25, 0
13110, 0.089735, 7.285821, 28, 1, 28, 0
13120, 0.096354, 7.286121, 32, 1, 32, 0
13130, 0.105469, 7.286398, 34, 1, 34, 0
13140, 0.110677, 7.286653, 34, 1, 34, 0
13150, 0.113281, 7.286891, 34, 1, 34, 0
13160, 0.111979, 7.287116, 33, 1, 33, 0
13170, 0.109375, 7.287332, 34, 1, 34, 0
13180, 0.106771, 7.287621, 34, 1, 34, 0
13190, 0.105469, 7.288131, 34, 1, 34, 0
13200, 0.104167, 7.288501, 33, 1, 33, 0
13210, 0.101562, 7.288728, 34, 1, 34, 0
13220, 0.098958, 7.288954, 34, 1, 34, 0
13230, 0.097656, 7.289370, 34, 1, 34, 0
13240, 0.095052, 7.289901, 34, 1, 34, 0
13250, 0.092448, 7.290455, 34, 1, 34, 0
13260, 0.089844, 7.290980, 34, 1, 34, 0
13270, 0.089844, 7.291478, 34, 1, 34, 0
13280, 0.087240, 7.291951, 34, 1, 34, 0
13290, 0.084635, 7.292414, 34, 1, 34, 0
13300, 0.082031, 7.292869, 34, 1, 34, 0
13310, 0.079427, 7.293311, 34, 1, 34, 0
13320, 0.076823, 7.293742, 34, 1, 34, 0
13330, 0.072917, 7.294168, 35, 1, 35, 0
13340, 0.070312, 7.294597, 34, 1, 34, 0
13350, 0.067708, 7.295032, 34, 1, 34, 0
13360, 0.065104, 7.295468, 35, 1, 35, 0
13370, 0.062500, 7.295905, 34, 1, 34, 0
13380, 0.059896, 7.296344, 34, 1, 34, 0
13390, 0.057292, 7.296786, 35, 1, 35, 0
13400, 0.054688, 7.297225, 34, 1, 34, 0
13410, 0.050781, 7.297666, 35, 1, 35, 0
13420, 0.046875, 7.298113, 34, 1, 34, 0
13430, 0.044271, 7.298563, 34, 1, 34, 0
13440, 0.041667, 7.299018, 35, 1, 35, 0
13450, 0.039062, 7.299477, 34, 1, 34, 0
13460, 0.035156, 7.299943, 35, 1, 35, 0
13470, 0.031250, 7.300416, 34, 1, 34, 0
13480, 0.027344, 7.300896, 35, 1, 35, 0
13490, 0.023438, 7.301386, 34, 1, 34, 0
13500, 0.020833, 7.301885, 34, 1, 34, 0
13510, 0.016927, 7.302393, 34, 1, 34, 0
13520, 0.014323, 7.302914, 34, 1, 34, 0
13530, 0.009115, 7.303447, 34, 1, 34, 0
13540, 0.006510, 7.303994, 34, 1, 34, 0
13550, 0.001302, 7.304556, 34, 1, 34, 0
13560, -0.001302, 7.305132, 34, 1, 34, 0
13570, -0.006510, 7.305720, 34, 1, 34, 0
13580, -0.010417, 7.306289, 33, 1, 33, 0
13590, -0.015625, 7.306828, 32, 1, 32, 0
13600, -0.020715, 7.307332, 33, 2, 32, 1
13610, -0.025923, 7.307815, 31, 1, 31, 0
13620, -0.031132, 7.308295, 30, 1, 30, 0
13630, -0.036248, 7.308777, 31, 2, 30, 1
13640, -0.041196, 7.309262, 30, 2, 29, 1
13650, -0.045102, 7.309748, 29, 1, 29, 0
13660, -0.047917, 7.310232, 28, 1, 28, 0
13670, -0.050781, 7.310711, 29, 1, 29, 0
13680, -0.054373, 7.311185, 29, 2, 28, 1
13690, -0.056663, 7.311653, 29, 2, 28, 1
13700, -0.056214, 7.312116, 29, 2, 28, 1
13710, -0.055970, 7.312593, 28, 2, 27, 1
13720, -0.053941, 7.313050, 30, 3, 27, 2
13730, -0.053348, 7.313505, 30, 3, 27, 2
13740, -0.054514, 7.313957, 30, 3, 28, 1
13750, -0.057031, 7.314407, 30, 3, 27, 2
13760, -0.059549, 7.314853, 30, 3, 27, 2
13770, -0.059115, 7.315295, 30, 3, 27, 2
13780, -0.059115, 7.315735, 30, 3, 27, 2
13790, -0.057899, 7.316174, 30, 2, 27, 3
13800, -0.057681, 7.316613, 29, 2, 26, 3
13810, -0.057462, 7.317051, 29, 2, 26, 3
13820, -0.058459, 7.317490, 29, 2, 26, 3
13830, -0.058459, 7.317928, 29, 2, 26, 3
13840, -0.058459, 7.318367, 29, 2, 26, 3
13850, -0.058459, 7.318806, 29, 2, 26, 3
13860, -0.058459, 7.319246, 29, 2, 26, 3
13870, -0.058330, 7.319688, 30, 3, 26, 3
13880, -0.058202, 7.320131, 30, 3, 26, 3
13890, -0.059381, 7.320576, 31, 3, 27, 3
13900, -0.060268, 7.321022, 31, 3, 26, 4
13910, -0.061156, 7.321468, 31, 3, 26, 4
13920, -0.060736, 7.321914, 31, 3, 26, 4
13930, -0.060736, 7.322362, 31, 3, 26, 4
13940, -0.060736, 7.322811, 31, 3, 26, 4
13950, -0.060736, 7.323261, 31, 3, 26, 4
13960, -0.060736, 7.323711, 31, 3, 26, 4
13970, -0.059414, 7.324161, 30, 3, 25, 4
13980, -0.058093, 7.324611, 30, 3, 25, 4
13990, -0.056771, 7.325061, 30, 3, 25, 4
14000, -0.056771, 7.325512, 30, 3, 25, 4
14010, -0.056771, 7.325962, 30, 3, 25, 4
14020, -0.056771, 7.326411, 30, 3, 25, 4
14030, -0.056885, 7.326858, 29, 2, 25, 4
14040, -0.056998, 7.327302, 29, 2, 25, 4
14050, -0.057112, 7.327744, 29, 2, 25, 4
14060, -0.058536, 7.328184, 28, 2, 25, 3
14070, -0.058536, 7.328621, 29, 2, 25, 4
14080, -0.059960, 7.329056, 28, 2, 25, 3
14090, -0.059960, 7.329489, 28, 2, 25, 3
14100, -0.061384, 7.329918, 28, 2, 25, 3
14110, -0.061384, 7.330345, 28, 2, 25, 3
14120, -0.059412, 7.330770, 30, 3, 25, 4
14130, -0.057440, 7.331193, 30, 3, 25, 4
14140, -0.055469, 7.331615, 30, 3, 25, 4
14150, -0.054131, 7.332034, 29, 3, 24, 4
14160, -0.052793, 7.332452, 29, 3, 24, 4
14170, -0.051602, 7.332866, 28, 2, 24, 4
14180, -0.051750, 7.333279, 28, 2, 24, 4
14190, -0.051897, 7.333688, 28, 2, 24, 4
14200, -0.051897, 7.334095, 28, 2, 24, 4
14210, -0.051897, 7.334499, 28, 2, 24, 4
14220, -0.051660, 7.334902, 29, 3, 24, 4
14230, -0.049725, 7.335304, 30, 3, 24, 5
14240, -0.045708, 7.335707, 30, 3, 24, 5
14250, -0.043193, 7.336111, 29, 3, 24, 4
14260, -0.042376, 7.336515, 29, 3, 24, 4
14270, -0.043790, 7.336920, 28, 2, 24, 4
14280, -0.043700, 7.337323, 29, 3, 24, 4
14290, -0.043610, 7.337727, 29, 3, 24, 4
14300, -0.041676, 7.338130, 30, 3, 24, 5
14310, -0.038622, 7.338532, 29, 3, 23, 5
14320, -0.035569, 7.338931, 29, 3, 23, 5
14330, -0.027225, 7.339326, 23, 2, 18, 5
14340, -0.020160, 7.339715, 21, 2, 17, 4
14350, -0.013096, 7.340098, 21, 2, 17, 4
14360, -0.011657, 7.340475, 21, 3, 16, 4
14370, -0.008879, 7.340839, 20, 3, 15, 4
14380, -0.004167, 7.341146, 21, 3, 15, 5
14390, 0.000632, 7.341443, 20, 3, 14, 5
14400, 0.002918, 7.341736, 18, 2, 14, 4
14410, 0.004844, 7.342017, 17, 2, 13, 4
14420, 0.005319, 7.342285, 17, 2, 13, 4
14430, 0.006893, 7.342539, 17, 2, 13, 4
14440, 0.008502, 7.342782, 16, 2, 12, 4
14450, 0.010110, 7.343014, 16, 2, 12, 4
14460, 0.011719, 7.343238, 16, 2, 12, 4
14470, 0.011719, 7.343454, 16, 2, 12, 4
14480, 0.011719, 7.343662, 16, 2, 12, 4
14490, 0.013174, 7.343865, 17, 2, 12, 5
14500, 0.014629, 7.344064, 17, 2, 12, 5
14510, 0.016085, 7.344267, 17, 2, 12, 5
14520, 0.016085, 7.344478, 17, 2, 12, 5
14530, 0.017233, 7.344684, 18, 2, 12, 6
14540, 0.018382, 7.344886, 18, 2, 12, 6
14550, 0.019455, 7.345085, 17, 2, 11, 6
14560, 0.020323, 7.345282, 18, 2, 11, 7
14570, 0.019327, 7.345477, 17, 2, 11, 6
14580, 0.016320, 7.345671, 19, 3, 12, 6
14590, 0.013238, 7.345862, 20, 3, 12, 7
14600, 0.012020, 7.346051, 20, 3, 12, 7
14610, 0.011746, 7.346238, 19, 2, 12, 7
14620, 0.011356, 7.346426, 20, 2, 12, 8
14630, 0.009415, 7.346615, 21, 2, 13, 8
14640, 0.008619, 7.346805, 21, 2, 13, 8
14650, 0.006184, 7.346997, 23, 2, 14, 9
14660, 0.001115, 7.347190, 24, 3, 13, 9
14670, -0.010789, 7.347385, 27, 3, 15, 8
14680, -0.023459, 7.347578, 30, 2, 21, 9
14690, -0.031944, 7.347766, 30, 2, 21, 9
14700, -0.033594, 7.347951, 30, 2, 21, 9
14710, -0.033594, 7.348135, 30, 2, 21, 9
14720, -0.033247, 7.348321, 30, 2, 20, 10
14730, -0.032899, 7.348510, 30, 2, 20, 10
14740, -0.032552, 7.348703, 30, 2, 20, 10
14750, -0.032552, 7.348913, 30, 2, 20, 10
14760, -0.033339, 7.349125, 32, 2, 21, 11
14770, -0.035593, 7.349337, 31, 2, 21, 10
14780, -0.038099, 7.349549, 31, 3, 20, 10
14790, -0.039917, 7.349759, 30, 2, 20, 10
14800, -0.040267, 7.349970, 30, 2, 20, 10
14810, -0.039763, 7.350183, 31, 2, 20, 11
14820, -0.039161, 7.350399, 31, 2, 20, 11
14830, -0.038558, 7.350618, 31, 2, 20, 11
14840, -0.041415, 7.350840, 31, 2, 21, 10
14850, -0.044621, 7.351064, 30, 2, 20, 10
14860, -0.047225, 7.351289, 31, 2, 20, 11
14870, -0.046973, 7.351516, 31, 2, 20, 11
14880, -0.046371, 7.351749, 31, 2, 20, 11
14890, -0.046371, 7.351989, 31, 2, 20, 11
14900, -0.046371, 7.352235, 31, 2, 20, 11
14910, -0.048655, 7.352487, 32, 2, 21, 11
14920, -0.051259, 7.352743, 31, 2, 20, 11
14930, -0.053863, 7.353005, 31, 2, 20, 11
14940, -0.054183, 7.353271, 31, 2, 20, 11
14950, -0.054183, 7.353546, 31, 2, 20, 11
14960, -0.054183, 7.353829, 31, 2, 20, 11
14970, -0.053700, 7.354121, 32, 2, 20, 12
14980, -0.056305, 7.354422, 31, 2, 20, 11
14990, -0.058909, 7.354729, 31, 2, 20, 11
15000, -0.061996, 7.355043, 31, 2, 20, 11
15010, -0.061996, 7.355363, 31, 2, 20, 11
15020, -0.061996, 7.355692, 31, 2, 20, 11
15030, -0.061513, 7.356032, 32, 2, 20, 12
15040, -0.062391, 7.356381, 33, 2, 21, 12
15050, -0.064995, 7.356739, 31, 2, 20, 11
15060, -0.068083, 7.357104, 31, 2, 20, 11
15070, -0.069808, 7.357475, 31, 2, 20, 11
15080, -0.069808, 7.357854, 31, 2, 20, 11
15090, -0.069325, 7.358243, 32, 2, 20, 12
15100, -0.068842, 7.358642, 32, 2, 20, 12
15110, -0.071126, 7.359051, 32, 2, 21, 11
15120, -0.074213, 7.359467, 31, 2, 20, 11
15130, -0.077301, 7.359889, 31, 2, 20, 11
15140, -0.077621, 7.360318, 31, 2, 20, 11
15150, -0.077138, 7.360755, 32, 2, 20, 12
15160, -0.076655, 7.361202, 32, 2, 20, 12
15170, -0.076172, 7.361660, 32, 2, 20, 12
15180, -0.077533, 7.362127, 33, 2, 21, 12
15190, -0.080300, 7.362601, 32, 2, 21, 11
15200, -0.083387, 7.363081, 31, 2, 20, 11
15210, -0.085113, 7.363566, 31, 2, 20, 11
15220, -0.085433, 7.364058, 31, 2, 20, 11
15230, -0.084950, 7.364558, 32, 2, 20, 12
15240, -0.084467, 7.365069, 32, 2, 20, 12
15250, -0.085346, 7.365589, 33, 2, 21, 12
15260, -0.086707, 7.366116, 33, 2, 21, 12
15270, -0.089474, 7.366649, 32, 2, 21, 11
15280, -0.091200, 7.367174, 31, 2, 20, 11
15290, -0.092926, 7.367705, 31, 2, 20, 11
15300, -0.093246, 7.368242, 31, 2, 20, 11
15310, -0.092763, 7.368788, 32, 2, 20, 12
15320, -0.092280, 7.369343, 32, 2, 20, 12
15330, -0.091797, 7.369906, 32, 2, 20, 12
15340, -0.093158, 7.370476, 33, 2, 21, 12
15350, -0.094519, 7.371050, 33, 2, 21, 12
15360, -0.097286, 7.371628, 32, 2, 21, 11
15370, -0.098692, 7.372211, 32, 2, 21, 11
15380, -0.100098, 7.372798, 32, 2, 21, 11
15390, -0.100418, 7.373392, 31, 2, 20, 11
15400, -0.100255, 7.373993, 32, 2, 20, 12
15410, -0.100092, 7.374599, 32, 2, 20, 12
15420, -0.099609, 7.375212, 32, 2, 20, 12
15430, -0.099609, 7.375829, 32, 2, 20, 12
15440, -0.099609, 7.376449, 32, 2, 20, 12
15450, -0.099609, 7.377073, 32, 2, 20, 12
15460, -0.099609, 7.377700, 32, 2, 20, 12
15470, -0.100971, 7.378329, 33, 2, 21, 12
15480, -0.102332, 7.378960, 33, 2, 21, 12
15490, -0.103693, 7.379593, 33, 2, 21, 12
15500, -0.103693, 7.380228, 33, 2, 21, 12
15510, -0.105419, 7.380866, 31, 2, 20, 11
15520, -0.107145, 7.381506, 31, 2, 20, 11
15530, -0.108388, 7.382146, 32, 2, 20, 12
15540, -0.107905, 7.382789, 32, 2, 20, 12
15550, -0.107422, 7.383434, 32, 2, 20, 12
15560, -0.107422, 7.384080, 32, 2, 20, 12
15570, -0.107422, 7.384727, 32, 2, 20, 12
15580, -0.107422, 7.385373, 32, 2, 20, 12
15590, -0.107422, 7.386018, 32, 2, 20, 12
15600, -0.107422, 7.386660, 32, 2, 20, 12
15610, -0.107422, 7.387301, 32, 2, 20, 12
15620, -0.107422, 7.387936, 32, 2, 20, 12
15630, -0.107422, 7.388615, 32, 2, 20, 12
15640, -0.107422, 7.389472, 32, 2, 20, 12
15650, -0.107422, 7.390472, 32, 2, 20, 12
15660, -0.107422, 7.391379, 32, 2, 20, 12
15670, -0.107422, 7.392288, 32, 2, 20, 12
15680, -0.107422, 7.393316, 32, 2, 20, 12
15690, -0.107363, 7.394561, 33, 3, 20, 12
15700, -0.107304, 7.395905, 33, 3, 20, 12
15710, -0.107244, 7.397234, 33, 3, 20, 12
15720, -0.107086, 7.398655, 33, 3, 19, 13
15730, -0.106983, 7.399887, 32, 2, 19, 13
15740, -0.106879, 7.400480, 32, 2, 19, 13
15750, -0.106643, 7.400278, 33, 2, 19, 14
15760, -0.106480, 7.399259, 32, 2, 18, 14
15770, -0.106317, 7.397481, 32, 2, 18, 14
15780, -0.106238, 7.395001, 33, 2, 18, 15
15790, -0.106075, 7.391944, 32, 2, 17, 15
15800, -0.105750, 7.388442, 32, 2, 16, 16
15810, -0.104958, 7.384503, 29, 2, 16, 13
15820, -0.100517, 7.378751, 28, 2, 17, 11
15830, -0.095550, 7.372958, 27, 2, 17, 10
15840, -0.090414, 7.367151, 26, 2, 17, 9
15850, -0.088883, 7.361465, 26, 2, 17, 9
15860, -0.085061, 7.356481, 24, 2, 17, 7
15870, -0.080506, 7.351392, 25, 2, 18, 7
15880, -0.074257, 7.346204, 23, 2, 17, 6
15890, -0.068723, 7.340905, 22, 2, 17, 5
15900, -0.062752, 7.335539, 22, 2, 17, 5
15910, -0.053223, 7.330030, 19, 2, 16, 3
15920, -0.044369, 7.324357, 20, 2, 17, 3
15930, -0.030603, 7.318544, 17, 2, 16, 1
15940, -0.018987, 7.312610, 16, 2, 14, 2
15950, -0.009468, 7.306555, 18, 2, 14, 4
15960, -0.007161, 7.300409, 18, 2, 13, 5
15970, -0.006281, 7.294187, 17, 2, 11, 6
15980, -0.004545, 7.287898, 18, 2, 10, 8
15990, -0.002255, 7.281521, 17, 3, 10, 6
16000, -0.014204, 7.275080, 13, 1, 13, 0
16010, -0.014105, 7.268632, 25, 2, 24, 1
16020, -0.012995, 7.262183, 24, 2, 23, 1
16030, 0.004032, 7.255738, 26, 3, 24, 1
16040, 0.010059, 7.249299, 27, 3, 25, 1
16050, 0.018088, 7.242824, 27, 3, 24, 2
16060, 0.023897, 7.236320, 26, 2, 25, 1
16070, 0.027210, 7.229813, 26, 2, 25, 1
16080, 0.028657, 7.223367, 27, 2, 26, 1
16090, 0.031025, 7.217005, 28, 3, 26, 1
16100, 0.040347, 7.210716, 27, 3, 24, 2
16110, 0.050753, 7.204510, 26, 3, 20, 3
16120, 0.055496, 7.198367, 26, 4, 18, 6
16130, 0.055097, 7.192298, 22, 2, 15, 7
16140, 0.054747, 7.185721, 24, 2, 14, 10
16150, 0.063445, 7.179276, 25, 3, 12, 12
16160, 0.073585, 7.172963, 27, 3, 13, 12
16170, 0.084171, 7.166774, 27, 3, 15, 10
16180, 0.090245, 7.160720, 29, 3, 17, 10
16190, 0.091513, 7.154815, 26, 2, 17, 9
16200, 0.093391, 7.149075, 28, 4, 16, 9
16210, 0.095835, 7.143499, 27, 4, 16, 8
16220, 0.104325, 7.138092, 29, 4, 14, 9
16230, 0.111393, 7.132872, 28, 4, 13, 8
16240, 0.119003, 7.127831, 30, 4, 13, 8
16250, 0.125998, 7.122994, 30, 5, 12, 8
16260, 0.128041, 7.118623, 29, 3, 12, 9
16270, 0.128919, 7.114473, 27, 3, 10, 9
16280, 0.131002, 7.110564, 30, 4, 11, 10
16290, 0.138638, 7.107226, 30, 4, 12, 10
16300, 0.148872, 7.104529, 30, 4, 12, 9
16310, 0.158767, 7.102428, 30, 4, 12, 9
16320, 0.167565, 7.100906, 29, 4, 12, 8
16330, 0.169870, 7.099986, 27, 4, 11, 8
16340, 0.164792, 7.099674, 24, 3, 11, 8
16350, 0.159365, 7.100037, 23, 3, 11, 7
16360, 0.158409, 7.100999, 22, 3, 11, 7
16370, 0.162493, 7.102471, 22, 3, 11, 7
16380, 0.165162, 7.104414, 21, 3, 10, 7
16390, 0.167743, 7.106549, 21, 3, 10, 7
16400, 0.170341, 7.108878, 19, 3, 9, 7
16410, 0.172983, 7.111320, 20, 3, 9, 7
16420, 0.176768, 7.114097, 19, 3, 9, 6
16430, 0.180743, 7.116990, 19, 3, 9, 7
16440, 0.184447, 7.120123, 18, 3, 8, 6
16450, 0.188246, 7.123507, 18, 3, 8, 6
16460, 0.192130, 7.127267, 18, 3, 8, 7
16470, 0.198747, 7.131330, 19, 4, 8, 6
16480, 0.204404, 7.135620, 19, 4, 8, 7
16490, 0.210828, 7.140111, 20, 4, 8, 6
16500, 0.216447, 7.144800, 19, 4, 7, 7
16510, 0.221800, 7.149666, 20, 4, 7, 6
16520, 0.226021, 7.154715, 19, 4, 7, 7
16530, 0.230524, 7.159917, 20, 4, 7, 7
16540, 0.235862, 7.165260, 21, 4, 8, 7
16550, 0.241482, 7.170765, 19, 4, 7, 7
16560, 0.244476, 7.171363, 20, 4, 7, 7
16570, 0.250075, 7.172102, 20, 4, 7, 7
16580, 0.253091, 7.173203, 19, 4, 7, 7
16590, 0.259057, 7.174619, 22, 4, 8, 8
16600, 0.261661, 7.176365, 20, 4, 7, 7
16610, 0.265862, 7.178389, 20, 4, 7, 7
16620, 0.269903, 7.180694, 21, 4, 8, 8
16630, 0.273158, 7.183272, 20, 4, 8, 7
16640, 0.278237, 7.186135, 20, 3, 8, 8
16650, 0.279849, 7.189253, 21, 4, 8, 8
16660, 0.281977, 7.192618, 23, 4, 9, 8
16670, 0.284582, 7.196345, 20, 3, 8, 8
16680, 0.287120, 7.200285, 19, 3, 8, 8
16690, 0.288473, 7.204454, 19, 3, 8, 8
16700, 0.287952, 7.208985, 20, 3, 9, 8
16710, 0.287336, 7.213651, 20, 3, 9, 9
16720, 0.285561, 7.218561, 18, 3, 9, 8
16730, 0.282841, 7.223575, 18, 3, 9, 8
16740, 0.282910, 7.228782, 19, 3, 9, 9
16750, 0.284136, 7.234210, 19, 3, 9, 9
16760, 0.285362, 7.239872, 19, 3, 9, 9
16770, 0.285293, 7.245757, 18, 2, 9, 9
16780, 0.286527, 7.251830, 18, 2, 9, 9
16790, 0.287760, 7.258137, 18, 2, 9, 9
16800, 0.289062, 7.264601, 20, 2, 10, 10
16810, 0.289062, 7.271226, 20, 2, 10, 10
16820, 0.290427, 7.278044, 21, 2, 11, 10
16830, 0.293149, 7.284999, 22, 2, 12, 10
16840, 0.295753, 7.292126, 22, 2, 11, 11
16850, 0.298352, 7.299488, 23, 2, 12, 11
16860, 0.300946, 7.307068, 24, 2, 13, 11
16870, 0.305009, 7.314766, 25, 2, 14, 11
16880, 0.309059, 7.322715, 26, 2, 15, 11
16890, 0.313098, 7.330912, 27, 2, 16, 11
16900, 0.317127, 7.339313, 28, 2, 17, 11
16910, 0.322395, 7.347955, 30, 2, 18, 12
16920, 0.324800, 7.356820, 31, 3, 18, 12
16930, 0.324521, 7.365271, 30, 3, 17, 12
16940, 0.320144, 7.372870, 31, 3, 17, 12
16950, 0.315936, 7.375040, 30, 3, 16, 12
16960, 0.310223, 7.377004, 31, 3, 15, 13
16970, 0.304183, 7.378760, 30, 3, 13, 13
16980, 0.296728, 7.380822, 27, 3, 14, 9
16990, 0.289326, 7.382814, 28, 3, 17, 7
17000, 0.277848, 7.384754, 26, 3, 18, 5
17010, 0.269746, 7.386619, 27, 3, 20, 5
17020, 0.261593, 7.388359, 30, 3, 23, 6
17030, 0.258533, 7.389932, 29, 2, 22, 7
17040, 0.252080, 7.391352, 29, 2, 21, 8
17050, 0.245690, 7.392590, 29, 2, 20, 9
17060, 0.240529, 7.393657, 28, 2, 19, 9
17070, 0.235270, 7.394502, 28, 2, 18, 10
17080, 0.229523, 7.392414, 29, 2, 17, 12
17090, 0.220584, 7.389710, 29, 2, 16, 13
17100, 0.209808, 7.389089, 31, 3, 15, 15
17110, 0.179794, 7.388405, 17, 2, 16, 1
17120, 0.164643, 7.387539, 28, 2, 27, 1
17130, 0.154252, 7.386569, 30, 2, 29, 1
17140, 0.163765, 7.385531, 30, 2, 29, 1
17150, 0.160417, 7.384544, 29, 1, 29, 0
17160, 0.152517, 7.383560, 30, 2, 29, 1
17170, 0.146528, 7.382558, 29, 1, 29, 0
17180, 0.138715, 7.381551, 29, 1, 29, 0
17190, 0.132812, 7.380648, 29, 1, 29, 0
17200, 0.125000, 7.379786, 29, 1, 29, 0
17210, 0.110119, 7.378900, 28, 2, 27, 1
17220, 0.091265, 7.377960, 25, 2, 24, 1
17230, 0.072444, 7.376952, 22, 2, 21, 1
17240, 0.070976, 7.375891, 18, 3, 12, 4
17250, 0.085924, 7.374897, 12, 2, 6, 6
17260, 0.100011, 7.374100, 11, 3, 8, 2
17270, 0.112453, 7.373525, 10, 1, 10, 0
17280, 0.109848, 7.373175, 12, 1, 12, 0
17290, 0.092165, 7.372959, 23, 2, 22, 1
17300, 0.063519, 7.372787, 24, 1, 24, 0
17310, 0.037477, 7.372582, 24, 1, 24, 0
17320, 0.024792, 7.372369, 25, 2, 24, 1
17330, 0.016328, 7.372259, 24, 2, 23, 1
17340, 0.004609, 7.372321, 24, 2, 22, 2
17350, -0.007487, 7.372562, 24, 2, 21, 3
17360, -0.025174, 7.372716, 24, 2, 19, 5
17370, -0.042465, 7.372792, 25, 3, 18, 6
17380, -0.056519, 7.372873, 23, 2, 16, 7
17390, -0.069649, 7.372967, 24, 2, 14, 10
17400, -0.080460, 7.373044, 24, 2, 13, 11
17410, -0.091221, 7.373057, 26, 2, 14, 12
17420, -0.099041, 7.372993, 29, 2, 17, 12
17430, -0.106408, 7.372896, 29, 2, 18, 11
17440, -0.112865, 7.372946, 30, 2, 19, 11
17450, -0.119959, 7.373164, 29, 2, 19, 10
17460, -0.125347, 7.373606, 29, 3, 18, 10
17470, -0.130022, 7.374262, 28, 3, 16, 10
17480, -0.134063, 7.375053, 29, 3, 16, 10
17490, -0.139900, 7.375847, 29, 3, 15, 10
17500, -0.148457, 7.376426, 28, 3, 14, 9
17510, -0.156898, 7.377127, 29, 3, 14, 9
17520, -0.163902, 7.377944, 29, 3, 13, 9
17530, -0.169001, 7.378940, 29, 3, 13, 9
17540, -0.174569, 7.380015, 29, 3, 12, 9
17550, -0.180765, 7.381179, 29, 3, 11, 9
17560, -0.187781, 7.382437, 30, 3, 11, 10
17570, -0.194035, 7.383791, 28, 3, 10, 10
17580, -0.199412, 7.385232, 31, 3, 11, 11
17590, -0.205506, 7.386758, 29, 3, 11, 10
17600, -0.210300, 7.388387, 31, 3, 12, 10
17610, -0.216059, 7.390101, 29, 3, 12, 9
17620, -0.219752, 7.391923, 32, 3, 13, 10
17630, -0.223787, 7.393827, 30, 3, 12, 10
17640, -0.226391, 7.395821, 29, 3, 12, 9
17650, -0.228880, 7.397906, 31, 4, 12, 9
17660, -0.233833, 7.400108, 31, 4, 13, 9
