time,black_car_angle,distance_sensors,num_pixel_black,agglomerate_count,agglomerate_size_1,agglomerate_size_2
10, 0.010417, 7.188235, 33, 1, 33, 0
20, 0.022135, 7.187709, 34, 1, 34, 0
30, 0.030990, 7.188151, 30, 2, 21, 9
40, 0.028586, 7.189044, 39, 2, 30, 9
50, 0.027842, 7.189670, 42, 2, 33, 9
60, 0.026906, 7.188423, 49, 3, 26, 21
70, 0.029961, 7.186935, 44, 2, 33, 11
80, 0.042577, 7.185262, 17, 2, 11, 6
90, 0.045075, 7.183468, 15, 1, 15, 0
100, 0.045726, 7.181619, 14, 1, 14, 0
110, 0.032552, 7.179781, 13, 1, 13, 0
120, 0.030038, 7.178017, 29, 1, 29, 0
130, 0.026131, 7.176386, 19, 1, 19, 0
140, 0.022225, 7.174934, 18, 1, 18, 0
150, 0.020833, 7.173701, 18, 1, 18, 0
160, 0.019531, 7.172715, 18, 1, 18, 0
170, 0.019531, 7.172000, 18, 1, 18, 0
180, 0.019531, 7.171569, 18, 1, 18, 0
190, 0.019531, 7.171429, 18, 1, 18, 0
200, 0.019141, 7.171582, 20, 1, 20, 0
210, 0.019575, 7.172027, 27, 1, 27, 0
220, 0.015773, 7.172758, 25, 1, 25, 0
230, 0.010572, 7.173767, 17, 1, 17, 0
240, 0.010138, 7.175045, 12, 1, 12, 0
250, 0.013940, 7.176582, 12, 1, 12, 0
260, 0.018229, 7.178364, 13, 1, 13, 0
270, 0.015625, 7.180379, 12, 1, 12, 0
280, 0.011719, 7.182616, 13, 1, 13, 0
290, 0.009115, 7.185069, 13, 1, 13, 0
300, 0.006510, 7.187731, 14, 1, 14, 0
310, 0.003906, 7.190597, 13, 1, 13, 0
320, 0.000000, 7.193663, 14, 1, 14, 0
330, -0.002604, 7.196925, 14, 1, 14, 0
340, -0.006510, 7.200380, 14, 1, 14, 0
350, -0.009115, 7.204030, 14, 1, 14, 0
360, -0.014323, 7.207872, 14, 1, 14, 0
370, -0.016927, 7.211910, 14, 1, 14, 0
380, -0.020833, 7.216146, 13, 1, 13, 0
390, -0.023438, 7.220580, 14, 1, 14, 0
400, -0.027344, 7.225198, 13, 1, 13, 0
410, -0.029948, 7.229983, 13, 1, 13, 0
420, -0.033854, 7.234975, 13, 1, 13, 0
430, -0.036458, 7.240174, 13, 1, 13, 0
440, -0.041667, 7.245581, 13, 1, 13, 0
450, -0.044271, 7.251198, 13, 1, 13, 0
460, -0.049479, 7.257026, 13, 1, 13, 0
470, -0.049479, 7.263071, 14, 2, 13, 1
480, -0.052083, 7.269328, 14, 2, 13, 1
490, -0.050000, 7.275798, 15, 2, 13, 2
500, -0.052279, 7.282479, 16, 2, 14, 2
510, -0.051139, 7.289376, 16, 2, 13, 3
520, -0.052210, 7.296495, 18, 2, 14, 4
530, -0.052689, 7.303839, 17, 2, 13, 4
540, -0.054376, 7.311408, 19, 2, 14, 5
550, -0.055526, 7.319200, 19, 2, 13, 6
560, -0.057717, 7.327215, 20, 2, 14, 6
570, -0.060128, 7.335460, 22, 2, 14, 8
580, -0.062595, 7.343937, 23, 2, 14, 9
590, -0.064157, 7.352651, 24, 2, 14, 10
600, -0.066189, 7.361601, 24, 2, 14, 10
610, -0.069895, 7.370786, 26, 2, 14, 12
620, -0.072355, 7.380205, 27, 2, 14, 13
630, -0.076106, 7.389856, 28, 2, 15, 13
640, -0.079943, 7.399745, 29, 2, 16, 13
650, -0.087270, 7.409874, 31, 2, 18, 13
660, -0.093979, 7.420245, 30, 2, 17, 13
670, -0.103153, 7.430857, 31, 2, 18, 13
680, -0.111026, 7.441700, 32, 2, 18, 14
690, -0.118859, 7.452775, 34, 3, 18, 15
700, -0.124784, 7.464080, 36, 3, 17, 16
710, -0.130127, 7.475622, 39, 3, 18, 17
720, -0.135163, 7.487395, 40, 3, 18, 17
730, -0.139670, 7.499344, 40, 3, 19, 15
740, -0.144555, 7.511479, 43, 3, 20, 16
750, -0.148551, 7.523516, 44, 4, 21, 11
760, -0.153582, 7.535005, 42, 4, 22, 10
770, -0.157337, 7.545565, 43, 3, 22, 11
780, -0.160674, 7.554957, 42, 3, 20, 11
790, -0.161076, 7.563255, 43, 3, 19, 13
800, -0.161985, 7.570188, 41, 3, 18, 13
810, -0.164727, 7.575815, 39, 3, 17, 12
820, -0.169588, 7.580218, 37, 3, 14, 13
830, -0.171810, 7.583811, 34, 4, 13, 10
840, -0.169797, 7.586896, 34, 4, 15, 9
850, -0.165292, 7.589636, 37, 4, 18, 9
860, -0.165171, 7.592132, 31, 4, 20, 8
870, -0.168608, 7.594483, 31, 2, 20, 11
880, -0.173776, 7.596721, 30, 2, 17, 13
890, -0.175218, 7.598379, 25, 3, 15, 8
900, -0.172158, 7.599095, 26, 3, 18, 6
910, -0.173449, 7.599630, 31, 2, 22, 9
920, -0.174302, 7.599986, 32, 2, 19, 13
930, -0.181501, 7.600194, 25, 2, 13, 12
940, -0.178862, 7.600293, 26, 3, 18, 5
950, -0.175814, 7.600350, 29, 2, 22, 7
960, -0.173197, 7.600387, 32, 2, 22, 10
970, -0.174850, 7.600428, 32, 2, 20, 12
980, -0.177527, 7.600492, 33, 2, 18, 15
990, -0.177352, 7.600598, 26, 2, 16, 10
1000, -0.175059, 7.600678, 23, 3, 18, 4
1010, -0.172236, 7.600793, 26, 3, 21, 3
1020, -0.168976, 7.600999, 27, 2, 23, 4
1030, -0.171920, 7.601301, 30, 2, 25, 5
1040, -0.175666, 7.601698, 30, 2, 24, 6
1050, -0.179167, 7.602189, 30, 2, 24, 6
1060, -0.178038, 7.602771, 30, 2, 23, 7
1070, -0.176534, 7.603450, 31, 2, 24, 7
1080, -0.175031, 7.604174, 31, 2, 24, 7
1090, -0.173295, 7.604988, 30, 2, 24, 6
1100, -0.172455, 7.605897, 30, 2, 25, 5
1110, -0.171875, 7.606884, 30, 2, 26, 4
1120, -0.172396, 7.607946, 30, 2, 27, 3
1130, -0.171677, 7.609069, 29, 2, 27, 2
1140, -0.168813, 7.610244, 27, 1, 27, 0
1150, -0.160740, 7.611500, 27, 1, 27, 0
1160, -0.145833, 7.612794, 25, 1, 25, 0
1170, -0.128736, 7.614112, 23, 2, 22, 1
1180, -0.116887, 7.615445, 20, 2, 17, 3
1190, -0.116236, 7.616793, 20, 2, 15, 5
1200, -0.123272, 7.618182, 22, 2, 14, 8
1210, -0.131978, 7.619597, 29, 3, 14, 11
1220, -0.138358, 7.621007, 30, 2, 17, 13
1230, -0.139978, 7.622333, 29, 2, 17, 12
1240, -0.138694, 7.623615, 30, 2, 18, 12
1250, -0.136611, 7.624817, 30, 2, 19, 11
1260, -0.134546, 7.625940, 29, 2, 19, 10
1270, -0.132777, 7.626989, 29, 2, 19, 10
1280, -0.131106, 7.628015, 29, 2, 20, 9
1290, -0.129150, 7.629019, 28, 2, 19, 9
1300, -0.126546, 7.629993, 29, 2, 19, 10
1310, -0.122834, 7.630925, 27, 2, 18, 9
1320, -0.118684, 7.631795, 29, 2, 19, 10
1330, -0.114104, 7.632620, 29, 2, 18, 11
1340, -0.097748, 7.633398, 19, 3, 12, 4
1350, -0.068287, 7.634129, 13, 2, 12, 1
1360, -0.038699, 7.634815, 12, 1, 12, 0
1370, -0.021635, 7.635455, 14, 1, 14, 0
1380, -0.032072, 7.636074, 19, 2, 15, 4
1390, -0.054124, 7.636726, 31, 2, 16, 15
1400, -0.074957, 7.637415, 32, 1, 32, 0
1410, -0.083249, 7.638078, 32, 1, 32, 0
1420, -0.079427, 7.638447, 32, 1, 32, 0
1430, -0.076823, 7.638866, 32, 1, 32, 0
1440, -0.071615, 7.639236, 32, 1, 32, 0
1450, -0.069010, 7.639575, 32, 1, 32, 0
1460, -0.063802, 7.639898, 32, 1, 32, 0
1470, -0.059896, 7.640218, 33, 1, 33, 0
1480, -0.054688, 7.640545, 32, 1, 32, 0
1490, -0.049479, 7.640882, 32, 1, 32, 0
1500, -0.045573, 7.641235, 32, 1, 32, 0
1510, -0.040365, 7.641665, 32, 1, 32, 0
1520, -0.037760, 7.642110, 32, 1, 32, 0
1530, -0.032552, 7.642562, 32, 1, 32, 0
1540, -0.029948, 7.643026, 32, 1, 32, 0
1550, -0.024740, 7.643509, 32, 1, 32, 0
1560, -0.019531, 7.644071, 32, 1, 32, 0
1570, -0.014323, 7.644651, 32, 1, 32, 0
1580, -0.009115, 7.645254, 32, 1, 32, 0
1590, -0.006510, 7.645883, 32, 1, 32, 0
1600, -0.001302, 7.646545, 32, 1, 32, 0
1610, 0.003906, 7.647245, 32, 1, 32, 0
1620, 0.010417, 7.647962, 31, 1, 31, 0
1630, 0.016927, 7.648620, 31, 1, 31, 0
1640, 0.022135, 7.649226, 30, 1, 30, 0
1650, 0.027344, 7.649796, 31, 1, 31, 0
1660, 0.031250, 7.650340, 30, 1, 30, 0
1670, 0.033854, 7.650879, 30, 1, 30, 0
1680, 0.037760, 7.651447, 30, 1, 30, 0
1690, 0.040365, 7.652059, 30, 1, 30, 0
1700, 0.045573, 7.652704, 30, 1, 30, 0
1710, 0.048177, 7.653369, 30, 1, 30, 0
1720, 0.052083, 7.654043, 29, 1, 29, 0
1730, 0.054688, 7.654718, 28, 1, 28, 0
1740, 0.058594, 7.655389, 29, 1, 29, 0
1750, 0.062500, 7.656053, 28, 1, 28, 0
1760, 0.065104, 7.656713, 28, 1, 28, 0
1770, 0.066406, 7.657398, 28, 1, 28, 0
1780, 0.069010, 7.658089, 28, 1, 28, 0
1790, 0.071615, 7.658770, 28, 1, 28, 0
1800, 0.074219, 7.659442, 28, 1, 28, 0
1810, 0.075521, 7.660077, 27, 1, 27, 0
1820, 0.076823, 7.660712, 27, 1, 27, 0
1830, 0.079427, 7.661344, 28, 1, 28, 0
1840, 0.080729, 7.661974, 28, 1, 28, 0
1850, 0.083333, 7.662602, 27, 1, 27, 0
1860, 0.084635, 7.663229, 27, 1, 27, 0
1870, 0.085938, 7.663856, 27, 1, 27, 0
1880, 0.085938, 7.664484, 27, 1, 27, 0
1890, 0.085938, 7.665113, 27, 1, 27, 0
1900, 0.088542, 7.665743, 27, 1, 27, 0
1910, 0.091146, 7.666373, 27, 1, 27, 0
1920, 0.093750, 7.667004, 27, 1, 27, 0
1930, 0.093750, 7.667635, 27, 1, 27, 0
1940, 0.093750, 7.668267, 27, 1, 27, 0
1950, 0.093750, 7.668901, 27, 1, 27, 0
1960, 0.093750, 7.669537, 27, 1, 27, 0
1970, 0.095052, 7.670176, 26, 1, 26, 0
1980, 0.096354, 7.670816, 26, 1, 26, 0
1990, 0.097656, 7.671457, 26, 1, 26, 0
2000, 0.097656, 7.672099, 26, 1, 26, 0
2010, 0.097656, 7.672741, 26, 1, 26, 0
2020, 0.097656, 7.673385, 26, 1, 26, 0
2030, 0.095872, 7.674031, 27, 2, 26, 1
2040, 0.094088, 7.674678, 27, 2, 26, 1
2050, 0.092303, 7.675325, 27, 2, 26, 1
2060, 0.092303, 7.675952, 27, 2, 26, 1
2070, 0.092303, 7.676575, 27, 2, 26, 1
2080, 0.092303, 7.677196, 27, 2, 26, 1
2090, 0.092303, 7.677816, 27, 2, 26, 1
2100, 0.092303, 7.678435, 27, 2, 26, 1
2110, 0.092303, 7.679053, 27, 2, 26, 1
2120, 0.092303, 7.679667, 27, 2, 26, 1
2130, 0.092303, 7.680276, 27, 2, 26, 1
2140, 0.093487, 7.680882, 26, 2, 25, 1
2150, 0.094670, 7.681483, 26, 2, 25, 1
2160, 0.094670, 7.682079, 27, 2, 26, 1
2170, 0.094670, 7.682671, 26, 2, 25, 1
2180, 0.093487, 7.683258, 27, 2, 26, 1
2190, 0.093487, 7.683842, 27, 2, 26, 1
2200, 0.092303, 7.684422, 27, 2, 26, 1
2210, 0.094088, 7.684997, 26, 1, 26, 0
2220, 0.095872, 7.685565, 26, 1, 26, 0
2230, 0.095775, 7.686124, 27, 2, 26, 1
2240, 0.092570, 7.686678, 26, 2, 25, 1
2250, 0.089365, 7.687227, 26, 2, 25, 1
2260, 0.088041, 7.687774, 26, 2, 25, 1
2270, 0.088041, 7.688313, 26, 2, 25, 1
2280, 0.088041, 7.688845, 26, 2, 25, 1
2290, 0.088041, 7.689368, 26, 2, 25, 1
2300, 0.089944, 7.689883, 25, 1, 25, 0
2310, 0.089844, 7.690391, 26, 2, 25, 1
2320, 0.088413, 7.690892, 25, 2, 24, 1
2330, 0.085080, 7.691388, 25, 2, 24, 1
2340, 0.083750, 7.691878, 25, 2, 24, 1
2350, 0.082576, 7.692362, 26, 2, 25, 1
2360, 0.083305, 7.692841, 25, 1, 25, 0
2370, 0.080701, 7.693314, 25, 2, 24, 1
2380, 0.079271, 7.693781, 25, 2, 24, 1
2390, 0.075937, 7.694245, 25, 2, 24, 1
2400, 0.075937, 7.694704, 25, 2, 24, 1
2410, 0.077969, 7.695158, 24, 1, 24, 0
2420, 0.078698, 7.695607, 23, 1, 23, 0
2430, 0.077257, 7.696052, 24, 2, 23, 1
2440, 0.072622, 7.696495, 25, 2, 24, 1
2450, 0.071319, 7.696937, 24, 1, 24, 0
2460, 0.070885, 7.697377, 23, 1, 23, 0
2470, 0.069444, 7.697815, 24, 2, 23, 1
2480, 0.068142, 7.698252, 23, 1, 23, 0
2490, 0.068142, 7.698688, 23, 1, 23, 0
2500, 0.069010, 7.699124, 22, 1, 22, 0
2510, 0.065387, 7.699561, 23, 2, 22, 1
2520, 0.062783, 7.700001, 23, 1, 23, 0
2530, 0.061481, 7.700443, 23, 1, 23, 0
2540, 0.061198, 7.700888, 22, 1, 22, 0
2550, 0.059896, 7.701337, 22, 1, 22, 0
2560, 0.058594, 7.701790, 22, 1, 22, 0
2570, 0.055990, 7.702248, 22, 1, 22, 0
2580, 0.053385, 7.702702, 22, 1, 22, 0
2590, 0.044271, 7.703167, 17, 1, 17, 0
2600, 0.035156, 7.703639, 15, 1, 15, 0
2610, 0.024740, 7.704116, 14, 1, 14, 0
2620, 0.019531, 7.704596, 13, 1, 13, 0
2630, 0.015625, 7.705076, 14, 1, 14, 0
2640, 0.011719, 7.705560, 13, 1, 13, 0
2650, 0.007812, 7.706047, 12, 1, 12, 0
2660, 0.003906, 7.706540, 11, 1, 11, 0
2670, 0.000000, 7.707038, 12, 1, 12, 0
2680, -0.003906, 7.707543, 11, 1, 11, 0
2690, -0.007812, 7.708054, 10, 1, 10, 0
2700, -0.011719, 7.708560, 11, 1, 11, 0
2710, -0.015625, 7.709059, 10, 1, 10, 0
2720, -0.018229, 7.709548, 10, 1, 10, 0
2730, -0.019531, 7.710027, 10, 1, 10, 0
2740, -0.022135, 7.710497, 10, 1, 10, 0
2750, -0.020833, 7.710961, 11, 2, 10, 1
2760, -0.018129, 7.711418, 13, 2, 11, 2
2770, -0.015959, 7.711870, 12, 2, 11, 1
2780, -0.016517, 7.712321, 14, 2, 12, 2
2790, -0.016803, 7.712769, 14, 2, 11, 3
2800, -0.015588, 7.713215, 15, 2, 12, 3
2810, -0.013728, 7.713659, 16, 2, 12, 4
2820, -0.013542, 7.714100, 16, 2, 12, 4
2830, -0.013327, 7.714545, 17, 2, 13, 4
2840, -0.013710, 7.715001, 17, 2, 12, 5
2850, -0.016314, 7.715449, 16, 2, 12, 4
2860, -0.017310, 7.715881, 16, 2, 12, 4
2870, -0.018076, 7.716312, 17, 2, 12, 5
2880, -0.016621, 7.716740, 17, 2, 12, 5
2890, -0.015165, 7.717166, 17, 2, 12, 5
2900, -0.013528, 7.717593, 16, 2, 11, 5
2910, -0.012456, 7.718019, 17, 2, 11, 6
2920, -0.009679, 7.718446, 16, 2, 10, 6
2930, -0.008540, 7.718874, 16, 2, 10, 6
2940, -0.006836, 7.719303, 16, 2, 10, 6
2950, -0.005078, 7.719734, 15, 2, 9, 6
2960, -0.003320, 7.720168, 15, 2, 9, 6
2970, -0.002604, 7.720603, 15, 2, 9, 6
2980, -0.003385, 7.721042, 14, 2, 8, 6
2990, -0.002264, 7.721477, 13, 2, 7, 6
3000, -0.000100, 7.721911, 13, 2, 7, 6
3010, 0.001803, 7.722350, 13, 2, 7, 6
3020, 0.001803, 7.722793, 13, 2, 7, 6
3030, 0.002504, 7.723239, 14, 2, 7, 7
3040, 0.003205, 7.723696, 14, 2, 7, 7
3050, 0.004607, 7.724157, 13, 2, 7, 6
3060, 0.005308, 7.724622, 13, 2, 7, 6
3070, 0.006010, 7.725091, 13, 2, 7, 6
3080, 0.006010, 7.725561, 13, 2, 7, 6
3090, 0.004006, 7.726035, 12, 2, 6, 6
3100, 0.002604, 7.726514, 13, 2, 7, 6
3110, 0.001202, 7.726996, 13, 2, 7, 6
3120, 0.001803, 7.727483, 13, 2, 7, 6
3130, 0.002721, 7.727972, 12, 2, 7, 5
3140, 0.003639, 7.728465, 12, 2, 7, 5
3150, 0.002437, 7.728960, 13, 2, 7, 6
3160, 0.002721, 7.729459, 13, 2, 8, 5
3170, 0.001016, 7.729962, 14, 2, 8, 6
3180, 0.001431, 7.730467, 14, 2, 8, 6
3190, -0.000558, 7.730973, 14, 2, 8, 6
3200, -0.002375, 7.731482, 13, 2, 7, 6
3210, -0.003274, 7.731991, 12, 2, 7, 5
3220, -0.003890, 7.732502, 13, 2, 8, 5
3230, -0.002688, 7.733014, 13, 2, 8, 5
3240, -0.002404, 7.733529, 13, 2, 8, 5
3250, -0.002404, 7.734044, 13, 2, 8, 5
3260, -0.002404, 7.734561, 13, 2, 8, 5
3270, -0.002404, 7.735078, 13, 2, 8, 5
3280, -0.002404, 7.735596, 13, 2, 8, 5
3290, -0.001169, 7.736117, 12, 2, 8, 4
3300, 0.000033, 7.736640, 13, 2, 9, 4
3310, -0.000467, 7.737163, 12, 2, 8, 4
3320, -0.002204, 7.737690, 12, 2, 8, 4
3330, -0.003906, 7.738219, 12, 2, 8, 4
3340, -0.003906, 7.738750, 12, 2, 8, 4
3350, -0.003906, 7.739279, 12, 2, 8, 4
3360, -0.004006, 7.739808, 13, 2, 9, 4
3370, -0.002704, 7.740340, 12, 2, 9, 3
3380, -0.001402, 7.740873, 12, 2, 9, 3
3390, 0.000000, 7.741410, 12, 2, 9, 3
3400, 0.000000, 7.741952, 12, 2, 9, 3
3410, 0.000000, 7.742495, 12, 2, 9, 3
3420, 0.000000, 7.743039, 12, 2, 9, 3
3430, -0.001953, 7.743582, 12, 2, 9, 3
3440, -0.003906, 7.744129, 12, 2, 9, 3
3450, -0.004143, 7.744678, 11, 2, 9, 2
3460, -0.002427, 7.745228, 11, 2, 9, 2
3470, -0.000710, 7.745780, 11, 2, 9, 2
3480, -0.000710, 7.746335, 11, 2, 9, 2
3490, -0.001342, 7.746893, 12, 2, 10, 2
3500, -0.001973, 7.747452, 12, 2, 10, 2
3510, -0.002604, 7.748014, 12, 2, 10, 2
3520, -0.002604, 7.748577, 12, 2, 10, 2
3530, -0.000552, 7.749142, 11, 2, 10, 1
3540, 0.000055, 7.749710, 10, 2, 9, 1
3550, 0.000663, 7.750281, 10, 2, 9, 1
3560, -0.003993, 7.750854, 12, 2, 10, 2
3570, -0.004916, 7.751427, 11, 2, 10, 1
3580, -0.008128, 7.752000, 12, 2, 10, 2
3590, -0.005840, 7.752574, 11, 2, 10, 1
3600, -0.008128, 7.753149, 12, 2, 10, 2
3610, -0.006076, 7.753726, 11, 2, 10, 1
3620, -0.006313, 7.754303, 11, 2, 10, 1
3630, -0.005228, 7.754882, 12, 2, 11, 1
3640, -0.006195, 7.755462, 12, 2, 11, 1
3650, -0.007161, 7.756043, 12, 2, 11, 1
3660, -0.008562, 7.756625, 11, 2, 10, 1
3670, -0.009963, 7.757206, 11, 2, 10, 1
3680, -0.011364, 7.757787, 11, 2, 10, 1
3690, -0.012350, 7.758367, 12, 2, 11, 1
3700, -0.011166, 7.758948, 11, 1, 11, 0
3710, -0.009983, 7.759530, 11, 1, 11, 0
3720, -0.007812, 7.760114, 11, 1, 11, 0
3730, -0.007812, 7.760699, 11, 1, 11, 0
3740, -0.007812, 7.761286, 11, 1, 11, 0
3750, -0.007812, 7.761874, 11, 1, 11, 0
3760, -0.007812, 7.762463, 11, 1, 11, 0
3770, -0.009115, 7.763054, 12, 1, 12, 0
3780, -0.010417, 7.763641, 12, 1, 12, 0
3790, -0.011719, 7.764229, 12, 1, 12, 0
3800, -0.013021, 7.764815, 11, 1, 11, 0
3810, -0.014323, 7.765402, 11, 1, 11, 0
3820, -0.015625, 7.765987, 11, 1, 11, 0
3830, -0.015625, 7.766572, 11, 1, 11, 0
3840, -0.015625, 7.767156, 11, 1, 11, 0
3850, -0.025841, 7.767739, 13, 2, 11, 2
3860, -0.036444, 7.768317, 14, 2, 12, 2
3870, -0.053371, 7.768887, 16, 2, 12, 4
3880, -0.062456, 7.769443, 17, 2, 12, 5
3890, -0.073121, 7.769985, 18, 2, 12, 6
3900, -0.077461, 7.770515, 18, 2, 12, 6
3910, -0.079427, 7.771037, 18, 2, 12, 6
3920, -0.076695, 7.771553, 17, 2, 12, 5
3930, -0.073963, 7.772066, 17, 2, 12, 5
3940, -0.071232, 7.772575, 17, 2, 12, 5
3950, -0.071232, 7.773081, 17, 2, 12, 5
3960, -0.073095, 7.773580, 18, 2, 12, 6
3970, -0.074959, 7.774069, 18, 2, 12, 6
3980, -0.076823, 7.774547, 18, 2, 12, 6
3990, -0.076476, 7.775015, 20, 2, 13, 7
4000, -0.076128, 7.775475, 20, 2, 13, 7
4010, -0.077059, 7.775927, 21, 2, 13, 8
4020, -0.079379, 7.776371, 22, 2, 13, 9
4030, -0.081699, 7.776807, 22, 2, 13, 9
4040, -0.083580, 7.777235, 23, 2, 13, 10
4050, -0.085080, 7.777655, 24, 2, 13, 11
4060, -0.085386, 7.778068, 24, 2, 13, 11
4070, -0.084852, 7.778472, 24, 2, 13, 11
4080, -0.083481, 7.778871, 25, 2, 14, 11
4090, -0.083928, 7.779262, 25, 2, 13, 12
4100, -0.082662, 7.779646, 27, 2, 15, 12
4110, -0.081925, 7.780023, 28, 2, 15, 13
4120, -0.080801, 7.780396, 29, 2, 15, 14
4130, -0.081390, 7.780763, 29, 2, 15, 14
4140, -0.080370, 7.781125, 29, 2, 15, 14
4150, -0.079113, 7.781481, 29, 2, 15, 14
4160, -0.077945, 7.781831, 30, 2, 15, 15
4170, -0.076691, 7.782177, 31, 2, 16, 15
4180, -0.075437, 7.782519, 31, 2, 16, 15
4190, -0.074135, 7.782856, 32, 1, 32, 0
4200, -0.072875, 7.783189, 31, 1, 31, 0
4210, -0.071615, 7.783518, 31, 1, 31, 0
4220, -0.070312, 7.783844, 31, 1, 31, 0
4230, -0.069010, 7.784165, 32, 1, 32, 0
4240, -0.067708, 7.784483, 32, 1, 32, 0
4250, -0.065104, 7.784797, 31, 1, 31, 0
4260, -0.063802, 7.785109, 31, 1, 31, 0
4270, -0.062500, 7.785419, 31, 1, 31, 0
4280, -0.061198, 7.785727, 32, 1, 32, 0
4290, -0.059896, 7.786033, 32, 1, 32, 0
4300, -0.057292, 7.786337, 31, 1, 31, 0
4310, -0.055990, 7.786640, 31, 1, 31, 0
4320, -0.054688, 7.786942, 31, 1, 31, 0
4330, -0.053385, 7.787242, 32, 1, 32, 0
4340, -0.052083, 7.787542, 32, 1, 32, 0
4350, -0.049479, 7.787842, 31, 1, 31, 0
4360, -0.048177, 7.788142, 31, 1, 31, 0
4370, -0.046875, 7.788443, 31, 1, 31, 0
4380, -0.045573, 7.788745, 32, 1, 32, 0
4390, -0.042969, 7.789048, 31, 1, 31, 0
4400, -0.040365, 7.789353, 31, 1, 31, 0
4410, -0.039062, 7.789661, 31, 1, 31, 0
4420, -0.037760, 7.789971, 32, 1, 32, 0
4430, -0.036458, 7.790283, 32, 1, 32, 0
4440, -0.033854, 7.790599, 31, 1, 31, 0
4450, -0.032552, 7.790918, 31, 1, 31, 0
4460, -0.031250, 7.791241, 31, 1, 31, 0
4470, -0.029948, 7.791568, 32, 1, 32, 0
4480, -0.027344, 7.791899, 31, 1, 31, 0
4490, -0.024740, 7.792235, 31, 1, 31, 0
4500, -0.023438, 7.792576, 31, 1, 31, 0
4510, -0.022135, 7.792923, 32, 1, 32, 0
4520, -0.019531, 7.793275, 31, 1, 31, 0
4530, -0.016927, 7.793632, 31, 1, 31, 0
4540, -0.015625, 7.793996, 31, 1, 31, 0
4550, -0.014323, 7.794367, 32, 1, 32, 0
4560, -0.011719, 7.794744, 31, 1, 31, 0
4570, -0.009115, 7.795128, 31, 1, 31, 0
4580, -0.007812, 7.795520, 31, 1, 31, 0
4590, -0.005208, 7.795919, 31, 1, 31, 0
4600, -0.002604, 7.796325, 31, 1, 31, 0
4610, 0.000000, 7.796739, 31, 1, 31, 0
4620, 0.000000, 7.797158, 31, 1, 31, 0
4630, 0.002604, 7.797581, 31, 1, 31, 0
4640, 0.005208, 7.798004, 31, 1, 31, 0
4650, 0.007812, 7.798428, 31, 1, 31, 0
4660, 0.007812, 7.798852, 31, 1, 31, 0
4670, 0.009115, 7.799277, 32, 1, 32, 0
4680, 0.011719, 7.799704, 31, 1, 31, 0
4690, 0.014323, 7.800133, 31, 1, 31, 0
4700, 0.015625, 7.800562, 31, 1, 31, 0
4710, 0.015625, 7.800994, 31, 1, 31, 0
4720, 0.015625, 7.801426, 31, 1, 31, 0
4730, 0.016927, 7.801859, 32, 1, 32, 0
4740, 0.018229, 7.802293, 32, 1, 32, 0
4750, 0.020833, 7.802728, 31, 1, 31, 0
4760, 0.022135, 7.803165, 31, 1, 31, 0
4770, 0.023438, 7.803609, 31, 1, 31, 0
4780, 0.023438, 7.804048, 31, 1, 31, 0
4790, 0.023438, 7.804487, 31, 1, 31, 0
4800, 0.023438, 7.804927, 31, 1, 31, 0
4810, 0.023438, 7.805367, 31, 1, 31, 0
4820, 0.024740, 7.805808, 32, 1, 32, 0
4830, 0.026042, 7.806251, 32, 1, 32, 0
4840, 0.028646, 7.806694, 31, 1, 31, 0
4850, 0.029948, 7.807137, 31, 1, 31, 0
4860, 0.031250, 7.807580, 31, 1, 31, 0
4870, 0.031250, 7.808024, 31, 1, 31, 0
4880, 0.031250, 7.808468, 31, 1, 31, 0
4890, 0.031250, 7.808913, 31, 1, 31, 0
4900, 0.031250, 7.809360, 31, 1, 31, 0
4910, 0.031250, 7.809809, 31, 1, 31, 0
4920, 0.031250, 7.810259, 31, 1, 31, 0
4930, 0.031250, 7.810710, 31, 1, 31, 0
4940, 0.032552, 7.811161, 32, 1, 32, 0
4950, 0.033854, 7.811614, 32, 1, 32, 0
4960, 0.035156, 7.812066, 32, 1, 32, 0
4970, 0.035156, 7.812519, 32, 1, 32, 0
4980, 0.036458, 7.812972, 31, 1, 31, 0
4990, 0.037760, 7.813426, 31, 1, 31, 0
5000, 0.039062, 7.813879, 31, 1, 31, 0
5010, 0.039062, 7.814333, 31, 1, 31, 0
5020, 0.039062, 7.814787, 31, 1, 31, 0
5030, 0.039062, 7.815242, 31, 1, 31, 0
5040, 0.039062, 7.815697, 31, 1, 31, 0
5050, 0.039062, 7.816151, 31, 1, 31, 0
5060, 0.039062, 7.816603, 31, 1, 31, 0
5070, 0.039062, 7.817055, 31, 1, 31, 0
5080, 0.039062, 7.817506, 31, 1, 31, 0
5090, 0.039062, 7.817957, 31, 1, 31, 0
5100, 0.039062, 7.818406, 31, 1, 31, 0
5110, 0.039062, 7.818854, 31, 1, 31, 0
5120, 0.039062, 7.819300, 31, 1, 31, 0
5130, 0.039062, 7.819745, 31, 1, 31, 0
5140, 0.039062, 7.820188, 31, 1, 31, 0
5150, 0.039062, 7.820630, 31, 1, 31, 0
5160, 0.039062, 7.821070, 31, 1, 31, 0
5170, 0.039062, 7.821508, 31, 1, 31, 0
5180, 0.039062, 7.821944, 31, 1, 31, 0
5190, 0.039062, 7.822376, 31, 1, 31, 0
5200, 0.039062, 7.822806, 31, 1, 31, 0
5210, 0.039062, 7.823233, 31, 1, 31, 0
5220, 0.039062, 7.823659, 31, 1, 31, 0
5230, 0.039062, 7.824082, 31, 1, 31, 0
5240, 0.039062, 7.824503, 31, 1, 31, 0
5250, 0.039062, 7.824922, 31, 1, 31, 0
5260, 0.039062, 7.825339, 31, 1, 31, 0
5270, 0.039062, 7.825752, 31, 1, 31, 0
5280, 0.039062, 7.826163, 31, 1, 31, 0
5290, 0.039062, 7.826572, 31, 1, 31, 0
5300, 0.039062, 7.826978, 31, 1, 31, 0
5310, 0.037760, 7.827382, 32, 1, 32, 0
5320, 0.036458, 7.827782, 32, 1, 32, 0
5330, 0.033854, 7.828179, 31, 1, 31, 0
5340, 0.032552, 7.828576, 31, 1, 31, 0
5350, 0.031250, 7.828969, 31, 1, 31, 0
5360, 0.031250, 7.829359, 31, 1, 31, 0
5370, 0.031250, 7.829745, 31, 1, 31, 0
5380, 0.031250, 7.830129, 31, 1, 31, 0
5390, 0.031250, 7.830510, 31, 1, 31, 0
5400, 0.031250, 7.830887, 31, 1, 31, 0
5410, 0.031250, 7.831263, 31, 1, 31, 0
5420, 0.031250, 7.831636, 31, 1, 31, 0
5430, 0.031250, 7.832009, 31, 1, 31, 0
5440, 0.031250, 7.832382, 31, 1, 31, 0
5450, 0.031250, 7.832756, 31, 1, 31, 0
5460, 0.028646, 7.833128, 31, 1, 31, 0
5470, 0.026042, 7.833499, 31, 1, 31, 0
5480, 0.023438, 7.833865, 31, 1, 31, 0
5490, 0.023438, 7.834228, 31, 1, 31, 0
5500, 0.023438, 7.834586, 31, 1, 31, 0
5510, 0.023438, 7.834933, 31, 1, 31, 0
5520, 0.023438, 7.835236, 31, 1, 31, 0
5530, 0.023438, 7.835540, 31, 1, 31, 0
5540, 0.023438, 7.835876, 31, 1, 31, 0
5550, 0.023438, 7.836210, 31, 1, 31, 0
5560, 0.020833, 7.836542, 31, 1, 31, 0
5570, 0.018229, 7.836872, 31, 1, 31, 0
5580, 0.015625, 7.837201, 31, 1, 31, 0
5590, 0.015625, 7.837526, 31, 1, 31, 0
5600, 0.015625, 7.837849, 31, 1, 31, 0
5610, 0.015625, 7.838170, 31, 1, 31, 0
5620, 0.015625, 7.838489, 31, 1, 31, 0
5630, 0.015625, 7.838806, 31, 1, 31, 0
5640, 0.013021, 7.839122, 31, 1, 31, 0
5650, 0.010417, 7.839436, 31, 1, 31, 0
5660, 0.007812, 7.839749, 31, 1, 31, 0
5670, 0.007812, 7.840060, 31, 1, 31, 0
5680, 0.007812, 7.840369, 31, 1, 31, 0
5690, 0.007812, 7.840677, 31, 1, 31, 0
5700, 0.007812, 7.840984, 31, 1, 31, 0
5710, 0.005208, 7.841290, 31, 1, 31, 0
5720, 0.002604, 7.841595, 31, 1, 31, 0
5730, 0.000000, 7.841900, 31, 1, 31, 0
5740, 0.000000, 7.842203, 31, 1, 31, 0
5750, 0.000000, 7.842506, 31, 1, 31, 0
5760, 0.000000, 7.842808, 31, 1, 31, 0
5770, -0.001302, 7.843109, 30, 1, 30, 0
5780, -0.003906, 7.843410, 31, 1, 31, 0
5790, -0.006510, 7.843708, 31, 1, 31, 0
5800, -0.007812, 7.844003, 31, 1, 31, 0
5810, -0.007812, 7.844291, 31, 1, 31, 0
5820, -0.007812, 7.844576, 31, 1, 31, 0
5830, -0.007812, 7.844857, 31, 1, 31, 0
5840, -0.009115, 7.845136, 30, 1, 30, 0
5850, -0.011719, 7.845411, 31, 1, 31, 0
5860, -0.014323, 7.845681, 31, 1, 31, 0
5870, -0.015625, 7.845948, 31, 1, 31, 0
5880, -0.015625, 7.846210, 31, 1, 31, 0
5890, -0.015625, 7.846468, 31, 1, 31, 0
5900, -0.015625, 7.846719, 31, 1, 31, 0
5910, -0.015625, 7.846966, 31, 1, 31, 0
5920, -0.016927, 7.847209, 30, 1, 30, 0
5930, -0.019531, 7.847451, 31, 1, 31, 0
5940, -0.022135, 7.847690, 31, 1, 31, 0
5950, -0.023438, 7.847922, 31, 1, 31, 0
5960, -0.023438, 7.848151, 31, 1, 31, 0
5970, -0.023438, 7.848378, 31, 1, 31, 0
5980, -0.023438, 7.848604, 31, 1, 31, 0
5990, -0.023438, 7.848827, 31, 1, 31, 0
6000, -0.023438, 7.849044, 31, 1, 31, 0
6010, -0.024740, 7.849254, 30, 1, 30, 0
6020, -0.027344, 7.849457, 31, 1, 31, 0
6030, -0.031250, 7.849657, 30, 1, 30, 0
6040, -0.033854, 7.849851, 30, 1, 30, 0
6050, -0.035156, 7.850042, 30, 1, 30, 0
6060, -0.036458, 7.850229, 29, 1, 29, 0
6070, -0.037760, 7.850413, 29, 1, 29, 0
6080, -0.040365, 7.850594, 28, 1, 28, 0
6090, -0.041667, 7.850768, 28, 1, 28, 0
6100, -0.042969, 7.850939, 28, 1, 28, 0
6110, -0.045573, 7.851106, 28, 1, 28, 0
6120, -0.048177, 7.851269, 28, 1, 28, 0
6130, -0.050781, 7.851426, 28, 1, 28, 0
6140, -0.052083, 7.851579, 27, 1, 27, 0
6150, -0.053385, 7.851729, 27, 1, 27, 0
6160, -0.054688, 7.851873, 27, 1, 27, 0
6170, -0.054688, 7.852013, 27, 1, 27, 0
6180, -0.055990, 7.852148, 26, 1, 26, 0
6190, -0.057292, 7.852276, 26, 1, 26, 0
6200, -0.058594, 7.852398, 26, 1, 26, 0
6210, -0.059896, 7.852517, 27, 1, 27, 0
6220, -0.062500, 7.852630, 26, 1, 26, 0
6230, -0.065104, 7.852734, 26, 1, 26, 0
6240, -0.066406, 7.852829, 26, 1, 26, 0
6250, -0.066406, 7.852914, 26, 1, 26, 0
6260, -0.066406, 7.852994, 26, 1, 26, 0
6270, -0.066406, 7.853070, 26, 1, 26, 0
6280, -0.067708, 7.853142, 25, 1, 25, 0
6290, -0.069010, 7.853205, 25, 1, 25, 0
6300, -0.071615, 7.853261, 26, 1, 26, 0
6310, -0.072917, 7.853312, 26, 1, 26, 0
6320, -0.074219, 7.853357, 26, 1, 26, 0
6330, -0.075521, 7.853390, 25, 1, 25, 0
6340, -0.076823, 7.853418, 25, 1, 25, 0
6350, -0.078125, 7.853436, 25, 1, 25, 0
6360, -0.078125, 7.853447, 25, 1, 25, 0
6370, -0.078125, 7.853437, 25, 1, 25, 0
6380, -0.078125, 7.853397, 25, 1, 25, 0
6390, -0.079427, 7.853322, 26, 1, 26, 0
6400, -0.082031, 7.853245, 25, 1, 25, 0
6410, -0.084635, 7.853163, 25, 1, 25, 0
6420, -0.085938, 7.853079, 25, 1, 25, 0
6430, -0.085938, 7.852962, 25, 1, 25, 0
6440, -0.084135, 7.852844, 26, 2, 25, 1
6450, -0.082332, 7.852727, 26, 2, 25, 1
6460, -0.080529, 7.852583, 26, 2, 25, 1
6470, -0.081707, 7.852440, 25, 2, 24, 1
6480, -0.082885, 7.852267, 25, 2, 24, 1
6490, -0.085489, 7.852094, 26, 2, 25, 1
6500, -0.086915, 7.851896, 26, 2, 25, 1
6510, -0.088341, 7.851709, 26, 2, 25, 1
6520, -0.088341, 7.851500, 26, 2, 25, 1
6530, -0.088341, 7.851267, 26, 2, 25, 1
6540, -0.089519, 7.851043, 25, 2, 24, 1
6550, -0.089018, 7.850800, 26, 2, 24, 2
6560, -0.088518, 7.850535, 26, 2, 24, 2
6570, -0.088178, 7.850254, 27, 2, 25, 2
6580, -0.091283, 7.849963, 26, 2, 25, 1
6590, -0.094388, 7.849656, 26, 2, 25, 1
6600, -0.096154, 7.849341, 26, 2, 25, 1
6610, -0.094581, 7.849017, 27, 2, 25, 2
6620, -0.093008, 7.848689, 27, 2, 25, 2
6630, -0.091165, 7.848354, 25, 2, 23, 2
6640, -0.090895, 7.848016, 25, 2, 23, 2
6650, -0.090625, 7.847669, 25, 2, 23, 2
6660, -0.092426, 7.847316, 24, 2, 23, 1
6670, -0.092902, 7.846953, 23, 2, 22, 1
6680, -0.091773, 7.846586, 24, 2, 22, 2
6690, -0.088844, 7.846214, 24, 2, 22, 2
6700, -0.087240, 7.845844, 24, 2, 22, 2
6710, -0.087240, 7.845468, 24, 2, 22, 2
6720, -0.085900, 7.845089, 23, 2, 21, 2
6730, -0.085584, 7.844707, 22, 2, 20, 2
6740, -0.087134, 7.844322, 21, 2, 20, 1
6750, -0.088395, 7.843936, 22, 2, 20, 2
6760, -0.090428, 7.843547, 23, 3, 20, 2
6770, -0.089391, 7.843163, 22, 3, 19, 2
6780, -0.089983, 7.842783, 22, 3, 19, 2
6790, -0.088778, 7.842406, 22, 3, 19, 2
6800, -0.088778, 7.842035, 22, 3, 19, 2
6810, -0.092448, 7.841665, 22, 3, 19, 2
6820, -0.095097, 7.841296, 21, 3, 18, 2
6830, -0.098885, 7.840928, 22, 3, 17, 3
6840, -0.099003, 7.840566, 22, 3, 17, 3
6850, -0.100142, 7.840209, 22, 3, 17, 3
6860, -0.100142, 7.839863, 22, 3, 17, 3
6870, -0.099251, 7.839518, 21, 3, 16, 3
6880, -0.102205, 7.839182, 21, 3, 16, 4
6890, -0.105159, 7.838844, 21, 3, 16, 4
6900, -0.109003, 7.838514, 21, 3, 16, 4
6910, -0.108674, 7.838182, 23, 3, 16, 5
6920, -0.108345, 7.837854, 23, 3, 16, 5
6930, -0.109179, 7.837529, 22, 3, 15, 5
6940, -0.109756, 7.837210, 21, 3, 14, 5
6950, -0.110333, 7.836899, 21, 3, 14, 5
6960, -0.113591, 7.836591, 21, 3, 14, 6
6970, -0.117436, 7.836283, 21, 3, 14, 6
6980, -0.122283, 7.835971, 22, 3, 14, 7
6990, -0.123286, 7.835660, 22, 3, 14, 7
7000, -0.122602, 7.835358, 23, 3, 14, 7
7010, -0.120914, 7.835073, 23, 3, 14, 7
7020, -0.118901, 7.834796, 22, 3, 13, 7
7030, -0.118577, 7.834525, 22, 3, 13, 7
7040, -0.118253, 7.834249, 22, 3, 13, 7
7050, -0.122653, 7.833982, 23, 3, 13, 9
7060, -0.128453, 7.833715, 22, 3, 12, 9
7070, -0.134254, 7.833447, 22, 3, 12, 9
7080, -0.135653, 7.833218, 22, 3, 12, 9
7090, -0.135653, 7.833000, 22, 3, 12, 9
7100, -0.135653, 7.832786, 22, 3, 12, 9
7110, -0.135653, 7.832571, 22, 3, 12, 9
7120, -0.135653, 7.832356, 22, 3, 12, 9
7130, -0.133914, 7.832180, 23, 3, 12, 9
7140, -0.132174, 7.832011, 23, 3, 12, 9
7150, -0.130435, 7.831878, 23, 3, 12, 9
7160, -0.130435, 7.831737, 23, 3, 12, 9
7170, -0.132095, 7.831628, 24, 3, 12, 10
7180, -0.135605, 7.831507, 23, 3, 12, 10
7190, -0.139239, 7.831413, 22, 3, 11, 10
7200, -0.141088, 7.831345, 23, 3, 12, 10
7210, -0.141088, 7.831263, 23, 3, 12, 10
7220, -0.141531, 7.831203, 23, 3, 11, 11
7230, -0.142097, 7.831176, 23, 3, 11, 11
7240, -0.142526, 7.831167, 24, 3, 12, 11
7250, -0.142526, 7.831172, 23, 3, 11, 11
7260, -0.143978, 7.831187, 22, 3, 11, 10
7270, -0.145566, 7.831227, 22, 3, 11, 10
7280, -0.147017, 7.831287, 22, 3, 11, 10
7290, -0.147017, 7.831364, 22, 3, 11, 10
7300, -0.147017, 7.831444, 22, 3, 11, 10
7310, -0.147017, 7.831542, 22, 3, 11, 10
7320, -0.147017, 7.831646, 22, 3, 11, 10
7330, -0.147017, 7.831767, 22, 3, 11, 10
7340, -0.145566, 7.831885, 23, 3, 11, 11
7350, -0.144114, 7.832125, 23, 3, 11, 11
7360, -0.142663, 7.832368, 23, 3, 11, 11
7370, -0.142663, 7.832884, 23, 3, 11, 11
7380, -0.142663, 7.833640, 23, 3, 11, 11
7390, -0.142663, 7.834517, 23, 3, 11, 11
7400, -0.141150, 7.835373, 25, 3, 12, 11
7410, -0.139820, 7.836273, 24, 3, 12, 10
7420, -0.138490, 7.837198, 24, 3, 12, 10
7430, -0.138672, 7.838120, 24, 3, 12, 10
7440, -0.137058, 7.839055, 23, 3, 11, 10
7450, -0.135445, 7.840132, 23, 3, 11, 10
7460, -0.133709, 7.841228, 24, 3, 11, 11
7470, -0.133586, 7.842342, 24, 3, 11, 11
7480, -0.133464, 7.843483, 24, 3, 11, 11
7490, -0.133464, 7.844647, 24, 3, 11, 11
7500, -0.133020, 7.845961, 23, 3, 11, 10
7510, -0.130741, 7.847287, 24, 3, 11, 10
7520, -0.128463, 7.848608, 24, 3, 11, 10
7530, -0.126628, 7.849921, 24, 3, 11, 10
7540, -0.124953, 7.851228, 23, 3, 11, 9
7550, -0.122712, 7.852652, 23, 3, 12, 8
7560, -0.120471, 7.854072, 23, 3, 12, 8
7570, -0.121485, 7.855474, 22, 3, 12, 8
7580, -0.121145, 7.856859, 23, 3, 12, 8
7590, -0.117409, 7.858350, 23, 3, 14, 6
7600, -0.112092, 7.859792, 23, 3, 14, 6
7610, -0.108696, 7.861189, 23, 3, 14, 6
7620, -0.107147, 7.862539, 22, 3, 14, 5
7630, -0.104414, 7.863980, 22, 3, 15, 4
7640, -0.101681, 7.865377, 22, 3, 15, 4
7650, -0.098927, 7.866828, 23, 3, 17, 3
7660, -0.093848, 7.868223, 23, 3, 17, 4
7670, -0.090060, 7.869542, 22, 3, 17, 3
7680, -0.087250, 7.870913, 22, 3, 18, 3
7690, -0.085665, 7.872222, 23, 2, 19, 4
7700, -0.081995, 7.873477, 24, 2, 20, 4
7710, -0.080163, 7.874739, 23, 2, 20, 3
7720, -0.080308, 7.875891, 25, 2, 21, 4
7730, -0.081245, 7.876997, 25, 2, 21, 4
7740, -0.083646, 7.878184, 25, 2, 22, 3
7750, -0.083769, 7.879330, 27, 2, 23, 4
7760, -0.083893, 7.880419, 27, 2, 23, 4
7770, -0.081308, 7.881589, 27, 2, 23, 4
7780, -0.079546, 7.882708, 26, 2, 22, 4
7790, -0.076942, 7.883773, 27, 2, 23, 4
7800, -0.071347, 7.884794, 27, 2, 22, 5
7810, -0.068743, 7.885876, 26, 2, 22, 4
7820, -0.063876, 7.886932, 26, 2, 21, 5
7830, -0.062500, 7.887948, 26, 2, 22, 4
7840, -0.058514, 7.889052, 25, 2, 21, 4
7850, -0.055909, 7.890119, 26, 2, 21, 5
7860, -0.051402, 7.891256, 25, 2, 20, 5
7870, -0.047075, 7.892349, 26, 2, 21, 5
7880, -0.043069, 7.893394, 25, 2, 20, 5
7890, -0.039944, 7.894497, 25, 2, 20, 5
7900, -0.035937, 7.895565, 25, 2, 20, 5
7910, -0.031631, 7.896596, 26, 2, 20, 6
7920, -0.027594, 7.897594, 24, 2, 19, 5
7930, -0.023287, 7.898664, 26, 2, 20, 6
7940, -0.020433, 7.899715, 24, 2, 19, 5
7950, -0.015475, 7.900743, 26, 2, 20, 6
7960, -0.010823, 7.901746, 25, 2, 19, 6
7970, -0.005865, 7.902733, 26, 2, 20, 6
7980, -0.001214, 7.903707, 25, 2, 19, 6
7990, 0.002198, 7.904672, 24, 2, 19, 5
8000, 0.006849, 7.905563, 25, 2, 19, 6
8010, 0.010260, 7.906312, 24, 2, 19, 5
8020, 0.013407, 7.906861, 24, 2, 19, 5
8030, 0.013997, 7.907234, 24, 2, 20, 4
8040, 0.014422, 7.907507, 23, 2, 20, 3
8050, 0.010438, 7.907750, 21, 2, 20, 1
8060, 0.008465, 7.908037, 22, 2, 21, 1
8070, 0.004786, 7.908373, 22, 1, 22, 0
8080, 0.006274, 7.908652, 21, 1, 21, 0
8090, 0.007812, 7.908853, 22, 1, 22, 0
8100, 0.010417, 7.908974, 22, 1, 22, 0
8110, 0.011719, 7.908936, 22, 1, 22, 0
8120, 0.013021, 7.908828, 23, 1, 23, 0
8130, 0.014323, 7.908663, 23, 1, 23, 0
8140, 0.015625, 7.908454, 23, 1, 23, 0
8150, 0.015625, 7.908205, 23, 1, 23, 0
8160, 0.015625, 7.907925, 23, 1, 23, 0
8170, 0.015625, 7.907653, 23, 1, 23, 0
8180, 0.015625, 7.907343, 23, 1, 23, 0
8190, 0.015625, 7.906998, 23, 1, 23, 0
8200, 0.014323, 7.906619, 22, 1, 22, 0
8210, 0.013021, 7.906208, 22, 1, 22, 0
8220, 0.010417, 7.905766, 21, 1, 21, 0
8230, 0.009115, 7.905296, 21, 1, 21, 0
8240, 0.007812, 7.904800, 21, 1, 21, 0
8250, 0.006510, 7.904280, 20, 1, 20, 0
8260, 0.005208, 7.903737, 20, 1, 20, 0
8270, 0.002604, 7.903167, 19, 1, 19, 0
8280, 0.003906, 7.902573, 20, 2, 19, 1
8290, 0.007440, 7.901956, 21, 2, 19, 2
8300, 0.014188, 7.901320, 22, 2, 19, 3
8310, 0.016082, 7.900665, 22, 2, 19, 3
8320, 0.017473, 7.899993, 23, 2, 19, 4
8330, 0.016500, 7.899303, 23, 2, 19, 4
8340, 0.017776, 7.898594, 23, 2, 19, 4
8350, 0.018116, 7.897866, 23, 2, 18, 5
8360, 0.018909, 7.897093, 23, 2, 18, 5
8370, 0.019701, 7.896302, 23, 2, 18, 5
8380, 0.019488, 7.895496, 25, 2, 19, 6
8390, 0.016884, 7.894651, 23, 2, 18, 5
8400, 0.014280, 7.893793, 23, 2, 18, 5
8410, 0.013134, 7.892897, 24, 2, 18, 6
8420, 0.012921, 7.891991, 25, 2, 19, 6
8430, 0.010911, 7.891048, 24, 2, 19, 5
8440, 0.008828, 7.890069, 25, 2, 19, 6
8450, 0.007682, 7.889057, 24, 2, 18, 6
8460, 0.008333, 7.888014, 24, 2, 18, 6
8470, 0.004557, 7.886944, 24, 2, 19, 5
8480, 0.002474, 7.885821, 25, 2, 19, 6
8490, 0.000391, 7.884669, 25, 2, 19, 6
8500, -0.002214, 7.883489, 24, 2, 19, 5
8510, -0.004818, 7.882281, 25, 2, 19, 6
8520, -0.007422, 7.881047, 25, 2, 19, 6
8530, -0.006250, 7.879784, 25, 2, 19, 6
8540, -0.010026, 7.878496, 24, 2, 19, 5
8550, -0.012630, 7.877184, 25, 2, 19, 6
8560, -0.015234, 7.875847, 25, 2, 19, 6
8570, -0.017187, 7.874486, 25, 2, 20, 5
8580, -0.019211, 7.873101, 26, 2, 20, 6
8590, -0.021815, 7.871698, 25, 2, 19, 6
8600, -0.023008, 7.870277, 24, 2, 19, 5
8610, -0.025613, 7.868832, 26, 2, 20, 6
8620, -0.027636, 7.867378, 26, 2, 20, 6
8630, -0.030240, 7.865905, 24, 2, 19, 5
8640, -0.032844, 7.864417, 26, 2, 20, 6
8650, -0.035448, 7.862771, 26, 2, 20, 6
8660, -0.038053, 7.861129, 24, 2, 19, 5
8670, -0.040657, 7.859497, 26, 2, 20, 6
8680, -0.043261, 7.857891, 26, 2, 20, 6
8690, -0.045192, 7.856303, 25, 2, 20, 5
8700, -0.048898, 7.854733, 25, 2, 20, 5
8710, -0.051502, 7.853037, 26, 2, 20, 6
8720, -0.055489, 7.851362, 26, 2, 21, 5
8730, -0.057392, 7.849709, 26, 2, 21, 5
8740, -0.061619, 7.847965, 25, 2, 20, 5
8750, -0.064223, 7.846261, 26, 2, 21, 5
8760, -0.066827, 7.844605, 26, 2, 21, 5
8770, -0.068710, 7.842876, 26, 2, 21, 5
8780, -0.069932, 7.841201, 25, 2, 20, 5
8790, -0.071154, 7.839455, 25, 2, 20, 5
8800, -0.072147, 7.837774, 23, 2, 19, 4
8810, -0.071300, 7.836044, 24, 2, 19, 5
8820, -0.072792, 7.834392, 22, 2, 18, 4
8830, -0.074012, 7.832700, 22, 2, 18, 4
8840, -0.075696, 7.831093, 23, 3, 17, 5
8850, -0.078439, 7.829449, 23, 3, 17, 4
8860, -0.081182, 7.827892, 23, 3, 17, 4
8870, -0.088938, 7.826305, 22, 3, 16, 3
8880, -0.091048, 7.824680, 22, 3, 15, 4
8890, -0.096709, 7.823163, 22, 3, 15, 4
8900, -0.098011, 7.821634, 22, 3, 15, 4
8910, -0.103812, 7.820104, 22, 3, 14, 5
8920, -0.108114, 7.818573, 23, 3, 14, 6
8930, -0.111902, 7.817174, 22, 3, 13, 6
8940, -0.116992, 7.815792, 22, 3, 13, 7
8950, -0.120502, 7.814422, 23, 3, 12, 8
8960, -0.127923, 7.813068, 23, 3, 12, 9
8970, -0.131793, 7.811730, 23, 3, 12, 9
8980, -0.135108, 7.810423, 22, 3, 11, 9
8990, -0.140020, 7.809160, 21, 3, 10, 10
9000, -0.143530, 7.808049, 23, 3, 11, 10
9010, -0.150519, 7.806977, 23, 3, 12, 10
9020, -0.152514, 7.805925, 23, 3, 12, 10
9030, -0.159307, 7.804914, 23, 2, 13, 10
9040, -0.162350, 7.803930, 24, 3, 14, 9
9050, -0.165393, 7.802983, 24, 3, 14, 9
9060, -0.168294, 7.802088, 24, 2, 15, 9
9070, -0.171302, 7.801232, 25, 2, 16, 9
9080, -0.174310, 7.800435, 25, 2, 16, 9
9090, -0.175552, 7.799686, 27, 3, 16, 10
9100, -0.176489, 7.799003, 25, 2, 16, 9
9110, -0.177713, 7.798384, 24, 2, 15, 9
9120, -0.177448, 7.797825, 24, 2, 15, 9
9130, -0.179531, 7.797327, 25, 3, 14, 9
9140, -0.181328, 7.796923, 25, 3, 14, 9
9150, -0.184683, 7.796640, 26, 3, 14, 9
9160, -0.187143, 7.796424, 26, 3, 14, 9
9170, -0.189603, 7.796279, 26, 3, 14, 9
9180, -0.192408, 7.796201, 26, 3, 13, 9
9190, -0.194311, 7.796194, 26, 3, 13, 9
9200, -0.197746, 7.796260, 27, 3, 13, 9
9210, -0.198447, 7.796387, 26, 3, 12, 9
9220, -0.200647, 7.796610, 25, 3, 12, 8
9230, -0.202720, 7.796902, 26, 3, 11, 9
9240, -0.205625, 7.797262, 26, 3, 11, 9
9250, -0.208623, 7.797811, 27, 3, 11, 9
9260, -0.210214, 7.798425, 27, 3, 11, 9
9270, -0.213319, 7.799122, 26, 3, 11, 8
9280, -0.216406, 7.799868, 27, 3, 11, 8
9290, -0.219299, 7.800691, 27, 3, 10, 9
9300, -0.220679, 7.801677, 27, 3, 10, 9
9310, -0.222047, 7.802742, 28, 3, 10, 9
9320, -0.225133, 7.803860, 27, 3, 10, 9
9330, -0.228219, 7.805115, 27, 3, 10, 9
9340, -0.231289, 7.806413, 28, 3, 10, 10
9350, -0.232832, 7.807832, 28, 3, 10, 10
9360, -0.235725, 7.809278, 27, 3, 10, 9
9370, -0.237076, 7.810838, 27, 3, 10, 9
9380, -0.239959, 7.812412, 28, 3, 11, 9
9390, -0.241492, 7.814105, 28, 3, 11, 9
9400, -0.244578, 7.815902, 27, 3, 11, 9
9410, -0.246132, 7.818063, 27, 3, 11, 9
9420, -0.249201, 7.820725, 28, 3, 12, 9
9430, -0.250716, 7.823794, 28, 3, 12, 9
9440, -0.252935, 7.827175, 27, 3, 12, 8
9450, -0.254313, 7.830956, 27, 3, 12, 8
9460, -0.255691, 7.834836, 27, 3, 12, 8
9470, -0.256476, 7.838856, 28, 3, 12, 9
9480, -0.256586, 7.842688, 28, 3, 12, 9
9490, -0.256696, 7.846545, 28, 3, 12, 9
9500, -0.256510, 7.850511, 28, 3, 12, 8
9510, -0.259101, 7.854569, 27, 4, 11, 8
9520, -0.260244, 7.858739, 27, 3, 11, 9
9530, -0.261574, 7.863001, 27, 3, 11, 9
9540, -0.260995, 7.867331, 27, 3, 11, 8
9550, -0.261863, 7.871727, 27, 3, 11, 8
9560, -0.262952, 7.876169, 28, 3, 11, 9
9570, -0.264635, 7.880664, 29, 3, 12, 9
9580, -0.265878, 7.885186, 28, 3, 11, 9
9590, -0.267161, 7.889735, 29, 3, 11, 10
9600, -0.266802, 7.894288, 29, 3, 11, 9
9610, -0.266882, 7.898831, 29, 3, 11, 9
9620, -0.266157, 7.903363, 28, 3, 10, 9
9630, -0.265978, 7.907876, 29, 3, 10, 10
9640, -0.264317, 7.912365, 28, 3, 10, 9
9650, -0.262477, 7.916819, 27, 3, 10, 9
9660, -0.260272, 7.921229, 27, 3, 10, 9
9670, -0.259549, 7.925589, 27, 3, 10, 9
9680, -0.260086, 7.929903, 28, 3, 11, 9
9690, -0.258205, 7.934168, 26, 3, 11, 9
9700, -0.254464, 7.938371, 28, 3, 12, 10
9710, -0.251488, 7.942497, 28, 3, 13, 9
9720, -0.248283, 7.946549, 26, 3, 13, 9
9730, -0.246938, 7.950523, 26, 3, 13, 9
9740, -0.243690, 7.954428, 26, 3, 14, 9
9750, -0.240284, 7.958253, 26, 3, 14, 10
9760, -0.236879, 7.961996, 26, 3, 14, 10
9770, -0.233674, 7.965657, 26, 3, 15, 10
9780, -0.231691, 7.969237, 25, 2, 15, 10
9790, -0.231090, 7.972742, 26, 2, 16, 10
9800, -0.230889, 7.976181, 26, 2, 16, 10
9810, -0.230561, 7.979553, 27, 3, 16, 10
9820, -0.228851, 7.983002, 27, 3, 16, 10
9830, -0.225698, 7.986451, 25, 3, 14, 10
9840, -0.222797, 7.989816, 25, 3, 13, 11
9850, -0.216202, 7.993093, 24, 3, 11, 11
9860, -0.208847, 7.996277, 23, 3, 12, 9
9870, -0.201139, 7.999357, 24, 3, 12, 9
9880, -0.194860, 8.002346, 23, 3, 13, 7
9890, -0.186707, 8.005252, 23, 3, 14, 5
9900, -0.179914, 8.008069, 23, 3, 14, 5
9910, -0.172945, 8.010808, 22, 3, 15, 4
9920, -0.165792, 8.013486, 22, 3, 16, 5
9930, -0.158499, 8.015980, 22, 2, 17, 5
9940, -0.152836, 8.018301, 25, 2, 19, 6
9950, -0.151284, 8.020572, 27, 2, 20, 7
9960, -0.151698, 8.022836, 28, 2, 21, 7
9970, -0.150039, 8.025100, 28, 2, 20, 8
9980, -0.145647, 8.027342, 28, 2, 19, 9
9990, -0.138486, 8.029561, 27, 2, 18, 9
10000, -0.131314, 8.031742, 27, 2, 17, 10
10010, -0.125548, 8.033885, 28, 2, 17, 11
10020, -0.118293, 8.036010, 28, 2, 16, 12
10030, -0.112506, 8.038105, 27, 2, 15, 12
10040, -0.103485, 8.040192, 21, 2, 12, 9
10050, -0.091139, 8.042247, 19, 2, 13, 6
10060, -0.074212, 8.044259, 18, 2, 14, 4
10070, -0.059725, 8.046213, 17, 2, 14, 3
10080, -0.045905, 8.048114, 18, 2, 17, 1
10090, -0.036356, 8.049977, 20, 1, 20, 0
10100, -0.030382, 8.051827, 23, 1, 23, 0
10110, -0.033854, 8.053691, 26, 1, 26, 0
10120, -0.040365, 8.055626, 29, 1, 29, 0
10130, -0.044271, 8.057653, 30, 1, 30, 0
10140, -0.041667, 8.059756, 30, 1, 30, 0
10150, -0.035156, 8.061891, 30, 1, 30, 0
10160, -0.028646, 8.064027, 29, 1, 29, 0
10170, -0.022135, 8.066163, 29, 1, 29, 0
10180, -0.015625, 8.068303, 29, 1, 29, 0
10190, -0.010417, 8.070451, 29, 1, 29, 0
10200, -0.005208, 8.072623, 29, 1, 29, 0
10210, -0.001302, 8.074824, 28, 1, 28, 0
10220, 0.003906, 8.077067, 27, 1, 27, 0
10230, 0.009115, 8.079171, 27, 1, 27, 0
10240, 0.016927, 8.081119, 28, 1, 28, 0
10250, 0.026042, 8.082903, 30, 1, 30, 0
10260, 0.035156, 8.084472, 30, 1, 30, 0
10270, 0.041667, 8.085789, 29, 1, 29, 0
10280, 0.046875, 8.086897, 30, 1, 30, 0
10290, 0.050781, 8.087775, 29, 1, 29, 0
10300, 0.054688, 8.088439, 30, 1, 30, 0
10310, 0.057292, 8.088917, 30, 1, 30, 0
10320, 0.059896, 8.089404, 29, 1, 29, 0
10330, 0.062500, 8.089912, 30, 1, 30, 0
10340, 0.065104, 8.090308, 30, 1, 30, 0
10350, 0.066406, 8.090481, 30, 1, 30, 0
10360, 0.067708, 8.090547, 29, 1, 29, 0
10370, 0.069010, 8.090490, 29, 1, 29, 0
10380, 0.071615, 8.090316, 30, 1, 30, 0
10390, 0.072917, 8.090111, 30, 1, 30, 0
10400, 0.074219, 8.089829, 30, 1, 30, 0
10410, 0.074219, 8.089504, 30, 1, 30, 0
10420, 0.074219, 8.089233, 30, 1, 30, 0
10430, 0.074219, 8.088879, 30, 1, 30, 0
10440, 0.074219, 8.088448, 30, 1, 30, 0
10450, 0.074219, 8.087950, 30, 1, 30, 0
10460, 0.074219, 8.087396, 30, 1, 30, 0
10470, 0.074219, 8.086792, 30, 1, 30, 0
10480, 0.074219, 8.086146, 30, 1, 30, 0
10490, 0.074219, 8.085436, 30, 1, 30, 0
10500, 0.074219, 8.084690, 30, 1, 30, 0
10510, 0.072917, 8.083908, 29, 1, 29, 0
10520, 0.071615, 8.083078, 29, 1, 29, 0
10530, 0.070312, 8.082227, 29, 1, 29, 0
10540, 0.069010, 8.081334, 30, 1, 30, 0
10550, 0.067708, 8.080427, 30, 1, 30, 0
10560, 0.066406, 8.079482, 30, 1, 30, 0
10570, 0.065104, 8.078501, 29, 1, 29, 0
10580, 0.063802, 8.077486, 29, 1, 29, 0
10590, 0.062500, 8.076439, 29, 1, 29, 0
10600, 0.061198, 8.075364, 30, 1, 30, 0
10610, 0.058594, 8.074261, 29, 1, 29, 0
10620, 0.053385, 8.073132, 27, 1, 27, 0
10630, 0.046875, 8.071977, 25, 1, 25, 0
10640, 0.039062, 8.070796, 25, 1, 25, 0
10650, 0.033854, 8.069585, 25, 1, 25, 0
10660, 0.029948, 8.068343, 24, 1, 24, 0
10670, 0.028646, 8.067069, 24, 1, 24, 0
10680, 0.026042, 8.065764, 25, 1, 25, 0
10690, 0.023438, 8.064428, 24, 1, 24, 0
10700, 0.020833, 8.063063, 24, 1, 24, 0
10710, 0.016927, 8.061666, 24, 1, 24, 0
10720, 0.014323, 8.060239, 24, 1, 24, 0
10730, 0.011719, 8.058763, 24, 1, 24, 0
10740, 0.010417, 8.057254, 23, 1, 23, 0
10750, 0.007812, 8.055709, 24, 1, 24, 0
10760, 0.005208, 8.054124, 24, 1, 24, 0
10770, 0.002604, 8.052509, 23, 1, 23, 0
10780, 0.000000, 8.050861, 24, 1, 24, 0
10790, -0.003906, 8.049178, 23, 1, 23, 0
10800, -0.007812, 8.047468, 24, 1, 24, 0
10810, -0.010417, 8.045719, 24, 1, 24, 0
10820, -0.013021, 8.043819, 23, 1, 23, 0
10830, -0.015625, 8.041898, 24, 1, 24, 0
10840, -0.019531, 8.039971, 23, 1, 23, 0
10850, -0.022135, 8.038051, 23, 1, 23, 0
10860, -0.024740, 8.036131, 24, 1, 24, 0
10870, -0.027344, 8.034091, 23, 1, 23, 0
10880, -0.029948, 8.032060, 23, 1, 23, 0
10890, -0.032552, 8.030037, 24, 1, 24, 0
10900, -0.035156, 8.028033, 23, 1, 23, 0
10910, -0.039062, 8.026041, 24, 1, 24, 0
10920, -0.042969, 8.023946, 23, 1, 23, 0
10930, -0.045573, 8.021864, 23, 1, 23, 0
10940, -0.046875, 8.019803, 23, 1, 23, 0
10950, -0.046875, 8.017768, 21, 1, 21, 0
10960, -0.046875, 8.015648, 21, 1, 21, 0
10970, -0.047991, 8.013563, 21, 2, 20, 1
10980, -0.047991, 8.011514, 19, 1, 19, 0
10990, -0.047991, 8.009400, 19, 1, 19, 0
11000, -0.046875, 8.007336, 19, 1, 19, 0
11010, -0.049045, 8.005327, 18, 2, 17, 1
11020, -0.051215, 8.003275, 18, 2, 17, 1
11030, -0.055190, 8.001273, 19, 2, 17, 2
11040, -0.060284, 7.999335, 19, 2, 16, 3
11050, -0.064624, 7.997346, 18, 2, 15, 3
11060, -0.069147, 7.995423, 19, 2, 15, 4
11070, -0.071866, 7.993573, 18, 2, 14, 4
11080, -0.077280, 7.991688, 19, 2, 14, 5
11090, -0.080706, 7.989880, 19, 2, 14, 5
11100, -0.082298, 7.988149, 18, 2, 13, 5
11110, -0.086547, 7.986417, 19, 2, 12, 7
11120, -0.090796, 7.984761, 19, 2, 12, 7
11130, -0.097190, 7.983192, 20, 2, 12, 8
11140, -0.100617, 7.981611, 19, 2, 11, 8
11150, -0.105798, 7.980114, 20, 2, 11, 9
11160, -0.109654, 7.978706, 21, 2, 11, 10
11170, -0.113492, 7.977384, 22, 2, 11, 11
11180, -0.117188, 7.976070, 21, 2, 11, 10
11190, -0.121996, 7.974835, 22, 2, 12, 10
11200, -0.125279, 7.973693, 23, 2, 13, 10
11210, -0.126951, 7.972636, 23, 2, 13, 10
11220, -0.129614, 7.971668, 24, 2, 14, 10
11230, -0.132060, 7.970779, 25, 2, 15, 10
11240, -0.135887, 7.969895, 26, 2, 16, 10
11250, -0.137139, 7.969093, 26, 2, 16, 10
11260, -0.139898, 7.968383, 27, 2, 17, 10
11270, -0.142995, 7.967765, 25, 2, 16, 9
11280, -0.145599, 7.967237, 26, 2, 16, 10
11290, -0.146827, 7.966797, 26, 2, 16, 10
11300, -0.146334, 7.966446, 26, 2, 16, 10
11310, -0.146384, 7.966201, 24, 2, 15, 9
11320, -0.146632, 7.966120, 23, 2, 14, 9
11330, -0.148167, 7.966127, 25, 3, 14, 10
11340, -0.149651, 7.966368, 25, 3, 14, 10
11350, -0.152608, 7.966950, 26, 3, 14, 10
11360, -0.156007, 7.967950, 24, 3, 13, 9
11370, -0.161111, 7.969290, 25, 3, 13, 9
11380, -0.165482, 7.970888, 25, 3, 13, 9
11390, -0.169764, 7.972649, 26, 3, 13, 9
11400, -0.172340, 7.974510, 26, 3, 13, 9
11410, -0.177548, 7.976479, 25, 3, 12, 8
11420, -0.180453, 7.978528, 26, 3, 12, 9
11430, -0.186462, 7.980647, 26, 3, 12, 8
11440, -0.188902, 7.982791, 26, 3, 12, 8
11450, -0.192484, 7.984912, 25, 3, 11, 8
11460, -0.195389, 7.987106, 26, 3, 11, 8
11470, -0.198293, 7.989385, 26, 3, 11, 8
11480, -0.202825, 7.991754, 26, 3, 10, 8
11490, -0.206542, 7.994214, 25, 3, 10, 8
11500, -0.209447, 7.996784, 26, 3, 10, 8
11510, -0.211050, 7.999424, 26, 3, 10, 8
11520, -0.213041, 8.002148, 26, 3, 11, 8
11530, -0.216458, 8.004924, 25, 3, 10, 8
11540, -0.220665, 8.007782, 26, 3, 10, 9
11550, -0.221266, 8.010713, 26, 3, 10, 8
11560, -0.221725, 8.013687, 27, 3, 11, 8
11570, -0.222126, 8.016700, 26, 3, 11, 8
11580, -0.223887, 8.019485, 24, 3, 10, 7
11590, -0.227322, 8.022312, 26, 3, 11, 8
11600, -0.228394, 8.025307, 27, 3, 11, 8
11610, -0.228837, 8.028442, 26, 3, 11, 8
11620, -0.227134, 8.031635, 26, 3, 11, 8
11630, -0.226844, 8.034771, 27, 3, 12, 8
11640, -0.229549, 8.037784, 25, 3, 11, 7
11650, -0.231277, 8.040610, 24, 3, 11, 7
11660, -0.232422, 8.043206, 24, 3, 11, 7
11670, -0.232109, 8.045476, 25, 3, 12, 7
11680, -0.231675, 8.047440, 24, 3, 12, 7
11690, -0.231241, 8.049135, 24, 3, 12, 7
11700, -0.230152, 8.050704, 26, 3, 13, 8
11710, -0.228958, 8.051885, 25, 3, 13, 8
11720, -0.228666, 8.052713, 26, 3, 14, 8
11730, -0.227047, 8.053231, 25, 3, 14, 8
11740, -0.225485, 8.053583, 25, 3, 13, 9
11750, -0.223715, 8.053676, 27, 3, 15, 9
11760, -0.221828, 8.053523, 26, 3, 15, 9
11770, -0.220586, 8.053231, 26, 3, 16, 9
11780, -0.219267, 8.052453, 25, 3, 16, 8
11790, -0.217664, 8.051213, 24, 2, 16, 8
11800, -0.216462, 8.049715, 26, 2, 17, 9
11810, -0.214643, 8.048053, 26, 2, 17, 9
11820, -0.215946, 8.046364, 27, 2, 18, 9
11830, -0.216139, 8.045304, 28, 2, 19, 9
11840, -0.216332, 8.044033, 28, 2, 19, 9
11850, -0.215123, 8.042535, 28, 2, 19, 9
11860, -0.212240, 8.040781, 28, 2, 18, 10
11870, -0.209635, 8.038743, 28, 2, 19, 9
11880, -0.204148, 8.036403, 28, 2, 18, 10
11890, -0.201544, 8.033730, 28, 2, 18, 10
11900, -0.196057, 8.030718, 28, 2, 18, 10
11910, -0.192047, 8.024701, 27, 2, 17, 10
11920, -0.187073, 8.018337, 27, 2, 17, 10
11930, -0.183063, 8.012016, 27, 2, 17, 10
11940, -0.178044, 8.007375, 26, 2, 16, 10
11950, -0.171385, 8.002869, 26, 2, 16, 10
11960, -0.166366, 7.998167, 26, 2, 16, 10
11970, -0.161158, 7.993272, 26, 2, 16, 10
11980, -0.153785, 7.988181, 23, 3, 11, 8
11990, -0.129869, 7.983069, 18, 4, 11, 3
12000, -0.094069, 7.977679, 14, 3, 11, 2
12010, -0.060433, 7.971847, 14, 3, 11, 2
12020, -0.047390, 7.965586, 13, 2, 11, 2
12030, -0.045530, 7.959036, 12, 2, 10, 2
12040, -0.043670, 7.952290, 12, 2, 10, 2
12050, -0.032031, 7.945358, 10, 2, 9, 1
12060, -0.021094, 7.938177, 10, 2, 9, 1
12070, -0.022159, 7.930738, 11, 2, 8, 3
12080, -0.041343, 7.923017, 9, 2, 5, 4
12090, -0.067906, 7.915119, 10, 2, 7, 3
12100, -0.087674, 7.907231, 10, 2, 8, 2
12110, -0.090365, 7.899149, 10, 2, 8, 2
12120, -0.074523, 7.890793, 12, 3, 8, 2
12130, -0.048741, 7.882149, 15, 3, 9, 4
12140, -0.022409, 7.873228, 17, 3, 9, 7
12150, -0.007579, 7.864070, 18, 2, 9, 9
12160, 0.009197, 7.854715, 19, 3, 9, 8
12170, 0.022758, 7.844998, 21, 3, 11, 8
12180, 0.035827, 7.834917, 27, 3, 18, 7
12190, 0.039903, 7.824512, 27, 3, 19, 7
12200, 0.045502, 7.813847, 26, 3, 19, 6
12210, 0.051289, 7.802981, 27, 3, 20, 6
12220, 0.064725, 7.791993, 30, 3, 21, 5
12230, 0.080430, 7.780882, 30, 4, 21, 4
12240, 0.092370, 7.769640, 29, 3, 22, 4
12250, 0.099784, 7.758268, 29, 4, 18, 5
12260, 0.103711, 7.746821, 26, 4, 16, 6
12270, 0.110820, 7.735319, 24, 4, 15, 6
12280, 0.117772, 7.724146, 24, 4, 13, 8
12290, 0.127713, 7.713127, 24, 3, 12, 9
12300, 0.139293, 7.702181, 25, 3, 11, 11
12310, 0.149292, 7.691298, 26, 3, 13, 10
12320, 0.158419, 7.680458, 27, 3, 14, 9
12330, 0.168540, 7.669654, 30, 5, 17, 9
12340, 0.177561, 7.658896, 31, 4, 20, 8
12350, 0.180551, 7.648186, 27, 4, 12, 7
12360, 0.176066, 7.637513, 27, 4, 12, 8
12370, 0.173900, 7.626889, 27, 4, 12, 7
12380, 0.173611, 7.616375, 27, 4, 11, 8
12390, 0.186373, 7.605958, 29, 4, 10, 9
12400, 0.199167, 7.595689, 32, 5, 11, 10
12410, 0.217695, 7.585550, 32, 4, 15, 9
12420, 0.230742, 7.575554, 31, 5, 9, 8
12430, 0.240131, 7.565684, 27, 5, 9, 8
12440, 0.243394, 7.555949, 29, 5, 10, 8
12450, 0.247078, 7.546354, 26, 5, 9, 8
12460, 0.253829, 7.536933, 27, 4, 10, 9
12470, 0.263976, 7.534224, 29, 4, 12, 9
12480, 0.277888, 7.537005, 36, 5, 15, 9
12490, 0.289402, 7.540485, 34, 5, 9, 8
12500, 0.295966, 7.544038, 31, 5, 8, 8
12510, 0.296284, 7.547945, 30, 5, 8, 7
12520, 0.296953, 7.552568, 29, 5, 8, 8
12530, 0.304756, 7.557989, 29, 5, 10, 8
12540, 0.316518, 7.564212, 32, 6, 13, 8
12550, 0.328488, 7.570877, 34, 5, 16, 8
12560, 0.329739, 7.578344, 28, 5, 8, 8
12570, 0.327014, 7.586387, 27, 4, 8, 7
12580, 0.327468, 7.595099, 26, 4, 7, 7
12590, 0.336544, 7.604601, 29, 4, 10, 7
12600, 0.344954, 7.614828, 30, 4, 11, 7
12610, 0.351164, 7.625880, 32, 4, 12, 8
12620, 0.349670, 7.637410, 25, 4, 8, 7
12630, 0.349134, 7.646978, 22, 4, 7, 7
12640, 0.347358, 7.651894, 22, 4, 7, 7
12650, 0.350999, 7.657724, 21, 4, 7, 7
12660, 0.353792, 7.664462, 20, 4, 7, 7
12670, 0.358461, 7.672027, 18, 3, 7, 6
12680, 0.362760, 7.680359, 18, 3, 7, 6
12690, 0.366192, 7.689335, 17, 3, 7, 5
12700, 0.367511, 7.699027, 17, 3, 7, 5
12710, 0.368873, 7.703314, 17, 3, 7, 5
12720, 0.371691, 7.701924, 15, 3, 7, 4
12730, 0.376072, 7.701789, 15, 3, 7, 5
12740, 0.381510, 7.702834, 14, 3, 7, 5
12750, 0.387382, 7.704970, 11, 3, 6, 4
12760, 0.391592, 7.708208, 12, 3, 6, 5
12770, 0.395498, 7.712537, 11, 2, 6, 5
12780, 0.396918, 7.717948, 10, 2, 5, 5
12790, 0.399884, 7.730991, 9, 2, 5, 4
12800, 0.401186, 7.747923, 10, 2, 5, 5
12810, 0.402488, 7.740431, 10, 2, 5, 5
12820, 0.403646, 7.749874, 8, 2, 4, 4
12830, 0.407878, 7.760154, 8, 2, 5, 3
12840, 0.413086, 6.717187, 8, 2, 5, 3
12850, 0.418728, 6.724770, 6, 2, 4, 2
12860, 0.424479, 6.733139, 6, 2, 5, 1
12870, 0.429688, 6.742231, 6, 2, 5, 1
12880, 0.435764, 6.751939, 4, 1, 4, 0
12890, 0.440104, 6.761949, 5, 1, 5, 0
12900, 0.444010, 6.772521, 5, 1, 5, 0
12910, 0.446615, 6.783619, 4, 1, 4, 0
12920, 0.449219, 6.795205, 5, 1, 5, 0
12930, 0.451823, 6.807246, 5, 1, 5, 0
12940, 0.454427, 6.820522, 4, 1, 4, 0
12950, 0.457031, 6.834253, 5, 1, 5, 0
12960, 0.459635, 6.848224, 5, 1, 5, 0
12970, 0.462240, 6.862343, 4, 1, 4, 0
12980, 0.464844, 6.876570, 5, 1, 5, 0
12990, 0.468750, 6.890930, 4, 1, 4, 0
13000, 0.471354, 6.905347, 4, 1, 4, 0
13010, 0.473958, 6.919772, 3, 1, 3, 0
13020, 0.476562, 6.934438, 4, 1, 4, 0
13030, 0.480469, 6.949061, 3, 1, 3, 0
13040, 0.483073, 6.963814, 3, 1, 3, 0
13050, 0.484375, 6.978406, 3, 1, 3, 0
13060, 0.485677, 6.992998, 2, 1, 2, 0
13070, 0.486979, 7.007734, 2, 1, 2, 0
13080, 0.489583, 7.022498, 1, 1, 1, 0
13090, 0.490885, 7.036987, 1, 1, 1, 0
13100, 0.492188, 7.051193, 1, 1, 1, 0
13110, 99999.990000, 7.065183, 0, 1, 0, 0
13120, 99999.990000, 7.078982, 0, 1, 0, 0
13130, 99999.990000, 6.512007, 0, 1, 0, 0
13140, 99999.990000, 6.526869, 0, 1, 0, 0
13150, 99999.990000, 6.541623, 0, 1, 0, 0
13160, 99999.990000, 6.556250, 0, 1, 0, 0
13170, 99999.990000, 6.570467, 0, 1, 0, 0
13180, 99999.990000, 6.584239, 0, 1, 0, 0
13190, 99999.990000, 6.597038, 0, 1, 0, 0
13200, 99999.990000, 6.608927, 0, 1, 0, 0
13210, 99999.990000, 6.619775, 0, 1, 0, 0
13220, 99999.990000, 6.629592, 0, 1, 0, 0
13230, 99999.990000, 6.641779, 0, 1, 0, 0
13240, 99999.990000, 6.654050, 0, 1, 0, 0
13250, 99999.990000, 6.665804, 0, 1, 0, 0
13260, 99999.990000, 7.253901, 0, 1, 0, 0
13270, 99999.990000, 7.263671, 0, 1, 0, 0
13280, 99999.990000, 7.834161, 0, 1, 0, 0
13290, 99999.990000, 7.842311, 0, 1, 0, 0
13300, 99999.990000, 7.848978, 0, 1, 0, 0
13310, 0.164062, 8.276910, 1, 1, 1, 0
13320, 0.328125, 8.280803, 1, 1, 1, 0
13330, 0.490885, 8.274405, 2, 1, 2, 0
13340, 0.489583, 8.264643, 2, 1, 2, 0
13350, 0.486979, 8.254216, 3, 1, 3, 0
13360, 0.484375, 8.243820, 4, 1, 4, 0
13370, 0.481771, 8.234826, 4, 1, 4, 0
13380, 0.479167, 8.227448, 5, 1, 5, 0
13390, 0.477865, 8.221481, 5, 1, 5, 0
13400, 0.477865, 8.216500, 4, 1, 4, 0
13410, 0.477344, 8.212117, 5, 2, 4, 1
13420, 0.476302, 8.208093, 5, 2, 3, 2
13430, 0.473958, 8.204305, 5, 2, 3, 2
13440, 0.472917, 8.200725, 5, 2, 3, 2
13450, 0.470486, 8.197319, 6, 2, 5, 1
13460, 0.466319, 8.194015, 5, 1, 5, 0
13470, 0.463976, 8.190897, 6, 1, 6, 0
13480, 0.464844, 8.188070, 7, 1, 7, 0
13490, 0.468750, 8.186089, 6, 1, 6, 0
13500, 0.466332, 8.184251, 7, 3, 5, 1
13510, 0.463728, 8.182519, 8, 2, 4, 4
13520, 0.458705, 8.180944, 7, 2, 5, 2
13530, 0.457961, 8.179552, 7, 2, 6, 1
13540, 0.454055, 8.178373, 10, 2, 9, 1
13550, 0.450910, 8.177322, 11, 3, 9, 1
13560, 0.450426, 8.176321, 10, 2, 8, 2
13570, 0.448177, 8.175338, 11, 3, 6, 4
13580, 0.446993, 8.173024, 11, 2, 6, 5
13590, 0.440874, 8.172062, 12, 3, 7, 4
13600, 0.437413, 8.170189, 13, 3, 10, 2
13610, 0.430768, 8.169301, 14, 4, 11, 1
13620, 0.427513, 8.179688, 14, 2, 12, 2
13630, 0.427641, 8.190086, 14, 2, 12, 2
13640, 0.425246, 8.200546, 16, 3, 11, 3
13650, 0.428781, 8.211183, 14, 2, 11, 3
13660, 0.423561, 8.222067, 17, 3, 10, 5
13670, 0.422711, 8.233137, 18, 3, 10, 6
13680, 0.418363, 8.244478, 16, 2, 9, 7
13690, 0.414970, 8.256067, 20, 3, 9, 9
13700, 0.413524, 8.267908, 18, 3, 9, 8
13710, 0.409997, 8.279995, 18, 2, 10, 8
13720, 0.407015, 8.292431, 21, 3, 13, 7
13730, 0.401307, 8.305597, 22, 3, 14, 7
13740, 0.393588, 8.318858, 23, 3, 15, 7
13750, 0.390666, 8.332208, 23, 3, 15, 7
13760, 0.389719, 8.345695, 23, 2, 16, 7
13770, 0.389832, 8.358750, 23, 3, 14, 7
13780, 0.388149, 8.371932, 22, 4, 13, 6
13790, 0.380207, 8.385302, 20, 4, 13, 3
13800, 0.371058, 8.398814, 20, 4, 14, 3
13810, 0.360149, 8.412385, 19, 3, 15, 3
13820, 0.356683, 8.426023, 21, 3, 16, 4
13830, 0.357453, 8.439742, 23, 3, 18, 4
13840, 0.363199, 8.453687, 26, 3, 20, 5
13850, 0.363227, 8.467919, 27, 3, 19, 7
13860, 0.357943, 8.482457, 27, 2, 18, 9
13870, 0.346644, 8.497187, 27, 3, 16, 10
13880, 0.334138, 8.503046, 29, 3, 15, 12
13890, 0.321177, 8.504821, 29, 3, 14, 13
13900, 0.309121, 8.506433, 27, 3, 14, 11
13910, 0.291814, 8.507904, 22, 3, 16, 4
13920, 0.267697, 8.509216, 21, 3, 18, 2
13930, 0.248569, 8.510355, 25, 2, 23, 2
13940, 0.247197, 8.511347, 29, 3, 26, 2
13950, 0.257269, 8.512288, 27, 3, 24, 2
13960, 0.266124, 8.513239, 25, 3, 22, 2
13970, 0.267613, 8.514183, 22, 3, 19, 2
13980, 0.259897, 8.515071, 24, 3, 17, 6
13990, 0.250328, 8.514650, 23, 2, 15, 8
14000, 0.228902, 8.515798, 18, 3, 11, 4
14010, 0.196784, 8.516848, 13, 1, 13, 0
14020, 0.166667, 8.517739, 15, 1, 15, 0
14030, 0.162760, 8.518493, 28, 1, 28, 0
14040, 0.172818, 8.519255, 29, 2, 28, 1
14050, 0.180271, 8.520121, 29, 2, 28, 1
14060, 0.170797, 8.521089, 29, 2, 28, 1
14070, 0.164646, 8.522064, 28, 1, 28, 0
14080, 0.162401, 8.523064, 25, 1, 25, 0
14090, 0.166667, 8.524122, 20, 1, 20, 0
14100, 0.158594, 8.525293, 10, 2, 9, 1
14110, 0.132118, 8.526527, 6, 3, 4, 1
14120, 0.077431, 8.527726, 2, 1, 2, 0
14130, 0.037326, 8.528738, 5, 1, 5, 0
14140, 0.038962, 8.529633, 13, 2, 7, 6
14150, 0.063702, 8.530667, 20, 2, 10, 10
14160, 0.084535, 8.532013, 26, 2, 13, 13
14170, 0.075521, 8.533679, 27, 1, 27, 0
14180, 0.065104, 8.535495, 27, 1, 27, 0
14190, 0.054688, 8.537421, 27, 1, 27, 0
14200, 0.044271, 8.539446, 27, 1, 27, 0
14210, 0.033854, 8.541568, 27, 1, 27, 0
14220, 0.023438, 8.543791, 27, 1, 27, 0
14230, 0.013021, 8.546101, 27, 1, 27, 0
14240, 0.002604, 8.548511, 27, 1, 27, 0
14250, -0.007812, 8.551031, 27, 1, 27, 0
14260, -0.018229, 8.553402, 25, 1, 25, 0
14270, -0.031250, 8.555774, 25, 1, 25, 0
14280, -0.045573, 8.558163, 24, 1, 24, 0
14290, -0.057292, 8.560535, 24, 1, 24, 0
14300, -0.066406, 8.562826, 24, 1, 24, 0
14310, -0.074219, 8.564967, 24, 1, 24, 0
14320, -0.080729, 8.566912, 25, 1, 25, 0
14330, -0.083333, 8.568620, 26, 1, 26, 0
14340, -0.084635, 8.570092, 27, 1, 27, 0
14350, -0.085938, 8.571336, 28, 1, 28, 0
14360, -0.087240, 8.572433, 25, 1, 25, 0
14370, -0.083333, 8.573524, 22, 1, 22, 0
14380, -0.078125, 8.574551, 20, 1, 20, 0
14390, -0.072917, 8.575601, 19, 1, 19, 0
14400, -0.071615, 8.576645, 17, 1, 17, 0
14410, -0.070312, 8.577653, 17, 1, 17, 0
14420, -0.072917, 8.578654, 17, 1, 17, 0
14430, -0.078270, 8.579646, 18, 2, 17, 1
14440, -0.082176, 8.580568, 18, 1, 18, 0
14450, -0.084780, 8.581399, 17, 1, 17, 0
14460, -0.085938, 8.582132, 18, 1, 18, 0
14470, -0.089844, 8.582772, 19, 1, 19, 0
14480, -0.095052, 8.583334, 19, 1, 19, 0
14490, -0.100260, 8.583827, 20, 1, 20, 0
14500, -0.105469, 8.584253, 21, 1, 21, 0
14510, -0.110677, 8.584625, 21, 1, 21, 0
14520, -0.115885, 8.584946, 22, 1, 22, 0
14530, -0.121094, 8.585227, 23, 1, 23, 0
14540, -0.125000, 8.585474, 24, 1, 24, 0
14550, -0.128906, 8.585692, 25, 1, 25, 0
14560, -0.134115, 8.585883, 25, 1, 25, 0
14570, -0.139323, 8.586053, 26, 1, 26, 0
14580, -0.144531, 8.586207, 27, 1, 27, 0
14590, -0.147135, 8.586346, 27, 1, 27, 0
14600, -0.148438, 8.586490, 27, 1, 27, 0
14610, -0.145833, 8.586643, 27, 1, 27, 0
14620, -0.143229, 8.586792, 27, 1, 27, 0
14630, -0.140625, 8.586930, 27, 1, 27, 0
14640, -0.139323, 8.587038, 28, 1, 28, 0
14650, -0.138021, 8.587125, 28, 1, 28, 0
14660, -0.136719, 8.587172, 28, 1, 28, 0
14670, -0.136719, 8.587190, 28, 1, 28, 0
14680, -0.136719, 8.587164, 28, 1, 28, 0
14690, -0.136719, 8.587106, 28, 1, 28, 0
14700, -0.135417, 8.587001, 27, 1, 27, 0
14710, -0.134115, 8.586865, 27, 1, 27, 0
14720, -0.131510, 8.586678, 28, 1, 28, 0
14730, -0.130208, 8.586450, 28, 1, 28, 0
14740, -0.127604, 8.586168, 27, 1, 27, 0
14750, -0.126302, 8.585691, 27, 1, 27, 0
14760, -0.123698, 8.584594, 28, 1, 28, 0
14770, -0.122396, 8.583506, 28, 1, 28, 0
14780, -0.119792, 8.582498, 27, 1, 27, 0
14790, -0.118490, 8.581975, 27, 1, 27, 0
14800, -0.115885, 8.581622, 28, 1, 28, 0
14810, -0.113281, 8.581378, 27, 1, 27, 0
14820, -0.110677, 8.581213, 27, 1, 27, 0
14830, -0.108073, 8.581080, 28, 1, 28, 0
14840, -0.105469, 8.580945, 27, 1, 27, 0
14850, -0.102865, 8.580776, 27, 1, 27, 0
14860, -0.100260, 8.580563, 28, 1, 28, 0
14870, -0.097656, 8.580324, 27, 1, 27, 0
14880, -0.095052, 8.580072, 27, 1, 27, 0
14890, -0.089565, 8.579821, 28, 2, 27, 1
14900, -0.086961, 8.579578, 27, 1, 27, 0
14910, -0.081752, 8.579350, 27, 1, 27, 0
14920, -0.080729, 8.579137, 27, 1, 27, 0
14930, -0.076823, 8.578940, 28, 1, 28, 0
14940, -0.074219, 8.578755, 27, 1, 27, 0
14950, -0.071615, 8.578588, 27, 1, 27, 0
14960, -0.067708, 8.578435, 27, 1, 27, 0
14970, -0.065104, 8.578302, 27, 1, 27, 0
14980, -0.059896, 8.578185, 27, 1, 27, 0
14990, -0.057292, 8.578087, 27, 1, 27, 0
15000, -0.052083, 8.578008, 27, 1, 27, 0
15010, -0.049479, 8.577947, 27, 1, 27, 0
15020, -0.046875, 8.577906, 27, 1, 27, 0
15030, -0.042969, 8.577886, 26, 1, 26, 0
15040, -0.036458, 8.577888, 24, 1, 24, 0
15050, -0.027344, 8.577912, 24, 1, 24, 0
15060, -0.020833, 8.577957, 23, 1, 23, 0
15070, -0.014323, 8.578022, 23, 1, 23, 0
15080, -0.009115, 8.578105, 22, 1, 22, 0
15090, -0.003906, 8.578207, 23, 1, 23, 0
15100, 0.000000, 8.578328, 22, 1, 22, 0
15110, 0.003906, 8.578468, 21, 1, 21, 0
15120, 0.007812, 8.578618, 22, 1, 22, 0
15130, 0.010417, 8.578771, 22, 1, 22, 0
15140, 0.013021, 8.578927, 21, 1, 21, 0
15150, 0.015625, 8.579086, 22, 1, 22, 0
15160, 0.019531, 8.579250, 21, 1, 21, 0
15170, 0.022135, 8.579420, 21, 1, 21, 0
15180, 0.024740, 8.579547, 22, 1, 22, 0
15190, 0.027344, 8.579676, 21, 1, 21, 0
15200, 0.029948, 8.579805, 21, 1, 21, 0
15210, 0.031250, 8.579935, 21, 1, 21, 0
15220, 0.032552, 8.580064, 22, 1, 22, 0
15230, 0.033854, 8.580194, 22, 1, 22, 0
15240, 0.036458, 8.580327, 21, 1, 21, 0
15250, 0.037760, 8.580489, 21, 1, 21, 0
15260, 0.039062, 8.580648, 21, 1, 21, 0
15270, 0.039062, 8.580804, 21, 1, 21, 0
15280, 0.040365, 8.580957, 22, 1, 22, 0
15290, 0.041667, 8.581106, 22, 1, 22, 0
15300, 0.042969, 8.581249, 22, 1, 22, 0
15310, 0.042969, 8.581386, 22, 1, 22, 0
15320, 0.042969, 8.581520, 22, 1, 22, 0
15330, 0.042969, 8.581652, 22, 1, 22, 0
15340, 0.042969, 8.581784, 22, 1, 22, 0
15350, 0.042969, 8.581915, 22, 1, 22, 0
15360, 0.042969, 8.582040, 22, 1, 22, 0
15370, 0.042969, 8.582159, 22, 1, 22, 0
15380, 0.044271, 8.582265, 23, 1, 23, 0
15390, 0.045573, 8.582359, 23, 1, 23, 0
15400, 0.046875, 8.582434, 23, 1, 23, 0
15410, 0.046875, 8.582494, 23, 1, 23, 0
15420, 0.046875, 8.582540, 23, 1, 23, 0
15430, 0.046875, 8.582574, 23, 1, 23, 0
15440, 0.046875, 8.582587, 23, 1, 23, 0
15450, 0.045573, 8.582578, 24, 1, 24, 0
15460, 0.044271, 8.582546, 24, 1, 24, 0
15470, 0.041667, 8.582494, 25, 1, 25, 0
15480, 0.039062, 8.582422, 26, 1, 26, 0
15490, 0.036458, 8.582294, 26, 1, 26, 0
15500, 0.032552, 8.582024, 28, 1, 28, 0
15510, 0.029948, 8.581742, 28, 1, 28, 0
15520, 0.027344, 8.581449, 28, 1, 28, 0
15530, 0.027344, 8.581143, 28, 1, 28, 0
15540, 0.026042, 8.580873, 27, 1, 27, 0
15550, 0.024740, 8.580620, 27, 1, 27, 0
15560, 0.023438, 8.580343, 27, 1, 27, 0
15570, 0.023438, 8.580017, 27, 1, 27, 0
15580, 0.023438, 8.579669, 27, 1, 27, 0
15590, 0.023438, 8.579303, 27, 1, 27, 0
15600, 0.023438, 8.578889, 27, 1, 27, 0
15610, 0.023438, 8.578459, 27, 1, 27, 0
15620, 0.023438, 8.578013, 27, 1, 27, 0
15630, 0.023438, 8.577518, 27, 1, 27, 0
15640, 0.022135, 8.577005, 28, 1, 28, 0
15650, 0.020833, 8.576447, 28, 1, 28, 0
15660, 0.018229, 8.575843, 27, 1, 27, 0
15670, 0.016927, 8.575229, 27, 1, 27, 0
15680, 0.015625, 8.574571, 27, 1, 27, 0
15690, 0.015625, 8.573871, 27, 1, 27, 0
15700, 0.015625, 8.573132, 27, 1, 27, 0
15710, 0.015625, 8.572358, 27, 1, 27, 0
15720, 0.013021, 8.571553, 27, 1, 27, 0
15730, 0.010417, 8.570717, 27, 1, 27, 0
15740, 0.007812, 8.569853, 27, 1, 27, 0
15750, 0.007812, 8.568960, 27, 1, 27, 0
15760, 0.007812, 8.568039, 27, 1, 27, 0
15770, 0.005208, 8.567093, 27, 1, 27, 0
15780, 0.002604, 8.566122, 27, 1, 27, 0
15790, -0.001302, 8.565126, 26, 1, 26, 0
15800, -0.003906, 8.564102, 25, 1, 25, 0
15810, -0.007812, 8.563048, 24, 1, 24, 0
15820, -0.013021, 8.561965, 24, 1, 24, 0
15830, -0.016927, 8.560846, 24, 1, 24, 0
15840, -0.020833, 8.559703, 23, 1, 23, 0
15850, -0.022135, 8.558516, 23, 1, 23, 0
15860, -0.024740, 8.557274, 22, 1, 22, 0
15870, -0.027344, 8.555997, 23, 1, 23, 0
15880, -0.029948, 8.554697, 23, 1, 23, 0
15890, -0.032552, 8.553364, 22, 1, 22, 0
15900, -0.033854, 8.552008, 22, 1, 22, 0
15910, -0.036458, 8.550620, 23, 1, 23, 0
15920, -0.039062, 8.549093, 22, 1, 22, 0
15930, -0.041667, 8.547547, 22, 1, 22, 0
15940, -0.042969, 8.546003, 22, 1, 22, 0
15950, -0.042969, 8.544456, 22, 1, 22, 0
15960, -0.045573, 8.542912, 22, 1, 22, 0
15970, -0.048177, 8.541366, 22, 1, 22, 0
15980, -0.050781, 8.539696, 22, 1, 22, 0
15990, -0.050781, 8.538017, 22, 1, 22, 0
16000, -0.052083, 8.536347, 23, 1, 23, 0
16010, -0.054688, 8.534686, 22, 1, 22, 0
16020, -0.057292, 8.532909, 22, 1, 22, 0
16030, -0.058594, 8.531139, 22, 1, 22, 0
16040, -0.059896, 8.529388, 23, 1, 23, 0
16050, -0.062500, 8.527655, 22, 1, 22, 0
16060, -0.065104, 8.525809, 22, 1, 22, 0
16070, -0.066406, 8.523976, 22, 1, 22, 0
16080, -0.067708, 8.522168, 23, 1, 23, 0
16090, -0.069010, 8.520384, 23, 1, 23, 0
16100, -0.070312, 8.518502, 21, 1, 21, 0
16110, -0.070312, 8.516642, 21, 1, 21, 0
16120, -0.070312, 8.514814, 21, 1, 21, 0
16130, -0.069010, 8.512907, 20, 1, 20, 0
16140, -0.067708, 8.511035, 20, 1, 20, 0
16150, -0.067708, 8.509089, 19, 1, 19, 0
16160, -0.067708, 8.507193, 18, 1, 18, 0
16170, -0.067708, 8.505240, 18, 1, 18, 0
16180, -0.066406, 8.503350, 18, 1, 18, 0
16190, -0.066406, 8.501523, 16, 1, 16, 0
16200, -0.066406, 8.499653, 16, 1, 16, 0
16210, -0.068781, 8.497838, 17, 2, 16, 1
16220, -0.071155, 8.495980, 17, 2, 16, 1
16230, -0.072457, 8.494182, 16, 2, 15, 1
16240, -0.073836, 8.492353, 17, 2, 15, 2
16250, -0.076670, 8.490597, 16, 2, 14, 2
16260, -0.082491, 8.488814, 17, 2, 14, 3
16270, -0.087546, 8.487109, 17, 2, 13, 4
16280, -0.091146, 8.485382, 17, 2, 13, 4
16290, -0.095018, 8.483742, 18, 2, 13, 5
16300, -0.098848, 8.482087, 17, 2, 12, 5
16310, -0.102572, 8.480520, 16, 2, 11, 5
16320, -0.107491, 8.478940, 18, 2, 11, 7
16330, -0.110768, 8.477448, 18, 2, 11, 7
16340, -0.114149, 8.475950, 18, 2, 11, 7
16350, -0.117629, 8.474542, 19, 2, 11, 8
16360, -0.121767, 8.473124, 20, 2, 11, 9
16370, -0.125905, 8.471799, 20, 2, 11, 9
16380, -0.128274, 8.470461, 21, 2, 11, 10
16390, -0.129985, 8.469218, 21, 2, 11, 10
16400, -0.132068, 8.468066, 22, 2, 11, 11
16410, -0.135636, 8.466912, 22, 2, 12, 10
16420, -0.139292, 8.465841, 23, 2, 13, 10
16430, -0.142576, 8.464852, 23, 2, 13, 10
16440, -0.143755, 8.463847, 25, 2, 14, 11
16450, -0.144778, 8.462924, 26, 2, 15, 11
16460, -0.148786, 8.462081, 25, 2, 15, 10
16470, -0.151703, 8.461240, 25, 2, 15, 10
16480, -0.154687, 8.460476, 25, 2, 15, 10
16490, -0.157604, 8.459799, 25, 2, 16, 9
16500, -0.159102, 8.459116, 24, 2, 15, 9
16510, -0.160599, 8.458514, 24, 2, 15, 9
16520, -0.160156, 8.458053, 24, 2, 15, 9
16530, -0.161331, 8.457706, 23, 2, 14, 9
16540, -0.164695, 8.457439, 24, 3, 14, 9
16550, -0.164893, 8.457158, 23, 2, 14, 9
16560, -0.166411, 8.456948, 22, 2, 14, 8
16570, -0.165740, 8.456818, 22, 2, 14, 8
16580, -0.169024, 8.456776, 23, 3, 14, 8
16590, -0.172338, 8.456918, 22, 3, 14, 7
16600, -0.175985, 8.457380, 21, 3, 13, 7
16610, -0.177771, 8.458266, 22, 3, 12, 8
16620, -0.178008, 8.459523, 22, 3, 12, 8
16630, -0.179496, 8.461036, 21, 3, 12, 7
16640, -0.182929, 8.462702, 22, 3, 12, 7
16650, -0.186361, 8.464414, 22, 3, 12, 7
16660, -0.189834, 8.466113, 21, 3, 12, 6
16670, -0.191941, 8.467849, 20, 3, 11, 6
16680, -0.195018, 8.469626, 22, 3, 11, 7
16690, -0.196473, 8.471411, 22, 3, 11, 7
16700, -0.199089, 8.473300, 21, 3, 11, 6
16710, -0.202522, 8.475275, 22, 3, 11, 6
16720, -0.205955, 8.477351, 22, 3, 11, 6
16730, -0.208311, 8.479523, 21, 3, 10, 6
16740, -0.207956, 8.481777, 22, 3, 10, 7
16750, -0.209269, 8.484103, 21, 3, 10, 6
16760, -0.211777, 8.486492, 22, 3, 10, 6
16770, -0.214737, 8.488936, 22, 3, 11, 6
16780, -0.216027, 8.491428, 22, 3, 11, 6
16790, -0.215554, 8.493952, 22, 3, 11, 6
16800, -0.216123, 8.496497, 21, 3, 10, 6
16810, -0.216693, 8.499070, 21, 3, 10, 6
16820, -0.215030, 8.501661, 21, 3, 10, 7
16830, -0.212798, 8.504259, 21, 3, 10, 7
16840, -0.211400, 8.506864, 22, 3, 11, 7
16850, -0.212234, 8.509601, 22, 3, 11, 7
16860, -0.213068, 8.512331, 22, 3, 11, 7
16870, -0.211614, 8.515029, 21, 3, 11, 7
16880, -0.211140, 8.517816, 22, 3, 12, 7
16890, -0.210667, 8.520553, 22, 3, 12, 7
16900, -0.210047, 8.523229, 21, 3, 12, 7
16910, -0.209573, 8.525980, 22, 3, 13, 7
16920, -0.209100, 8.528671, 22, 3, 13, 7
16930, -0.210227, 8.531422, 22, 3, 13, 7
16940, -0.209754, 8.534101, 22, 3, 14, 7
16950, -0.209280, 8.536827, 22, 3, 14, 7
16960, -0.206913, 8.539464, 21, 2, 14, 7
16970, -0.204906, 8.542132, 23, 2, 15, 8
16980, -0.202899, 8.544832, 23, 2, 15, 8
16990, -0.202785, 8.547424, 23, 2, 15, 8
17000, -0.202785, 8.550038, 23, 2, 15, 8
17010, -0.204201, 8.552679, 24, 2, 16, 8
17020, -0.204106, 8.555339, 25, 2, 16, 9
17030, -0.205421, 8.558113, 26, 2, 17, 9
17040, -0.205321, 8.560924, 26, 2, 17, 9
17050, -0.205321, 8.563712, 25, 2, 16, 9
17060, -0.202416, 8.566473, 26, 2, 16, 10
17070, -0.199511, 8.569179, 26, 2, 16, 10
17080, -0.197115, 8.571832, 24, 2, 15, 9
17090, -0.194651, 8.574444, 25, 2, 15, 10
17100, -0.190712, 8.577014, 24, 2, 14, 10
17110, -0.187587, 8.579534, 25, 2, 15, 10
17120, -0.184566, 8.582000, 25, 2, 14, 11
17130, -0.181377, 8.584420, 23, 2, 12, 11
17140, -0.176350, 8.586795, 23, 2, 12, 11
17150, -0.170516, 8.589110, 21, 2, 12, 9
17160, -0.166587, 8.591372, 20, 2, 11, 9
17170, -0.160938, 8.593585, 20, 2, 12, 8
17180, -0.156552, 8.595741, 19, 2, 12, 7
17190, -0.148067, 8.597841, 19, 2, 13, 6
17200, -0.141760, 8.599866, 18, 2, 13, 5
17210, -0.132401, 8.601832, 18, 2, 14, 4
17220, -0.126881, 8.603676, 18, 2, 14, 4
17230, -0.118019, 8.605374, 16, 2, 14, 2
17240, -0.112522, 8.607002, 18, 2, 16, 2
17250, -0.105433, 8.608596, 18, 2, 17, 1
17260, -0.099248, 8.610138, 18, 1, 18, 0
17270, -0.095052, 8.611646, 19, 1, 19, 0
17280, -0.093750, 8.613110, 20, 1, 20, 0
17290, -0.097656, 8.614559, 21, 1, 21, 0
17300, -0.101562, 8.616017, 22, 1, 22, 0
17310, -0.105469, 8.617488, 23, 1, 23, 0
17320, -0.109375, 8.618964, 24, 1, 24, 0
17330, -0.113281, 8.620442, 23, 1, 23, 0
17340, -0.114583, 8.621925, 22, 1, 22, 0
17350, -0.114583, 8.623396, 22, 1, 22, 0
17360, -0.111979, 8.624849, 21, 1, 21, 0
17370, -0.109375, 8.626277, 20, 1, 20, 0
17380, -0.106771, 8.627680, 20, 1, 20, 0
17390, -0.104167, 8.629066, 19, 1, 19, 0
17400, -0.100260, 8.630440, 19, 1, 19, 0
17410, -0.096354, 8.631806, 19, 1, 19, 0
17420, -0.092448, 8.633165, 18, 1, 18, 0
17430, -0.087240, 8.634515, 18, 2, 17, 1
17440, -0.079564, 8.635853, 19, 2, 17, 2
17450, -0.070861, 8.637168, 19, 2, 17, 2
17460, -0.064350, 8.638459, 18, 2, 16, 2
17470, -0.057182, 8.639737, 20, 2, 17, 3
17480, -0.052865, 8.641001, 18, 2, 16, 2
17490, -0.045669, 8.642264, 19, 2, 16, 3
17500, -0.039679, 8.643511, 18, 2, 15, 3
17510, -0.033169, 8.644755, 18, 2, 15, 3
17520, -0.028646, 8.645985, 18, 2, 15, 3
17530, -0.021159, 8.647214, 16, 3, 7, 5
17540, -0.010979, 8.648424, 11, 3, 4, 4
17550, 0.003936, 8.649597, 11, 3, 4, 4
17560, 0.019886, 8.650464, 9, 3, 4, 3
17570, 0.021780, 8.650912, 11, 3, 5, 4
17580, 0.009470, 8.651062, 15, 1, 15, 0
17590, -0.006155, 8.651075, 17, 1, 17, 0
17600, -0.007812, 8.651031, 17, 1, 17, 0
17610, -0.001302, 8.650882, 18, 1, 18, 0
17620, 0.003906, 8.650584, 19, 1, 19, 0
17630, 0.009115, 8.650311, 19, 1, 19, 0
17640, 0.014323, 8.650050, 20, 1, 20, 0
17650, 0.019531, 8.649732, 21, 1, 21, 0
17660, 0.022135, 8.649279, 21, 1, 21, 0
17670, 0.024740, 8.648720, 20, 1, 20, 0
17680, 0.027344, 8.648030, 21, 1, 21, 0
17690, 0.029948, 8.647245, 21, 1, 21, 0
17700, 0.031250, 8.646350, 21, 1, 21, 0
17710, 0.031250, 8.645389, 21, 1, 21, 0
17720, 0.031250, 8.644366, 21, 1, 21, 0
17730, 0.032935, 8.643308, 17, 2, 15, 2
17740, 0.039445, 8.642205, 14, 1, 14, 0
17750, 0.045956, 8.641030, 12, 1, 12, 0
17760, 0.050781, 8.639788, 10, 1, 10, 0
17770, 0.052083, 8.638485, 9, 1, 9, 0
17780, 0.052083, 8.637130, 8, 1, 8, 0
17790, 0.053385, 8.635729, 7, 1, 7, 0
17800, 0.052083, 8.634286, 6, 1, 6, 0
17810, 0.052083, 8.632794, 6, 1, 6, 0
17820, 0.050781, 8.631262, 6, 1, 6, 0
17830, 0.049479, 8.629697, 5, 1, 5, 0
17840, 0.048177, 8.628101, 5, 1, 5, 0
17850, 0.045573, 8.626474, 4, 1, 4, 0
17860, 0.044271, 8.624816, 4, 1, 4, 0
17870, 0.042969, 8.623127, 4, 1, 4, 0
17880, 0.042969, 8.621410, 4, 1, 4, 0
17890, 0.041667, 8.619662, 3, 1, 3, 0
17900, 0.039497, 8.617890, 6, 3, 4, 1
17910, 0.032986, 8.616089, 7, 3, 4, 2
17920, 0.028819, 8.614253, 10, 3, 5, 3
17930, 0.025000, 8.612389, 10, 3, 5, 3
17940, 0.020009, 8.610481, 12, 3, 5, 5
17950, 0.013759, 8.608541, 18, 2, 15, 3
17960, 0.008030, 8.606442, 18, 2, 15, 3
17970, 0.005362, 8.604318, 17, 2, 15, 2
17980, 0.003443, 8.602183, 19, 2, 16, 3
17990, 0.001524, 8.600034, 19, 2, 16, 3
18000, 0.002056, 8.597871, 19, 2, 16, 3
18010, -0.000548, 8.595551, 19, 2, 16, 3
18020, -0.003152, 8.593215, 19, 2, 16, 3
18030, -0.005757, 8.590864, 19, 2, 16, 3
18040, -0.008033, 8.588506, 18, 2, 16, 2
18050, -0.009891, 8.586008, 20, 2, 17, 3
18060, -0.011748, 8.583502, 20, 2, 17, 3
18070, -0.015776, 8.580991, 19, 2, 17, 2
18080, -0.018380, 8.578355, 20, 2, 17, 3
18090, -0.020984, 8.575723, 20, 2, 17, 3
18100, -0.022656, 8.573100, 20, 2, 18, 2
18110, -0.026172, 8.570369, 20, 2, 18, 2
18120, -0.030208, 8.567651, 21, 2, 18, 3
18130, -0.034697, 8.564827, 21, 3, 18, 2
18140, -0.039187, 8.562025, 21, 3, 18, 2
18150, -0.040962, 8.559128, 22, 2, 19, 3
18160, -0.040714, 8.556266, 21, 2, 19, 2
18170, -0.042822, 8.553320, 21, 2, 19, 2
18180, -0.048977, 8.550300, 22, 3, 19, 2
18190, -0.051582, 8.547328, 21, 2, 19, 2
18200, -0.053199, 8.544303, 22, 2, 20, 2
18210, -0.056751, 8.541214, 22, 3, 20, 1
18220, -0.060724, 8.538202, 22, 2, 20, 2
18230, -0.065145, 8.535125, 23, 3, 20, 2
18240, -0.067276, 8.532018, 22, 2, 21, 1
18250, -0.068866, 8.528872, 23, 2, 21, 2
18260, -0.073442, 8.525819, 22, 3, 20, 1
18270, -0.073631, 8.522737, 20, 3, 18, 1
18280, -0.077615, 8.519643, 21, 4, 18, 1
18290, -0.074988, 8.516536, 20, 3, 18, 1
18300, -0.072181, 8.513429, 18, 2, 17, 1
18310, -0.075116, 8.510325, 18, 3, 16, 1
18320, -0.073308, 8.507229, 17, 2, 16, 1
18330, -0.077359, 8.504155, 18, 3, 16, 1
18340, -0.073851, 8.501102, 16, 2, 15, 1
18350, -0.081290, 8.498092, 16, 3, 14, 1
18360, -0.085124, 8.495108, 16, 2, 14, 2
18370, -0.091577, 8.492162, 17, 3, 14, 2
18380, -0.092228, 8.489244, 16, 2, 13, 3
18390, -0.095253, 8.486371, 17, 2, 13, 4
18400, -0.101423, 8.483542, 18, 3, 12, 5
18410, -0.106507, 8.480858, 17, 2, 12, 5
18420, -0.114344, 8.478222, 19, 3, 12, 6
18430, -0.113688, 8.475611, 17, 2, 11, 6
18440, -0.119921, 8.473054, 19, 3, 11, 7
18450, -0.121862, 8.470524, 18, 2, 10, 8
18460, -0.128724, 8.468054, 19, 3, 10, 8
18470, -0.130505, 8.465619, 19, 2, 10, 9
18480, -0.132264, 8.463260, 19, 2, 10, 9
18490, -0.133292, 8.461050, 20, 2, 10, 10
18500, -0.136959, 8.458905, 20, 2, 11, 9
18510, -0.142206, 8.456894, 21, 2, 12, 9
18520, -0.145740, 8.454942, 21, 2, 12, 9
18530, -0.148826, 8.453046, 23, 2, 14, 9
18540, -0.150330, 8.451298, 23, 2, 14, 9
18550, -0.153306, 8.449611, 24, 2, 15, 9
18560, -0.155935, 8.447973, 27, 3, 16, 10
18570, -0.159511, 8.446474, 26, 2, 17, 9
18580, -0.162532, 8.445027, 25, 4, 14, 9
18590, -0.160921, 8.443710, 23, 2, 14, 9
18600, -0.160554, 8.442438, 24, 3, 14, 9
18610, -0.155639, 8.441217, 22, 2, 13, 9
18620, -0.155720, 8.440139, 21, 2, 13, 8
18630, -0.154890, 8.439130, 23, 3, 13, 9
18640, -0.157849, 8.438258, 22, 3, 12, 9
18650, -0.164901, 8.437451, 23, 4, 12, 8
18660, -0.168375, 8.436763, 22, 3, 12, 8
18670, -0.175665, 8.436202, 24, 4, 12, 8
18680, -0.176005, 8.435673, 23, 3, 12, 8
18690, -0.177453, 8.435265, 21, 3, 11, 8
18700, -0.178399, 8.435116, 21, 3, 11, 7
18710, -0.180680, 8.435382, 21, 3, 11, 7
18720, -0.188325, 8.436141, 23, 4, 11, 7
18730, -0.191797, 8.437298, 21, 3, 11, 6
18740, -0.197530, 8.438795, 22, 3, 10, 6
18750, -0.199681, 8.440493, 21, 3, 9, 6
18760, -0.203277, 8.442328, 21, 3, 9, 6
18770, -0.206355, 8.444224, 22, 3, 9, 7
18780, -0.210571, 8.446163, 21, 3, 9, 7
18790, -0.215746, 8.448180, 22, 3, 9, 8
18800, -0.218128, 8.450245, 23, 3, 9, 8
18810, -0.221229, 8.452371, 21, 3, 8, 8
18820, -0.224306, 8.454624, 22, 3, 9, 8
18830, -0.228609, 8.457002, 23, 3, 9, 9
18840, -0.230464, 8.459501, 23, 3, 9, 9
18850, -0.233068, 8.462102, 22, 3, 9, 8
18860, -0.235497, 8.464806, 22, 3, 9, 8
18870, -0.237926, 8.467605, 22, 3, 9, 8
18880, -0.239573, 8.470480, 23, 3, 10, 8
18890, -0.241220, 8.473431, 23, 3, 10, 8
18900, -0.244653, 8.476441, 22, 3, 10, 8
18910, -0.245294, 8.479512, 24, 3, 10, 9
18920, -0.246252, 8.482759, 22, 3, 9, 8
18930, -0.245423, 8.486033, 22, 3, 9, 8
18940, -0.247386, 8.489305, 23, 3, 10, 8
18950, -0.249132, 8.492710, 24, 3, 10, 9
18960, -0.250326, 8.496107, 23, 3, 9, 9
18970, -0.249873, 8.499602, 23, 3, 9, 9
18980, -0.249321, 8.503054, 23, 3, 9, 9
18990, -0.248600, 8.506574, 22, 3, 9, 8
19000, -0.248147, 8.510041, 23, 3, 10, 8
19010, -0.247694, 8.513562, 23, 3, 10, 8
19020, -0.247962, 8.517131, 23, 3, 10, 8
19030, -0.247897, 8.520736, 21, 3, 9, 7
19040, -0.248221, 8.524357, 22, 3, 10, 7
19050, -0.246793, 8.527981, 21, 3, 10, 6
19060, -0.244282, 8.531578, 20, 3, 10, 5
19070, -0.241381, 8.535152, 20, 3, 10, 5
19080, -0.240885, 8.538696, 21, 3, 11, 5
19090, -0.241536, 8.542205, 21, 3, 11, 5
19100, -0.239087, 8.545697, 21, 3, 11, 6
19110, -0.233507, 8.549152, 21, 3, 12, 6
19120, -0.227927, 8.552543, 21, 3, 12, 6
19130, -0.226410, 8.555881, 22, 3, 13, 6
19140, -0.227374, 8.559177, 22, 3, 13, 6
19150, -0.225762, 8.562450, 21, 3, 13, 6
19160, -0.221394, 8.565677, 20, 3, 13, 6
19170, -0.218322, 8.568849, 21, 3, 14, 6
19180, -0.215879, 8.571963, 20, 2, 14, 6
19190, -0.213579, 8.575031, 21, 2, 14, 7
19200, -0.209667, 8.578040, 22, 2, 15, 7
19210, -0.209112, 8.581023, 23, 2, 16, 7
19220, -0.208678, 8.584127, 24, 2, 16, 8
19230, -0.209296, 8.587163, 23, 2, 16, 7
19240, -0.208340, 8.590156, 25, 2, 17, 8
19250, -0.208913, 8.593088, 25, 2, 17, 8
19260, -0.207309, 8.595975, 24, 2, 16, 8
19270, -0.204288, 8.598802, 25, 2, 16, 9
19280, -0.199809, 8.601552, 24, 2, 15, 9
19290, -0.195068, 8.604233, 26, 2, 16, 10
19300, -0.190485, 8.606845, 25, 2, 15, 10
19310, -0.185901, 8.609379, 25, 2, 14, 11
19320, -0.181377, 8.611840, 23, 2, 12, 11
19330, -0.174677, 8.614238, 22, 2, 12, 10
19340, -0.168844, 8.616569, 21, 2, 12, 9
19350, -0.160227, 8.618825, 20, 2, 13, 7
19360, -0.155249, 8.620999, 19, 2, 12, 7
19370, -0.145556, 8.623113, 18, 2, 13, 5
19380, -0.138494, 8.625146, 17, 2, 13, 4
19390, -0.127689, 8.626946, 18, 2, 15, 3
19400, -0.120455, 8.628681, 18, 2, 16, 2
19410, -0.113715, 8.630366, 18, 2, 17, 1
19420, -0.108073, 8.632009, 17, 1, 17, 0
19430, -0.105469, 8.633613, 18, 1, 18, 0
19440, -0.106771, 8.635198, 20, 1, 20, 0
19450, -0.111979, 8.636785, 21, 1, 21, 0
19460, -0.117188, 8.638396, 22, 1, 22, 0
19470, -0.121094, 8.640031, 23, 1, 23, 0
19480, -0.122396, 8.641680, 22, 1, 22, 0
19490, -0.122396, 8.643326, 22, 1, 22, 0
19500, -0.119792, 8.644960, 21, 1, 21, 0
19510, -0.117188, 8.646576, 20, 1, 20, 0
19520, -0.111068, 8.648176, 20, 2, 19, 1
19530, -0.108464, 8.649750, 19, 1, 19, 0
19540, -0.103461, 8.651322, 19, 2, 18, 1
19550, -0.098273, 8.652885, 19, 2, 17, 2
19560, -0.087171, 8.654444, 19, 2, 16, 3
19570, -0.079023, 8.655968, 20, 2, 17, 3
19580, -0.072718, 8.657475, 19, 2, 16, 3
19590, -0.066413, 8.658982, 19, 2, 15, 4
19600, -0.056778, 8.660494, 20, 2, 15, 5
19610, -0.050473, 8.661992, 19, 2, 15, 4
19620, -0.043791, 8.663496, 20, 2, 15, 5
19630, -0.038162, 8.665005, 17, 3, 8, 5
19640, -0.024101, 8.666525, 12, 3, 5, 4
19650, -0.011992, 8.668008, 10, 3, 5, 4
19660, 0.008348, 8.669458, 9, 3, 6, 2
19670, 0.025709, 8.670617, 8, 2, 6, 2
19680, 0.034071, 8.671590, 9, 3, 5, 3
19690, 0.034795, 8.672379, 8, 3, 4, 2
19700, 0.025289, 8.672952, 10, 3, 4, 3
19710, 0.018845, 8.673339, 11, 3, 5, 4
19720, 0.000616, 8.673568, 16, 1, 16, 0
19730, -0.008759, 8.673752, 16, 1, 16, 0
19740, -0.013021, 8.673872, 17, 1, 17, 0
19750, -0.007812, 8.673901, 18, 1, 18, 0
19760, -0.003906, 8.673951, 17, 1, 17, 0
19770, 0.000000, 8.674011, 18, 1, 18, 0
19780, 0.004948, 8.673997, 15, 2, 12, 3
19790, 0.015365, 8.673824, 11, 1, 11, 0
19800, 0.027083, 8.673579, 9, 1, 9, 0
19810, 0.037760, 8.673266, 8, 1, 8, 0
19820, 0.042969, 8.672884, 7, 1, 7, 0
19830, 0.045573, 8.672426, 7, 1, 7, 0
19840, 0.046875, 8.671946, 7, 1, 7, 0
19850, 0.046875, 8.671439, 5, 1, 5, 0
19860, 0.046875, 8.670884, 5, 1, 5, 0
19870, 0.048177, 8.670291, 4, 1, 4, 0
19880, 0.048177, 8.669669, 3, 1, 3, 0
