time,ego_x,ego_y,ego_heading,ego_vel_lin,ego_vel_lin_x,ego_vel_lin_y,ego_vel_ang_x,ego_vel_ang_y,lead_x,lead_y,lead_heading,lead_vel_lin,lead_vel_lin_x,lead_vel_lin_y,lead_vel_ang_x,lead_vel_ang_y,distance_true,direction,ob_color_1,ob_color_2,ob_color_3,color_dist_from_black,dist_obst_follower,dist_obst_lead,ob_pos_x,ob_pos_y,gamma
10,-64.35072416687971,-105.15167621088787,0.00328816601803663,0.28517805233082183,0.2851779125972248,-0.0002823081482267679,0.024572759678952054,-0.0644910450401294,-56.29020793854064,-105.19200957701052,-0.015573240561194515,0.20030102122013108,0.20028549376209653,-0.0024940108862226825,0.034311008690794696,-0.19027095768267088,8.060617138143975,S,1.0,1.0,1.0,1.7320508075688772,135.05283117595246,129.19734814998495,36.11224489795919,-14.893939393939394,3.060617138143975
20,-64.34549738039088,-105.15180299798305,0.0034666329728550165,0.5111030200179459,0.5110292139136303,0.00868559717474589,0.01788410005986455,-0.11364666535815726,-56.28560443445432,-105.19218496177419,-0.015434004387492305,0.43673249997471125,0.4367288113900838,-0.001794947343448898,0.02334792690330865,-0.2251769928133349,8.059994106881069,S,1.0,1.0,1.0,1.7320508075688772,135.04902786036467,129.19417832814443,36.11224489795919,-14.893939393939394,3.059994106881069
30,-64.3376147905831,-105.1518841810748,0.0036641797939608116,0.7714428972519295,0.771278729269709,0.015914317344890242,0.015911817506086876,-0.1629989916379617,-56.27852217905752,-105.19244700490799,-0.015210271397137815,0.6809241633017692,0.6809227315185179,0.00139637730390091,0.014444487673825342,-0.25399194411970993,8.059194690775474,S,1.0,1.0,1.0,1.7320508075688772,135.04321866960007,129.18929645232885,36.11224489795919,-14.893939393939394,3.059194690775474
40,-64.3271700558202,-105.15191549323283,0.0038666079285769772,1.0231085974677099,1.02287714478445,0.02176117850566658,0.013582352806567175,-0.2028307010505907,-56.26942772072493,-105.19271931811417,-0.01495020522972102,0.8799887777802422,0.879971227539333,0.005557672362056282,0.009743699447245839,-0.2662498748477414,8.057845648243186,S,1.0,1.0,1.0,1.7320508075688772,135.03547062086358,129.18298298003606,36.11224489795919,-14.893939393939394,3.0578456482431857
50,-64.31433203505685,-105.15193303132534,0.004074398139483914,1.2586840466250313,1.258448927885709,0.024327456333816805,0.008564082895171451,-0.2320261202806682,-56.25874123248557,-105.19297377489505,-0.014682385014533065,1.0385159640888113,1.0384793256844647,0.008723404911661934,0.006036867228204314,-0.2644037026785462,8.055695346840258,S,1.0,1.0,1.0,1.7320508075688772,135.02593369397374,129.17551892229358,36.11224489795919,-14.893939393939394,3.055695346840258
60,-64.29956730054306,-105.15192124894959,0.004280064932541466,1.4492091428990976,1.448951839789738,0.027307614913625034,0.005234349628879781,-0.24495302884989598,-56.24680269326104,-105.19320610220839,-0.01441610473252374,1.1644130289585741,1.1643601575275029,0.011096196240596497,0.0024433557492436475,-0.25124234118973243,8.05287043602482,S,1.0,1.0,1.0,1.7320508075688772,135.01494479325848,129.16714458409453,36.11224489795919,-14.893939393939394,3.0528704360248202
70,-64.28328162487664,-105.15187626763814,0.004481071820484507,1.6006318378263373,1.6003454009972062,0.03027998960385111,0.0025724442900688814,-0.24426743241881307,-56.233873831540855,-105.19341910272061,-0.014152983119988501,1.2653214814340923,1.2652550017609878,0.012970423947139613,-0.0011105522282926455,-0.22952427189787053,8.04951499349877,S,1.0,1.0,1.0,1.7320508075688772,135.00280335790816,129.15804922682716,36.11224489795919,-14.893939393939394,3.0495149934987698
80,-64.26579937527501,-105.15180181272072,0.00468462610391982,1.7209288854725973,1.7205976579266473,0.03376282558216116,0.00043054347894455483,-0.23278732586010578,-56.220142808378895,-105.19361712840191,-0.013891881437287671,1.3483624375588077,1.3482840944372703,0.014534913381217006,-0.004486843490639655,-0.20184907583172546,8.045765228557448,S,1.0,1.0,1.0,1.7320508075688772,134.98975331678704,129.14837056076752,36.11224489795919,-14.893939393939394,3.045765228557448
90,-64.24736617374067,-105.1517061743962,0.004902522734946858,1.817767875806852,1.8173722494054863,0.03792304584548398,-0.0014807032386564187,-0.21324157832449048,-56.20573050250277,-105.19380380337252,-0.013632575809553628,1.4199942673878632,1.419907137620722,0.015730224032808843,-0.007539876212285534,-0.17057066893964745,8.041745860153213,S,1.0,1.0,1.0,1.7320508075688772,134.9759830438667,129.13819765817667,36.11224489795919,-14.893939393939394,3.0417458601532132
100,-64.22815440597863,-105.15159798477809,0.005132838072009339,1.89820508361738,1.8977618788107329,0.041016957512986486,-0.0038422117524733756,-0.18816135610651163,-56.19069844279946,-105.19398186061325,-0.01337529868986356,1.4858796966604522,1.4857872733259676,0.016572609038521507,-0.010119506158593947,-0.13773920427050207,8.037567713741216,S,1.0,1.0,1.0,1.7320508075688772,134.96162664540645,129.1275765235699,36.11224489795919,-14.893939393939394,3.0375677137412165
110,-64.20827034410934,-105.15147647670202,0.005356743799747661,1.9685787962471726,1.9681358302255068,0.04175920038173586,-0.006291527595540617,-0.15980298401413218,-56.175057875819626,-105.1941540505344,-0.013120040102358234,1.5507918682788568,1.5506977103354171,0.017088881775052602,-0.012183848322691935,-0.1050679218224641,8.03332583280384,S,1.0,1.0,1.0,1.7320508075688772,134.94676275731987,129.11651722489364,36.11224489795919,-14.893939393939394,3.0333258328038397
120,-64.187762458061,-105.15134015051132,0.005573349059715811,2.0344546974452102,2.034011533712773,0.04246170840056745,-0.00797418350635951,-0.13011150877068134,-56.158779346752496,-105.19432269835332,-0.012867936139487009,1.6185736391006298,1.6184825261868072,0.01717374797261634,-0.013725937515943098,-0.07392409133820083,8.029098162377652,S,1.0,1.0,1.0,1.7320508075688772,134.93142653566713,129.10500044573118,36.11224489795919,-14.893939393939394,3.029098162377652
130,-64.16663104024477,-105.15118953068539,0.005782547488558568,2.100414660316215,2.099973328377068,0.04305537569477732,-0.009209973859457678,-0.10069250917466552,-56.141802314880145,-105.19449054027956,-0.012619125925897152,1.692154421999539,1.6920698527372837,0.01691748652196673,-0.014758874317468309,-0.04533763066565182,8.024945548031402,S,1.0,1.0,1.0,1.7320508075688772,134.91561867210496,129.0929849545729,36.11224489795919,-14.893939393939394,3.0249455480314023
140,-64.14483804768662,-105.15102668720704,0.005985764394292898,2.1700912552783995,2.1696533197421495,0.04359504980670995,-0.010114066078194369,-0.07280645159288043,-56.12404418245012,-105.19465997582022,-0.01237493627403566,1.7736020356867355,1.7735279962744717,0.016205783621575043,-0.015333352334307587,-0.020024409596323994,8.020912547365832,S,1.0,1.0,1.0,1.7320508075688772,134.89931240534415,129.0804135449362,36.11224489795919,-14.893939393939394,3.020912547365832
150,-64.12231675045565,-105.1508529716186,0.006179875005319312,2.2461869895855404,2.245764227271967,0.0435778348349013,-0.010835228088545881,-0.04738337419906037,-56.10540853576466,-105.19483342140649,-0.01213541409665321,1.864213963185949,1.8641519741710244,0.01520255674992774,-0.015445207406081995,0.001580548391099456,8.017028851310407,S,1.0,1.0,1.0,1.7320508075688772,134.88245919102502,129.0672191804807,36.11224489795919,-14.893939393939394,3.017028851310407
160,-64.09898061720311,-105.1506668728725,0.00636176629914329,2.330572558025248,2.330170994405772,0.043261819776371765,-0.01108082416913357,-0.02504969673643715,-56.08579221985148,-105.1950130827615,-0.011900343547027159,1.9646200772673716,1.9645704293923316,0.013966959557580306,-0.015134412797037566,0.019284325830633345,8.013311105765354,S,1.0,1.0,1.0,1.7320508075688772,134.86499388075882,129.05332989788087,36.11224489795919,-14.893939393939394,3.0133111057653537
170,-64.07473118568879,-105.15046902985127,0.006539664086185557,2.424381580285096,2.423984355298024,0.04388498713776683,-0.010705369119149051,-0.0061674349838418685,-56.06509123605168,-105.19520097054011,-0.011667782967027503,2.0749000538227778,2.0748609366685566,0.012740755104966453,-0.014390971206470607,0.033093926781582364,8.009764857306399,S,1.0,1.0,1.0,1.7320508075688772,134.84684393304758,129.0386730367609,36.11224489795919,-14.893939393939394,3.009764857306399
180,-64.04946503177344,-105.15026206228441,0.006716188029766517,2.52806308228224,2.527670008991356,0.044578847495387756,-0.010266186522368478,0.00912777893574084,-56.04320537051648,-105.19539954047762,-0.011433871496957538,2.194698571428697,2.1946671970724605,0.011735140615813034,-0.013290017487522,0.04317522697116534,8.006386897684122,S,1.0,1.0,1.0,1.7320508075688772,134.8279344856262,129.02317899812547,36.11224489795919,-14.893939393939394,3.0063868976841217
190,-64.02307934312911,-105.15004651818494,0.0068868259012355125,2.641547818718434,2.641170680025387,0.04463538450995145,-0.009846656031871385,0.020887325515289552,-56.02004158363533,-105.19561126212986,-0.011196175238619764,2.323334871698361,2.323309859906924,0.010780580174946531,-0.011999946691539753,0.049812621961867386,8.003167468307407,S,1.0,1.0,1.0,1.7320508075688772,134.8081897886444,129.00678336629028,36.11224489795919,-14.893939393939394,3.0031674683074066
200,-63.99547614885197,-105.14982082098282,0.007048014273717302,2.764380504457738,2.7640244515782246,0.044366704900307787,-0.009216677687145581,0.029305733899946385,-55.9955163745801,-105.19583770036445,-0.01095427359730089,2.4599054192419505,2.459886237275847,0.009714487983999974,-0.010599891914572534,0.053371969791954826,8.000092120916865,S,1.0,1.0,1.0,1.7320508075688772,134.78753631311272,128.98942795587172,36.11224489795919,-14.893939393939394,3.0000921209168645
210,-63.966565433802835,-105.14958383284127,0.007200687483633434,2.895811108433179,2.8954721629635745,0.044304957149683306,-0.00831437915630727,0.03468052950335689,-55.969557239247685,-105.19607932311224,-0.010708071979947414,2.603372233572594,2.603358018985131,0.008602994976815034,-0.009080020059212192,0.054269255674412376,7.997143358374774,S,1.0,1.0,1.0,1.7320508075688772,134.7659067809892,128.97106171782733,36.11224489795919,-14.893939393939394,2.9971433583747737
220,-63.93626728762605,-105.14933540015889,0.007345959347946155,3.034879307740263,3.0345546388417803,0.044390949909321416,-0.007299738810937321,0.03737833988012536,-55.94210332996545,-105.19633622914724,-0.010455943895727984,2.7526366983385864,2.7526259820826056,0.00768087261481652,-0.007438999667948616,0.05294417336776817,7.994302124631358,S,1.0,1.0,1.0,1.7320508075688772,134.74324212660426,128.95164171832542,36.11224489795919,-14.893939393939394,2.994302124631358
230,-63.90451310901294,-105.14907582952429,0.007484496599564453,3.180510399047915,3.1801986361568373,0.0445312591122078,-0.006277134894178054,0.03780537917647037,-55.91310542029305,-105.19660859934314,-0.010196296872569512,2.90659900636935,2.9065907071802366,0.0069458448574045316,-0.005782950039885038,0.049837793712035866,7.991549049560917,S,1.0,1.0,1.0,1.7320508075688772,134.71949203894465,128.93113342718127,36.11224489795919,-14.893939393939394,2.991549049560917
240,-63.871246084468815,-105.14880640801097,0.0076131823361703195,3.3315804199256385,3.331287641391033,0.04416723612888326,-0.005539101541754524,0.03638093848137324,-55.882525386071364,-105.19689623296108,-0.009929064273001496,3.064204987643356,3.064198618155786,0.006247782854132012,-0.004207039058317724,0.04537430377661934,7.988865440615932,S,1.0,1.0,1.0,1.7320508075688772,134.6946156635855,128.90951001955506,36.11224489795919,-14.893939393939394,2.988865440615932
250,-63.83642111586682,-105.14852739834092,0.007715984982748884,3.4869701061207916,3.4867199501599617,0.04176733336662518,-0.00546868333315311,0.03351805639463638,-55.85033536818269,-105.19719815366769,-0.009654816443583937,3.224480275525968,3.2244754441482355,0.005581876123763572,-0.0027145615284534315,0.039948012724542105,7.98623405691241,S,1.0,1.0,1.0,1.7320508075688772,134.66858020261296,128.88675149848814,36.11224489795919,-14.893939393939394,2.9862340569124104
260,-63.80000406329244,-105.14823381306302,0.007773827049777125,3.645648145065484,3.6454562219841042,0.03740763580855578,-0.005522160956269845,0.029610626131423397,-55.81651670168868,-105.19751274631943,-0.009373219155111598,3.386553208272369,3.3865493315450665,0.005124204478374372,-0.0012578325154355425,0.03391467670550047,7.983639449909416,S,1.0,1.0,1.0,1.7320508075688772,134.6413575153971,128.86284402205925,36.11224489795919,-14.893939393939394,2.9836394499094157
270,-63.76197042180032,-105.14791885872623,0.007797819127087052,3.806710618338151,3.8065493707957803,0.035037400912146056,-0.004294497117859778,0.025018860718805377,-55.78105869886704,-105.19783832576081,-0.00908134568947433,3.5496688075644895,3.5496649811337893,0.0052120158057028165,0.0002169103046586263,0.027586012654040107,7.981067840987373,S,1.0,1.0,1.0,1.7320508075688772,134.6129254379677,128.837779429122,36.11224489795919,-14.893939393939394,2.9810678409873734
280,-63.72230418323135,-105.14758248062817,0.00782989319904309,3.9693392888688965,3.9691579442200076,0.03794211371866561,-0.0014629056781152536,0.020056858874360418,-55.74395732877446,-105.19817366631152,-0.00877511854007112,3.7131948725828243,3.713190098312396,0.00595445800697862,0.001648595743296412,0.021226912400395016,7.978507253746848,S,1.0,1.0,1.0,1.7320508075688772,134.5832726629281,128.81155466431593,36.11224489795919,-14.893939393939394,2.978507253746848
290,-63.680996848081044,-105.14723330662892,0.007921095959999805,4.132816213183639,4.132554443173964,0.04651479502994244,0.0021679914147935894,0.014990797023004812,-55.705213899873534,-105.19851765036397,-0.008451914818462643,3.8766210453254657,3.876614426436736,0.007163644525141968,0.0029239268827223764,0.015054503801418961,7.97594782585932,S,1.0,1.0,1.0,1.7320508075688772,134.5523993107293,128.78417058847884,36.11224489795919,-14.893939393939394,2.97594782585932
300,-63.638046566731646,-105.14688208159183,0.008092418995838058,4.296505108024259,4.296129475099891,0.05681264345625859,0.004989479489285495,0.010038650982590692,-55.66483383938728,-105.19886852273629,-0.00811125124615273,4.039552504365762,4.039543284387863,0.008630705916554281,0.003997849168582625,0.00923955386518338,7.973382204908346,S,1.0,1.0,1.0,1.7320508075688772,134.5203118903292,128.75563058180455,36.11224489795919,-14.893939393939394,2.9733822049083463
310,-63.593456862559876,-105.1465310021882,0.008331622498105791,4.459879468705331,4.459399445926028,0.06543284384759315,0.00654110993063169,0.005377404738701508,-55.62282560080139,-105.1992236673502,-0.007753079814689946,4.201700886219788,4.2016880647157455,0.010379984846100254,0.004923810562802626,0.00390979949348935,7.970805431566093,S,1.0,1.0,1.0,1.7320508075688772,134.48701519315134,128.72593960470482,36.11224489795919,-14.893939393939394,2.9708054315660926
320,-63.547235161530466,-105.14617321802761,0.00861425902547455,4.622558762532426,4.6220033606596855,0.07165505645724726,0.007262245496536612,0.0011419564550429959,-55.57919968537453,-105.19958009429624,-0.007375993893155196,4.362873424922844,4.362855179614059,0.012617591400806576,0.005774000439730288,-0.0008457799965449425,7.968214457688264,S,1.0,1.0,1.0,1.7320508075688772,134.45251085779586,128.69510383880385,36.11224489795919,-14.893939393939394,2.968214457688264
330,-63.49939154017796,-105.1457985922868,0.008915591695775674,4.784289328809804,4.7836898033351085,0.07573801707907078,0.007476447581282403,-0.0025758891141128173,-55.53396777012642,-105.19993541258688,-0.006977194367614814,4.522960375612245,4.522933928931565,0.015467187143625737,0.006516368304599485,-0.004972317823541323,7.9656077377570105,S,1.0,1.0,1.0,1.7320508075688772,134.41680029907695,128.66313074585102,36.11224489795919,-14.893939393939394,2.9656077377570105
340,-63.449937602446425,-105.14539916719092,0.009222042999271783,4.9449316524243425,4.944302417425829,0.07888378911563632,0.007436158780654619,-0.005722733337484235,-55.48714191763656,-105.20028753362965,-0.006559298855675839,4.681918447292592,4.681882988803783,0.018221587429001485,0.00690514098954742,-0.008444567233999879,7.962984858129324,S,1.0,1.0,1.0,1.7320508075688772,134.3798875406841,128.63002829557362,36.11224489795919,-14.893939393939394,2.9629848581293237
350,-63.39888590582122,-105.14497128497064,0.0095106629292763,5.1043812937783155,5.103761849685023,0.07951964520608143,0.0064319830895997986,-0.008279194212332525,-55.43873406082869,-105.20063309259233,-0.006125091493498955,4.839760760691711,4.839715327130046,0.02097076712286728,0.007101377690420731,-0.01126294340256423,7.960346451767385,S,1.0,1.0,1.0,1.7320508075688772,134.34178021465635,128.5958034894403,36.11224489795919,-14.893939393939394,2.9603464517673848
360,-63.346249098928396,-105.14451128970957,0.00976162383961409,5.262636288370067,5.262058005892259,0.07801439799588403,0.0048188568068740344,-0.010246921754514388,-55.38875555539957,-105.20096853804847,-0.00567742461900162,4.996542964886214,4.996486654672081,0.02372150159066404,0.007136008019789917,-0.013447018538741005,7.957693818952383,S,1.0,1.0,1.0,1.7320508075688772,134.30248603671677,128.5604628056407,36.11224489795919,-14.893939393939394,2.957693818952383
370,-63.292039480118284,-105.1440167408892,0.00994849315194797,5.419730812575283,5.419233629072021,0.07340949742934193,0.0024152141315388993,-0.011650294815991289,-55.33721687277554,-105.20129022481355,-0.005216213132875835,5.152353681935498,5.152283728719218,0.02684851074968947,0.007160349764127317,-0.015031961199296883,7.9550287847532015,S,1.0,1.0,1.0,1.7320508075688772,134.26201329433476,128.52401204540598,36.11224489795919,-14.893939393939394,2.9550287847532015
380,-63.236268229720814,-105.14348472696211,0.010062179889271381,5.575787930502989,5.57537447259154,0.06790093016605801,0.0001907471281628265,-0.01252676839758008,-55.28412736898931,-105.20159543628289,-0.004738008348186703,5.307303265267371,5.3072145275246285,0.03069052539839464,0.0072150655293638,-0.01606398609391653,7.952353181508813,S,1.0,1.0,1.0,1.7320508075688772,134.2203691452908,128.48645688717878,36.11224489795919,-14.893939393939394,2.952353181508813
390,-63.17894491354881,-105.14291732729151,0.010098694341887312,5.730968143745395,5.7306363252388035,0.06166986685606081,-0.0020503416235413503,-0.01286076973196348,-55.229494845019104,-105.20188215270029,-0.00424251127927648,5.461542334617559,5.461431539816425,0.03478805424587376,0.00711945490900544,-0.016548545856027008,7.949668750500392,S,1.0,1.0,1.0,1.7320508075688772,134.1775629239091,128.44780241247264,36.11224489795919,-14.893939393939394,2.9496687505003916
400,-63.120075320941716,-105.14231746895537,0.010059648128446754,5.885682650420048,5.88542262824871,0.0553240305256445,-0.003978701879672857,-0.012380122713539984,-55.17332320523876,-105.20214796596643,-0.0037315190334880296,5.615501981051575,5.61536719233944,0.03890751074066309,0.006883384621204419,-0.01614545566526028,7.946977342159848,S,1.0,1.0,1.0,1.7320508075688772,134.1336017603252,128.4080506799022,36.11224489795919,-14.893939393939394,2.9469773421598484
410,-63.059662571199524,-105.14168827280041,0.009968990888293403,6.0401255750137395,6.039904763796412,0.05164693799700152,-0.004699301108507137,-0.011589685321557122,-55.11561410407143,-105.202390629338,-0.0032124845032808487,5.769326057095314,5.7691708420162495,0.042319601941357324,0.006315497794168136,-0.015434656672473278,7.944280384287137,S,1.0,1.0,1.0,1.7320508075688772,134.0884909631447,128.36720228559452,36.11224489795919,-14.893939393939394,2.9442803842871372
420,-62.997708505623926,-105.14103637318031,0.009865172180916863,6.194393428753213,6.1941738400010955,0.05215735832145733,-0.004139062367371113,-0.010629336506886685,-55.05636829540637,-105.20260636520194,-0.0026874668235702544,5.923099798193301,5.92292245536753,0.04583456185664714,0.0058299742864400044,-0.014526932696825551,7.9415788857339775,S,1.0,1.0,1.0,1.7320508075688772,134.0422372867632,128.3252561334982,36.11224489795919,-14.893939393939394,2.9415788857339775
430,-62.934214149352336,-105.14037187585363,0.00979267453548359,6.348558373572455,6.34829958519091,0.057321892169183375,-0.002625035425208435,-0.009545815270773288,-54.995585872167496,-105.2027923600307,-0.0021557416120539016,6.076887332318313,6.076683957647156,0.049716481819135745,0.005426798733341265,-0.013466090014954421,7.938873675790769,S,1.0,1.0,1.0,1.7320508075688772,133.99484924997478,128.28221136108132,36.11224489795919,-14.893939393939394,2.938873675790769
440,-62.86918041675334,-105.13970617954516,0.009761593081414666,6.502635338505064,6.502332802532174,0.0627253592173325,-0.00182746018920091,-0.008383157264630504,-54.93326641394768,-105.20294673472402,-0.001612424787502652,6.230739882384448,6.23050236695394,0.054403467881345334,0.005177336842754091,-0.012291588734114962,7.936165977835033,S,1.0,1.0,1.0,1.7320508075688772,133.94633619496264,128.23806742509984,36.11224489795919,-14.893939393939394,2.9361659778350333
450,-62.802608038030684,-105.13904142403469,0.00975479771060035,6.656646840039079,6.656321829708978,0.06577881377746934,-0.0018515610310058837,-0.007173430824113718,-54.869409104371925,-105.20306845095037,-0.0010575558675588587,6.384685207042769,6.384410728708376,0.05920169072036889,0.0048032719183314365,-0.011037825222691446,7.933457303167398,S,1.0,1.0,1.0,1.7320508075688772,133.89670112355574,128.19282412068063,36.11224489795919,-14.893939393939394,2.9334573031673976
460,-62.734497311199604,-105.13837203047103,0.009748166552712424,6.810637072540878,6.810314373163788,0.06629836006201778,-0.002192750711563732,-0.005945621496319915,-54.80401288069424,-105.20315507857022,-0.0004893047135722031,6.538747613984927,6.538429796842643,0.06446821816864896,0.004546924040138776,-0.00973563441853624,7.930749028043256,S,1.0,1.0,1.0,1.7320508075688772,133.84594154195858,128.1464801157165,36.11224489795919,-14.893939393939394,2.930749028043256
470,-62.66484793516211,-105.13769105054456,0.009728684972059625,6.964663254687496,6.964352379241991,0.06580417114925226,-0.002300540883868573,-0.004727735105035043,-54.737076533445794,-105.2032042846081,9.357619667466603e-05,6.692937541745737,6.692570183423438,0.07012330326670255,0.004354199515538371,-0.00841151657247758,7.928042090056567,S,1.0,1.0,1.0,1.7320508075688772,133.7940536108466,128.09903406989338,36.11224489795919,-14.893939393939394,2.928042090056567
480,-62.59365915838389,-105.13699542289991,0.009692418351205797,7.118763390357213,7.118465814130157,0.06508963781136698,-0.0022383156533318013,-0.0035466143997662826,-54.6685987973678,-105.20321399813905,0.0006941294509701026,6.8472597379591384,6.846833830084578,0.07637029714223134,0.004254040337472038,-0.007088572060557227,7.925337003904328,S,1.0,1.0,1.0,1.7320508075688772,133.7410358006327,128.0504848158418,36.11224489795919,-14.893939393939394,2.9253370039043283
490,-62.52092995740272,-105.13628532578791,0.009640018603484271,7.272958648896526,7.272673194418681,0.06443691288972611,-0.002128384166394601,-0.002423561505900262,-54.598578438978045,-105.20318275684693,0.0013069605031272953,7.0016966172271475,7.001215308835224,0.08209579173977974,0.0038465920280891367,-0.005785933372916632,7.922633958966429,S,1.0,1.0,1.0,1.7320508075688772,133.68688859170825,128.00083166622744,36.11224489795919,-14.893939393939394,2.922633958966429
500,-62.4466591785951,-105.13556244171531,0.00957346970624176,7.427258388296733,7.426983717827162,0.06387504719682746,-0.002040807677343369,-0.0013743624249662138,-54.52701431564254,-105.20310694059326,0.0019251575594542156,7.156237809131427,7.155705326483059,0.08729754512091227,0.0033475075217729838,-0.004519984386351265,7.919932892052781,S,1.0,1.0,1.0,1.7320508075688772,133.63161341190306,127.95007250392663,36.11224489795919,-14.893939393939394,2.919932892052781
510,-62.370845634665784,-105.13482873964429,0.009494514153939341,7.581664171757552,7.5813995342219,0.06334600075851446,-0.0019944354746284053,-0.0004102473199405045,-54.45390538474355,-105.20298259942649,0.00254589749781437,7.310878236977015,7.31029281671607,0.09251772680714831,0.0029594166161599077,-0.0033051350483160294,7.917233599524644,S,1.0,1.0,1.0,1.7320508075688772,133.57521188738937,127.89820507622315,36.11224489795919,-14.893939393939394,2.9172335995246437
520,-62.29348816611168,-105.13408595676854,0.009404220736618268,7.736172440755529,7.7359176620525565,0.06278502248674,-0.0019824136818097195,0.00046115054470619867,-54.37925071797707,-105.20280699427823,0.0031683967991230737,7.4656067694675805,7.464964790403762,0.09790359723868158,0.0026399068241696132,-0.0021535965807776437,7.914535802335635,S,1.0,1.0,1.0,1.7320508075688772,133.51768553850107,127.8452280926611,36.11224489795919,-14.893939393939394,2.914535802335635
530,-62.21458567991196,-105.13333552428944,0.009303084532489576,7.890776231645424,7.890531494871232,0.062147134652552984,-0.001991896871498281,0.0012350814387530342,-54.303049511440356,-105.20257835643223,0.0037934895997110128,7.620410767681678,7.619706919797838,0.10356990192046063,0.002365786855913723,-0.0010754486701799227,7.911839173974502,S,1.0,1.0,1.0,1.7320508075688772,133.45903575801682,127.79114106383226,36.11224489795919,-14.893939393939394,2.911839173974502
540,-62.13413717405601,-105.1325786712405,0.009191264936030851,8.045466339840546,8.045231983653085,0.06140809973184175,-0.00201303583639895,0.001909183333544185,-54.225301116805255,-105.20229510155949,0.0044182896703601265,7.775268930382169,7.774504434007721,0.10903093763045016,0.001992161467976986,-7.832603066936688e-05,7.909143326626851,S,1.0,1.0,1.0,1.7320508075688772,133.39926389924068,127.73594376910408,36.11224489795919,-14.893939393939394,2.909143326626851
550,-62.052141752669,-105.13181654904338,0.00906878398209657,8.200232192139698,8.200008585901257,0.06055737898793908,-0.0020407091649750006,0.0024831154010927117,-54.14600498369433,-105.2019548361205,0.005044777483266122,7.9301779080112595,7.929344482163679,0.11496841257602385,0.0018128205774518243,0.0008316161962996445,7.90644787430154,S,1.0,1.0,1.0,1.7320508075688772,133.33837137131107,127.67963551328077,36.11224489795919,-14.893939393939394,2.9064478743015396
560,-61.96859863408432,-105.13105031705253,0.008935641860339223,8.35506255425828,8.354850039177647,0.059591177385434416,-0.002073189105778566,0.002958253898548624,-54.06516069230123,-105.20155611475587,0.005672534796691876,8.085119916068642,8.08421446544433,0.12099807399481052,0.0016159612899041976,0.001649516777350743,7.903752423192822,S,1.0,1.0,1.0,1.7320508075688772,133.27635970308998,127.62221639191283,36.11224489795919,-14.893939393939394,2.903752423192822
570,-61.88350715314724,-105.13028118395535,0.008791865284236122,8.509946117744825,8.50974498694655,0.058507982859460836,-0.0021103345212463696,0.0033374179132282557,-53.98276790404534,-105.20109688818893,0.006303894933573855,8.24009051979665,8.239103762999463,0.12751845737268303,0.0015829168739872192,0.002372466713747044,7.901056609483658,S,1.0,1.0,1.0,1.7320508075688772,133.2132305730422,127.56368615904978,36.11224489795919,-14.893939393939394,2.901056609483658
580,-61.796866758747825,-105.12951041952614,0.008637517553693203,8.664871973584216,8.664682469078402,0.05730644510542466,-0.0021523352682509466,0.00362461586453435,-53.89882637475461,-105.20057572365764,0.00694044168712523,8.395078199914817,8.394002574069246,0.1343829200600603,0.0015929215080507497,0.002998389431345619,7.898360094642365,S,1.0,1.0,1.0,1.7320508075688772,133.1489858155864,127.5040450999479,36.11224489795919,-14.893939393939394,2.8983600946423653
590,-61.708677007590644,-105.12873935218344,0.00847269305337744,8.819829971364147,8.819652285367122,0.05598472105672531,-0.0021991257634031485,0.003824813827609322,-53.813335958834976,-105.19999103286612,0.00758187439836025,8.550071109983902,8.54890230954059,0.14136933087809025,0.001582551711617988,0.003526998287468531,7.895662548397466,S,1.0,1.0,1.0,1.7320508075688772,133.08362741508063,127.44329348790515,36.11224489795919,-14.893939393939394,2.895662548397466
600,-61.61893755524456,-105.12796936240836,0.008297508896637851,8.974810966917024,8.974645242300953,0.05454050548877344,-0.002250249755582306,0.003943728483865232,-53.726296595903754,-105.1993406112826,0.008226076095275656,8.705059998978946,8.703796597541324,0.14830500480901504,0.0015428628774551863,0.00395938367544406,7.892963649240377,S,1.0,1.0,1.0,1.7320508075688772,133.01715749500875,127.3814312479251,36.11224489795919,-14.893939393939394,2.892963649240377
610,-61.52764814548052,-105.12720187666119,0.008112098729804116,9.129806968006687,9.129653296692737,0.05297126816386485,-0.00230493439741839,0.0039876457550720515,-53.63770825116205,-105.19862152218766,0.008872479989472212,8.860045876362403,8.858682074741582,0.1554504097729393,0.001608506447205027,0.004297658536462582,7.890263132603704,S,1.0,1.0,1.0,1.7320508075688772,132.94957830625157,127.31845783135067,36.11224489795919,-14.893939393939394,2.890263132603704
620,-61.43480859879454,-105.1264383630062,0.007916609498113998,9.28481119260656,9.284669612332118,0.05127447892079453,-0.0023622158651619056,0.003963263942439393,-53.54757086811094,-105.19783171064329,0.009524624008448706,9.015034488797202,9.013556341550029,0.16324494450451751,0.001818658449860541,0.004543698810261825,7.887560841629422,S,1.0,1.0,1.0,1.7320508075688772,132.88089221592838,127.25437332662673,36.11224489795919,-14.893939393939394,2.887560841629422
630,-61.340418800855936,-105.12568032812251,0.007711200358971744,9.439818056654047,9.439688546875065,0.04944775755791811,-0.0024210451640899163,0.0038775586852942273,-53.45588454303312,-105.19697051433093,0.01017758425494956,9.16999973765312,9.168414478786504,0.17050259158225084,0.0016838784791950987,0.004700425977164735,7.884856546154228,S,1.0,1.0,1.0,1.7320508075688772,132.81110169713938,127.18917894651555,36.11224489795919,-14.893939393939394,2.8848565461542277
640,-61.244478691449125,-105.12492931501363,0.007496042705832875,9.59482310833788,9.594705585868024,0.047488954584710495,-0.0024803571599431333,0.0037376664452863696,-53.36264945870673,-105.19603534226393,0.010822645246109777,9.324933936601603,9.323255566076012,0.17691402323421948,0.0013164433047671731,0.004774210278262472,7.882149968201818,S,1.0,1.0,1.0,1.7320508075688772,132.7402093195632,127.12287462450232,36.11224489795919,-14.893939393939394,2.8821499682018183
650,-61.146988254312376,-105.12418690086713,0.007271320561573563,9.749822924772777,9.749717239518146,0.0453961878075518,-0.0025391096393643864,0.0035507832701827543,-53.267865744615314,-105.19502243894219,0.011454225877775451,9.47984990521414,9.478083924142622,0.1829736382590481,0.000995446378805019,0.004770995152219498,7.879440919016355,S,1.0,1.0,1.0,1.7320508075688772,132.66821774083405,127.0554594560161,36.11224489795919,-14.893939393939394,2.8794409190163552
660,-61.04794750813064,-105.12345469476803,0.0070372309545999575,9.904814985013028,9.904720915981452,0.043167856770818504,-0.002596304345041095,0.0033240759942543,-53.171533345241215,-105.1939289863183,0.01207627989628925,9.634775140560174,9.632905592974721,0.18979422012454805,0.0010018588885393905,0.004695500661294275,7.876729441280475,S,1.0,1.0,1.0,1.7320508075688772,132.59512969868413,126.98693309850712,36.11224489795919,-14.893939393939394,2.8767294412804754
670,-60.94735649881666,-105.12273433516282,0.006793984138831581,10.059797531168451,10.059714782834135,0.04080264858142907,-0.002650999222720412,0.0030646035742198357,-53.07365214789647,-105.19275490191231,0.012695207641468415,9.789712807256011,9.787721602380696,0.19744032729571337,0.0011224563521797183,0.004551842874345397,7.874015689942933,S,1.0,1.0,1.0,1.7320508075688772,132.52094800387732,126.91729714273345,36.11224489795919,-14.893939393939394,2.874015689942933
680,-60.84521529311532,-105.12202748707915,0.0065418036459868574,10.214769427174001,10.214697626237218,0.03829954141273035,-0.0027023169646425487,0.0027792468108858194,-52.97422214955026,-105.1915006482393,0.01331209905304601,9.94464625027913,9.942529046242052,0.20519553558465034,0.0011002052728237488,0.004347318536932651,7.871299739316865,S,1.0,1.0,1.0,1.7320508075688772,132.44567553396067,126.84655367601056,36.11224489795919,-14.893939393939394,2.871299739316865
690,-60.74152397348986,-105.12133583914553,0.006280926203342787,10.369730022642088,10.369668715211464,0.03565780769075702,-0.002749451835824134,0.0024746452128223077,-52.87324339923289,-105.19016540603114,0.013926347095156104,10.099572075992786,10.0973265790515,0.21296026425922882,0.0010152960110533596,0.004091196052798633,7.868581619612729,S,1.0,1.0,1.0,1.7320508075688772,132.36931522782942,126.7747039417425,36.11224489795919,-14.893939393939394,2.868581619612729
700,-60.636282634192156,-105.12066110045978,0.006011601553491349,10.52467902727333,10.524627676496602,0.032877017030488176,-0.002791675190032051,0.0021571401947847154,-52.77071604942992,-105.18874760369108,0.014532690095014893,10.254478763331319,10.25211388494303,0.2202171604833126,0.0007666014330221272,0.003792022995823036,7.86586126697201,S,1.0,1.0,1.0,1.7320508075688772,132.2918700810648,126.70174875040573,36.11224489795919,-14.893939393939394,2.8658612669720096
710,-60.529491378381465,-105.1200049973453,0.005734092202001301,10.679616399550127,10.679574383718984,0.029957038460292604,-0.0028283395500570273,0.0018327241651300732,-52.66664015389799,-105.1872448137281,0.015130463619402776,10.409383468099817,10.40689454858197,0.2276181904959111,0.0006430896160190352,0.0034585582721117763,7.8631387226265135,S,1.0,1.0,1.0,1.7320508075688772,132.2133431419684,126.6276882624101,36.11224489795919,-14.893939393939394,2.8631387226265135
720,-60.421150315222036,-105.11936891663316,0.005448712406339985,10.834542416575156,10.834508937552888,0.02693433965798503,-0.002817590805962657,0.001507139517370379,-52.56101579269327,-105.18565599961772,0.015717698862813212,10.564280923981647,10.561669603309992,0.23487577848785887,0.00044071680005734835,0.003096730673358357,7.860414027875321,S,1.0,1.0,1.0,1.7320508075688772,132.13373726622137,126.55252367737492,36.11224489795919,-14.893939393939394,2.860414027875321
730,-60.31127201883463,-105.11875733393066,0.00516358895592308,10.988239965234188,10.988212644325955,0.02450340068265093,-0.0026756387873090206,0.0014378486012666726,-52.453843046974455,-105.18398035118828,0.016292702502056677,10.719172013678238,10.716439902906885,0.24200096323746623,0.0001795440944479306,0.0027142460159275384,7.857699669102136,S,1.0,1.0,1.0,1.7320508075688772,132.05306655624395,126.47625638803278,36.11224489795919,-14.893939393939394,2.8576996691021357
740,-60.20034967089814,-105.11819281284941,0.004902301510227122,11.093879758669916,11.093856083862416,0.022919214098756246,-0.0030170165134834302,0.011284254988799085,-52.34512207059014,-105.1822172158052,0.01685087682203483,10.874048274223302,10.871205911459326,0.24861194820561325,-0.0002404852092955823,0.0023184578850044685,7.855488512932496,S,1.0,1.0,1.0,1.7320508075688772,131.97170824682382,126.3988879818451,36.11224489795919,-14.893939393939394,2.855488512932496
750,-60.08886220173033,-105.11765950098957,0.004655762975931208,11.152690862916025,11.15266988659358,0.021630636590334873,-0.0022245294361736795,0.02941257299878055,-52.234998721906,-105.18035724773756,0.017384825425762307,11.01473910954537,11.011783510178246,0.25515010545715205,-0.00014837604282795904,0.004862077304548242,7.85411373530875,S,1.0,1.0,1.0,1.7320508075688772,131.89000218804026,126.32051576881112,36.11224489795919,-14.893939393939394,2.85411373530875
760,-59.977145506119435,-105.1171469761443,0.004410838923256898,11.178463712605279,11.178446437958833,0.019652168288967178,-0.0011240089525408811,0.051971779509176766,-52.12395604678306,-105.17840748398942,0.01790295506834642,11.108331057183232,11.105239103954311,0.26207502739787997,-2.353999678156196e-05,0.016743699447647954,7.853428393641431,S,1.0,1.0,1.0,1.7320508075688772,131.80818690297303,126.24148420968518,36.11224489795919,-14.893939393939394,2.8534283936414306
770,-59.86539257257229,-105.11665047155255,0.004155223068864021,11.18500902767928,11.184996745780008,0.01657546854909403,-0.00022367943617483134,0.07541201605944291,-52.012435314063865,-105.17638599338088,0.018416635235210147,11.158701199310142,11.155464774334654,0.2687343001261777,-0.0005407859020698353,0.035890580151193896,7.8531844519614,S,1.0,1.0,1.0,1.7320508075688772,131.72640012017038,126.16211565463037,36.11224489795919,-14.893939393939394,2.8531844519613996
780,-59.75368743066925,-105.11617556660954,0.003883897136750216,11.182868219934665,11.182861386963326,0.012362216200680875,-5.393686711993866e-05,0.09712747399002311,-51.90073540522795,-105.17430084204044,0.01892624481823973,11.179595727332295,11.176221099861657,0.27466807894915857,-0.001347256876310225,0.058545761763198215,7.853167135718341,S,1.0,1.0,1.0,1.7320508075688772,131.64470700044967,126.0826251513228,36.11224489795919,-14.893939393939394,2.8531671357183406
790,-59.642046516428756,-105.11573617883609,0.0036042682809633367,11.178594022308467,11.178591306737417,0.007791824255126806,-0.0006541479233627248,0.11557116837874298,-51.7890211936585,-105.1721598026278,0.019431443214178203,11.18396727794932,11.18046635242212,0.27981461112299916,-0.0024838440834564716,0.08140800302272283,7.853228020718149,S,1.0,1.0,1.0,1.7320508075688772,131.5631291029775,126.00313353511929,36.11224489795919,-14.893939393939394,2.8532280207181486
800,-59.53045364648479,-105.11535945770606,0.0033449179050800684,11.175363454201799,11.175362632081447,0.0042866055101195445,-0.002042006353528399,0.13006865843267212,-51.677359389430976,-105.16997060473635,0.019936845902818787,11.181320990182524,11.177693373289804,0.2847980656702263,-0.003748309576706667,0.10215191896523337,7.853284140253141,S,1.0,1.0,1.0,1.7320508075688772,131.48167333581523,125.92369289418627,36.11224489795919,-14.893939393939394,2.853284140253141
810,-59.418884056084515,-105.11498472618702,0.0030852113906849775,11.174065771363857,11.174065135733938,0.0037689707627588825,0.0006319229653645683,0.1405480477857768,-51.56575854690672,-105.16772873584478,0.020443584210704236,11.177329135407795,11.173558296438483,0.29031293000263125,-0.004366231845032384,0.11947436172081999,7.8533026296873185,S,1.0,1.0,1.0,1.7320508075688772,131.400280136983,125.84430591101302,36.11224489795919,-14.893939393939394,2.8533026296873185
820,-59.30731759436557,-105.1146375871462,0.002815572779192686,11.174283343744303,11.174283340822768,-0.0002555231993490322,0.00035673690941092945,0.1472517856348023,-51.45420072472746,-105.16543148286205,0.020949849952869637,11.174578795565193,11.170662073834919,0.2958379463175837,-0.0047373104601874,0.13284504520997495,7.8532811351712555,S,1.0,1.0,1.0,1.7320508075688772,131.31895251141924,125.76495808829804,36.11224489795919,-14.893939393939394,2.8532811351712555
830,-59.195743100329345,-105.11430037503595,0.0025232480091037447,11.175190919300611,11.175190103587811,-0.004269835115039616,0.001108596021453568,0.15057752276964662,-51.34266271456325,-105.16306917864763,0.021447075888104468,11.1736298492258,11.169570347550778,0.30116815672340136,-0.004616310605683553,0.14227366008209427,7.853231815087972,S,1.0,1.0,1.0,1.7320508075688772,131.23767032312514,125.68562629673822,36.11224489795919,-14.893939393939394,2.8532318150879723
840,-59.084158416393564,-105.11403745029098,0.0022423956253223554,11.17594625675579,11.175941851679523,-0.009922790526167624,-0.0018437972758984181,0.15093647617028463,-51.23112629264946,-105.16064695028767,0.021930820670969787,11.17400672744127,11.169830737976707,0.30546297624018987,-0.005048392239074591,0.14802091610726786,7.8531704414234325,S,1.0,1.0,1.0,1.7320508075688772,131.15647638331325,125.60630152983467,36.11224489795919,-14.893939393939394,2.8531704414234325
850,-58.97256763587513,-105.11376674179596,0.0019497991159891782,11.17600543034852,11.176000043760737,-0.010972740751498775,0.00115246250612997,0.14871930844726486,-51.11958323323679,-105.15812979942588,0.022370689912387935,11.174874136106018,11.17059680912652,0.3091583505966433,-0.0038969019451766634,0.15053595475097165,7.85310970946945,S,1.0,1.0,1.0,1.7320508075688772,131.07531736094123,125.52695291716608,36.11224489795919,-14.893939393939394,2.85310970946945
860,-58.86097919652315,-105.1135402437398,0.0016454472450649,11.174991766355241,11.17497921371377,-0.016749661864698943,-0.0005905935209036578,0.1442661024400743,-51.00803164519662,-105.15554582322497,0.022753655894025192,11.175513069677658,11.171250302783088,0.30864063748138065,-0.00562488102507195,0.1501136039720745,7.853059894881308,S,1.0,1.0,1.0,1.7320508075688772,130.99423526399192,125.44759933992835,36.11224489795919,-14.893939393939394,2.8530598948813077
870,-58.74940234494518,-105.11335260005825,0.0013400064140392973,11.172864562581434,11.172845298306644,-0.020747864834030915,-0.0009324756180735012,0.13787879507517742,-50.89647627395942,-105.15291010651102,0.02308345083016889,11.175371297308102,11.171149730540732,0.3071438271193435,-0.007838543631570402,0.1471917528612251,7.8530257017715535,S,1.0,1.0,1.0,1.7320508075688772,130.91323323825455,125.36825496937229,36.11224489795919,-14.893939393939394,2.8530257017715535
880,-58.63784591588974,-105.11327883561147,0.001095656658663799,11.169701268981884,11.1696757595052,-0.023871862462640284,-0.004395973083936004,0.1298335481531151,-50.78492527035369,-105.15023346950967,0.023366379035296023,11.17417554759456,11.170001780894749,0.30538399314360937,-0.01009284184364125,0.1421169421787565,7.853007596459647,S,1.0,1.0,1.0,1.7320508075688772,130.83236953645786,125.2889332842951,36.11224489795919,-14.893939393939394,2.853007596459647
890,-58.52631695021776,-105.11316687332885,0.0008645594030373409,11.165722893027295,11.165706676620742,-0.019029859190415926,0.002532530643741612,0.12038721883025749,-50.673387737270765,-105.14752797800541,0.023611294479952718,11.171874200074805,11.167749382644809,0.30355702715235366,-0.012278946731265707,0.13519129232001076,7.853004387434845,S,1.0,1.0,1.0,1.7320508075688772,130.7515445249846,125.20964932543714,36.11224489795919,-14.893939393939394,2.8530043874348454
900,-58.41482202661661,-105.11307210217666,0.000616211521949803,11.16103426131683,11.161010613366013,-0.022975435128682647,0.002389251402140636,0.1098127096689856,-50.56187237111883,-105.14480084645245,0.023827047403264707,11.168559986164455,11.164473429644909,0.3021013129839604,-0.013926081626841842,0.12670249472232842,7.853013753012027,S,1.0,1.0,1.0,1.7320508075688772,130.67080120665733,125.13041435755976,36.11224489795919,-14.893939393939394,2.8530137530120268
910,-58.303365644134495,-105.11297606116908,0.0003345419874281958,11.155852167553336,11.155818837769742,-0.02726982152944577,0.0033475880914703884,0.098360376555569,-50.45038658042742,-105.14205528722906,0.024019591911613937,11.164405223402381,11.160346212145466,0.3010256091842336,-0.01486817880985701,0.11691747474856834,7.853032903051527,S,1.0,1.0,1.0,1.7320508075688772,130.59013014466004,125.051235862552,36.11224489795919,-14.893939393939394,2.8530329030515267
920,-58.191951079159416,-105.1129723638256,6.960103737459455e-05,11.150327575911614,11.150276061511871,-0.033893984869061734,-0.0010797794595856116,0.08628835211999947,-50.338936153977755,-105.13929125094135,0.02419055124248096,11.159609234307805,11.155573566532524,0.30009442535451075,-0.01510017743458074,0.10609270461477675,7.8530590281077695,S,1.0,1.0,1.0,1.7320508075688772,130.50959845510295,124.97211783861579,36.11224489795919,-14.893939393939394,2.8530590281077695
930,-58.08057938505307,-105.11306867558048,-0.00011194448233186715,11.144680148969274,11.144631454787497,-0.0329447991480809,-0.0024040338325171285,0.07382275582289308,-50.22752514261416,-105.13651123041289,0.024340219309283356,11.154365574153056,11.150359675957958,0.2989154706962531,-0.01496322333165627,0.09447186755563862,7.853089232147105,S,1.0,1.0,1.0,1.7320508075688772,130.42921235194166,124.89306490882576,36.11224489795919,-14.893939393939394,2.853089232147105
940,-57.969250691827575,-105.11311100055123,-0.00027292849528285854,11.13902676855259,11.138997209783572,-0.025661468487633458,0.005415350097705836,0.06118916086252119,-50.11615610832959,-105.13371909198777,0.024469912002882805,11.148843614764807,11.144873737922383,0.2974950625640687,-0.014567539076657084,0.08229980390198313,7.8531216233290335,S,1.0,1.0,1.0,1.7320508075688772,130.34886550252114,124.81408165769457,36.11224489795919,-14.893939393939394,2.8531216233290335
950,-57.85796534771455,-105.11312708150611,-0.00047413060734775603,11.133400178815917,11.133363957362956,-0.028399551928107107,0.00684691286455363,0.048632209912047406,-50.004830478898235,-105.13091578716048,0.02457982895425754,11.143184868147523,11.139253643593491,0.29596835878363265,-0.01379709939002752,0.06981932450034459,7.853155016034476,S,1.0,1.0,1.0,1.7320508075688772,130.26857733398532,124.73516978003471,36.11224489795919,-14.893939393939394,2.853155016034476
960,-57.746722911357956,-105.11312770698231,-0.0007392742919939294,11.127875786405943,11.127820400972745,-0.035108992785852326,0.006419059675767895,0.03634986802387685,-49.89354870032939,-105.12810162967855,0.024668080153837958,11.137506461599916,11.133621640586881,0.29414171148507123,-0.012788357309109011,0.057254962947450354,7.853188486667378,S,1.0,1.0,1.0,1.7320508075688772,130.18835500187691,124.65632983068735,36.11224489795919,-14.893939393939394,2.853188486667378
970,-57.635522553934024,-105.11325383883852,-0.000983584238011863,11.122514690436068,11.12242692522532,-0.044185201017858,-0.0012989720797104455,0.024530571974293654,-49.78231036001235,-105.12527871169421,0.02473242048571792,11.131904733323253,11.128079266467708,0.29181300690023093,-0.011760068344118607,0.044813564811340176,7.853221400185227,S,1.0,1.0,1.0,1.7320508075688772,130.1082956660406,124.57756306029,36.11224489795919,-14.893939393939394,2.8532214001852267
980,-57.52436135296177,-105.11346153129777,-0.0011432359674116354,11.117481970175097,11.117405147886087,-0.041329588968162106,-0.00156520746098746,0.013288872433314294,-49.671114268630426,-105.1224536155653,0.024774030378142735,11.126459111510709,11.122705203281559,0.28900055538532654,-0.010942941713249901,0.03268298909270944,7.853252232364514,S,1.0,1.0,1.0,1.7320508075688772,130.02836692384975,124.49887344288005,36.11224489795919,-14.893939393939394,2.8532522323645138
990,-57.413236478120986,-105.11367555028902,-0.0012390415657451556,11.112797287768238,11.112744966931393,-0.034100718029213634,0.002667285208744083,0.0027676949828583444,-49.55995870957893,-105.1196320100633,0.024797060991049686,11.121235689879828,11.117553477204837,0.28616070895131057,-0.01013389846682054,0.021040893099378184,7.853280027433757,S,1.0,1.0,1.0,1.7320508075688772,129.94851464618154,124.42026394052836,36.11224489795919,-14.893939393939394,2.8532800274337573
1000,-57.30214524037616,-105.11387664742774,-0.0013103874507492872,11.108474104139802,11.108433715803812,-0.029955031925944987,0.005872058702145565,-0.0069098011881923126,-49.44884158167354,-105.11681589432811,0.02480506997058093,11.116290718742134,11.112673487143518,0.2835618305238521,-0.009117454331026894,0.010042291775575408,7.853304208736876,S,1.0,1.0,1.0,1.7320508075688772,129.86872357477185,124.34173460097614,36.11224489795919,-14.893939393939394,2.8533042087368763
1010,-57.19108477993895,-105.1140697008941,-0.0013779440429219796,11.104532192658754,11.104494835299025,-0.02880400340030345,0.00732313589553626,-0.015654272483400174,-49.33776046074708,-105.11400367399598,0.024798083117304474,11.11167216246848,11.10811600650126,0.2810996838977721,-0.007840113398609277,-0.00018564403875247389,7.853324319469431,S,1.0,1.0,1.0,1.7320508075688772,129.78899507117865,124.26328264817597,36.11224489795919,-14.893939393939394,2.853324319469431
1020,-57.08005200960594,-105.1142712155961,-0.0014398004463592145,11.100995786014634,11.100958166353731,-0.028900345656939823,0.007223112803803221,-0.02340286161467331,-49.226712515881076,-105.11119623900174,0.02477490687640262,11.10741996848618,11.10393047919162,0.2783994784565681,-0.006620743535422954,-0.009548763920338967,7.853340095728684,S,1.0,1.0,1.0,1.7320508075688772,129.70933843373658,124.18490683303342,36.11224489795919,-14.893939393939394,2.853340095728684
1030,-56.969043589486674,-105.11448213385174,-0.001489219610376596,11.097888141384246,11.097852272900658,-0.028215732327262284,0.007113362199493235,-0.030118653238568212,-49.11569455962439,-105.10839781697825,0.024736811565212766,11.103566114722748,11.100148658493266,0.2754636516300008,-0.005625641766173104,-0.01797232928873061,7.8533513867488915,S,1.0,1.0,1.0,1.7320508075688772,129.6297519814316,124.10660809460445,36.11224489795919,-14.893939393939394,2.8533513867488915
1040,-56.85805605614057,-105.1147004116785,-0.001522632148387195,11.095223147075192,11.095190623472803,-0.026864701641855605,0.007014562353485638,-0.03578233853524443,-49.00470323668255,-105.10561095092837,0.02468648899507814,11.100135042332845,11.096786608855783,0.272625962711821,-0.004664069382941375,-0.02539539554091752,7.853358079521519,S,1.0,1.0,1.0,1.7320508075688772,129.55023187210386,124.02838604473311,36.11224489795919,-14.893939393939394,2.853358079521519
1050,-56.74708588052653,-105.11491432346983,-0.0015454929126457895,11.093006854598384,11.092978482348215,-0.02508916750752278,0.007317791494510533,-0.04039417366497085,-48.89373510632259,-105.10283579863646,0.0246255421405364,11.09714346447738,11.093858979700556,0.26997409081311713,-0.003640208679319734,-0.031780937942025904,7.853360062638906,S,1.0,1.0,1.0,1.7320508075688772,129.4707674722877,123.9502385114354,36.11224489795919,-14.893939393939394,2.853360062638906
1060,-56.63612954989749,-105.11510840523958,-0.0015751019033998202,11.091237324343536,11.091211305064041,-0.02402439033098614,0.007745784789174873,-0.04397019049663807,-48.78278670114233,-105.10007047759686,0.024552932569209433,11.094600375855068,11.091378227643437,0.26736961547745003,-0.002555837632079328,-0.03711443342623909,7.8533572463858805,S,1.0,1.0,1.0,1.7320508075688772,129.39134553935756,123.87216182538528,36.11224489795919,-14.893939393939394,2.8533572463858805
1070,-56.52518345391365,-105.11516017555512,-0.0017208537602920024,11.089905344409086,11.089876386608587,-0.02534319818967713,0.012561118186459753,-0.046548630613223216,-48.67185441978466,-105.0973182033218,0.024469148266738863,11.092507112339288,11.08935228123788,0.26453736957542956,-0.0017769635586720282,-0.041408516440686535,7.853349301684381,S,1.0,1.0,1.0,1.7320508075688772,129.31187807380041,123.79415594344506,36.11224489795919,-14.893939393939394,2.853349301684381
1080,-56.41424528793571,-105.11518438298054,-0.0020179562511426796,11.088931150302747,11.08885331532949,-0.04154765048426113,0.005818333578302446,-0.048126142683085994,-48.56093473590493,-105.0945805798878,0.024376052571055705,11.090859307265807,11.08776909109987,0.26179525590612035,-0.0010868848285869822,-0.044678532023752666,7.853337579866272,S,1.0,1.0,1.0,1.7320508075688772,129.2324434246025,123.71621971134115,36.11224489795919,-14.893939393939394,2.853337579866272
1090,-56.30331307039119,-105.11539374929984,-0.0023125062715965055,11.088303720129186,11.088150886067732,-0.05821784628549846,-0.009311384855166275,-0.048777803603803925,-48.45002422460438,-105.09185873162411,0.024275666274404025,11.0896461620653,11.086616359415071,0.2592097586121311,-0.00046622542729802836,-0.04695955768875872,7.853324111000169,S,1.0,1.0,1.0,1.7320508075688772,129.15318881312191,123.63835170368597,36.11224489795919,-14.893939393939394,2.853324111000169
1100,-56.19238250364092,-105.11586719616871,-0.002387346079806118,11.088166773759289,11.088029372504122,-0.055199974504845,-0.018531249078630258,-0.04863890385401433,-48.339119693900855,-105.08914975612207,0.02416720430992065,11.088851262936398,11.085877285390564,0.25680176165216356,0.0002639918481143976,-0.048295901388095516,7.853308257062694,S,1.0,1.0,1.0,1.7320508075688772,129.07416664886472,123.56054772339616,36.11224489795919,-14.893939393939394,2.853308257062694
1110,-56.08144977413718,-105.11638765203507,-0.0022206103675305885,11.088415416925722,11.088376042119801,-0.02955007376694161,-0.008658179239928693,-0.04778393373730957,-48.22821803000117,-105.08645542814868,0.024050370473713334,11.088451932253221,11.085537694631421,0.2542051824728922,0.0007219993898634145,-0.04875596194039042,7.853288786561475,S,1.0,1.0,1.0,1.7320508075688772,128.99522280680196,123.48280704407297,36.11224489795919,-14.893939393939394,2.8532887865614747
1120,-55.970512578204534,-105.11673046968743,-0.002000153166489016,11.088964925433897,11.08896299379543,-0.0065452073047992596,0.008609446001323403,-0.04625790469582012,-48.11731629753493,-105.0837787316781,0.02392749402930258,11.08842238499207,11.08556681712611,0.2516333265402051,0.0009709069945570826,-0.048406678434703664,7.853265412537691,S,1.0,1.0,1.0,1.7320508075688772,128.91619857066863,123.40512995395535,36.11224489795919,-14.893939393939394,2.8532654125376906
1130,-55.85956828601953,-105.11694071082292,-0.0018610406931204952,11.08984520894397,11.089844343812235,-0.004380451265174879,0.014013687283350593,-0.04411896418445841,-48.00641187975698,-105.08111883698223,0.023800186642493327,11.088733776201952,11.085929952700122,0.249346833363269,0.0012874093566564986,-0.04731728238769076,7.853238105894152,S,1.0,1.0,1.0,1.7320508075688772,128.83712348145252,123.3275141806516,36.11224489795919,-14.893939393939394,2.8532381058941523
1140,-55.74861517496816,-105.11712702106495,-0.0017980656980320882,11.090969110933447,11.090963103593113,-0.011543587659736485,0.010813220574716786,-0.04144839545351557,-47.89550241217392,-105.07847545176261,0.023669038347845596,11.089353118165224,11.0865981710894,0.24717113941142568,0.001554869339669065,-0.04557131464855121,7.85320788015772,S,1.0,1.0,1.0,1.7320508075688772,128.75807236417234,123.2499580206338,36.11224489795919,-14.893939393939394,2.8532078801577203
1150,-55.63765191772203,-105.11733022776305,-0.0017592744091166352,11.092289991847066,11.092278476198018,-0.015983419683197456,0.0069451966823600424,-0.038345831456448334,-47.78458584863163,-105.0758465672331,0.023532970504174123,11.09024528006191,11.087537535542507,0.2450546263008282,0.0018421403326988827,-0.04325143698056989,7.853175636619237,S,1.0,1.0,1.0,1.7320508075688772,128.6790729654245,123.17245873463219,36.11224489795919,-14.893939393939394,2.8531756366192367
1160,-55.52667741924801,-105.11754853572951,-0.0017108100148333016,11.093763963883417,11.093752407234284,-0.016012911722656807,0.0046832294906404325,-0.03490099075918173,-47.673660389329136,-105.07323234643067,0.023390801344962693,11.09137279776913,11.08871524882908,0.24278523323806667,0.001964430118005232,-0.04044778302868626,7.853142071606105,S,1.0,1.0,1.0,1.7320508075688772,128.60012336708567,123.09501534270872,36.11224489795919,-14.893939393939394,2.853142071606105
1170,-55.41569081404306,-105.11777230906316,-0.0016405708545773764,11.095356016980471,11.095347646086944,-0.013629233934246122,0.003620218316649203,-0.03119757625630485,-47.56272450975723,-105.07063367549391,0.023242261286835746,11.092697996908344,11.090092558368319,0.240407773247931,0.001933354821535446,-0.03724625777521554,7.853107781446999,S,1.0,1.0,1.0,1.7320508075688772,128.5212163092016,123.01762758617656,36.11224489795919,-14.893939393939394,2.853107781446999
1180,-55.30469144457607,-105.11798366950416,-0.0015542659855134657,11.097035204115047,11.097030415347064,-0.010309327371913687,0.003667612952743509,-0.02731683410932998,-47.45177698060034,-105.06805112973228,0.02308746307074567,11.094183335099428,11.091630239556306,0.23799685241197371,0.0018092603988761084,-0.03373056935691058,7.853073209708877,S,1.0,1.0,1.0,1.7320508075688772,128.44233887505402,122.94029518371768,36.11224489795919,-14.893939393939394,2.853073209708877
1190,-55.19367885715174,-105.11817725741496,-0.0014616650965985191,11.098773853176661,11.098771176227357,-0.007708547380445095,0.0035948851990541338,-0.02333470381672152,-47.340816844994656,-105.06548579370907,0.022926991064314218,11.095791661342233,11.093290883095426,0.23556310182996684,0.0015878282036752506,-0.029983487507140028,7.853038785866733,S,1.0,1.0,1.0,1.7320508075688772,128.36348706240085,122.86301841644249,36.11224489795919,-14.893939393939394,2.853038785866733
1200,-55.08265278104417,-105.1183266522717,-0.001389207703312442,11.100542279631984,11.100540668393345,-0.005980906508572198,0.004385124483288605,-0.01932415657247647,-47.229843454488574,-105.0629371218308,0.022760664345898123,11.097487148533132,11.095037541081025,0.2331586881519308,0.001384922880165793,-0.026081639070413352,7.853004668235018,S,1.0,1.0,1.0,1.7320508075688772,128.28464217834266,122.78579658168812,36.11224489795919,-14.893939393939394,2.853004668235018
1210,-54.971613000010905,-105.11834517646835,-0.0014309835409457696,11.102316932745078,11.102314030835643,-0.00802719303872685,0.007571638516707026,-0.015351478696103999,-47.11885642094385,-105.06040490672983,0.022587532121270352,11.09923479514665,11.096837882628408,0.23065568377380258,0.001143072162428671,-0.022100952577861075,7.852970327521828,S,1.0,1.0,1.0,1.7320508075688772,128.20574311780285,122.70862940244557,36.11224489795919,-14.893939393939394,2.8529703275218283
1220,-54.86055992589404,-105.11826482948246,-0.0016632369188210392,11.104044898905169,11.104022070542023,-0.02251607908922278,0.004311039084068587,-0.011453000720901958,-47.007855572874384,-105.05789045966478,0.022407283061550206,11.101001620554202,11.098660124785955,0.22799213590214093,0.0007919674317112484,-0.018112364650996055,7.8529364393495955,S,1.0,1.0,1.0,1.7320508075688772,128.12681264207612,122.63151786577538,36.11224489795919,-14.893939393939394,2.8529364393495955
1230,-54.74949526191205,-105.11819296969367,-0.0020686034249516616,11.105627420775617,11.105537036259387,-0.04480563976080797,-0.005778101824557067,-0.0076651609704357065,-46.896840971430855,-105.05539465714496,0.02222001326735819,11.10275774308349,11.10047247438603,0.22525618082193022,0.0004128890669221342,-0.014177727316281363,7.85290538806318,S,1.0,1.0,1.0,1.7320508075688772,128.04792758253436,122.55446279940519,36.11224489795919,-14.893939393939394,2.8529053880631796
1240,-54.638420770975685,-105.11826920395066,-0.00252422682544795,11.10706129894393,11.106872492607827,-0.06476211430796838,-0.01947924863183569,-0.004054860993533409,-46.785812802999224,-105.0529219838553,0.02202866657607409,11.10447584566714,11.102247099815854,0.22247054105080857,-0.00013772099609458543,-0.010357411504447819,7.852879863967205,S,1.0,1.0,1.0,1.7320508075688772,127.9691877329089,122.47746777362843,36.11224489795919,-14.893939393939394,2.852879863967205
1250,-54.52733613635179,-105.11850186797726,-0.0029167918821636106,11.10847627670232,11.10824589447239,-0.07154256072804481,-0.026327328438315416,-0.0007207672279667949,-46.674771519482874,-105.05047190227984,0.02183554179243405,11.106133723725168,11.10395427476875,0.22001307486211344,-0.0004528837013793134,-0.0066936274853063435,7.852859296990777,S,1.0,1.0,1.0,1.7320508075688772,127.89059904350667,122.40053284699894,36.11224489795919,-14.893939393939394,2.8528592969907773
1260,-54.416240728890045,-105.1188168977683,-0.0032235170626104415,11.109880562622958,11.109667619173623,-0.06878595229065118,-0.024940196949790754,0.0023008634412961817,-46.56371768641124,-105.04804628836612,0.02164318914647173,11.107709862688848,11.10557637327698,0.2176966030677818,-0.0007484974510618708,-0.003234631374704656,7.852841944914961,S,1.0,1.0,1.0,1.7320508075688772,127.81210909171158,122.32365993209956,36.11224489795919,-14.893939393939394,2.852841944914961
1270,-54.30513486588989,-105.11916224899306,-0.0034774643619842455,11.111211685119219,11.111019071390055,-0.06542405319406283,-0.02043838305400289,0.005013737723811664,-46.45265216088425,-105.04563923368198,0.02144946635594856,11.1091871965605,11.107093928858983,0.2156493072736987,-0.0006061185865439964,-8.488159030504983e-06,7.8528268964872225,S,1.0,1.0,1.0,1.7320508075688772,127.73368155112497,122.24684540033111,36.11224489795919,-14.893939393939394,2.8528268964872225
1280,-54.19401956897152,-105.11952611391787,-0.0037118072095283436,11.1124148838839,11.112223871545766,-0.06515504748571672,-0.01622068613187766,0.007419922031166594,-46.341575775415734,-105.0432533514788,0.021253251657256503,11.110547470011342,11.108501334924064,0.21322095433077531,-0.0007220688863465399,0.0029411012369336253,7.852814213085833,S,1.0,1.0,1.0,1.7320508075688772,127.6553089414443,122.17009188280117,36.11224489795919,-14.893939393939394,2.852814213085833
1290,-54.08289608915464,-105.11990725168877,-0.003946457194538301,11.113464256574341,11.113260586307707,-0.06728241207884955,-0.012620915633762636,0.009512234496906878,-46.23048952077263,-105.04088723431492,0.02105336906371171,11.111779883689174,11.109780767947337,0.2107687635938914,-0.0007182491005975134,0.005598919151777853,7.852804153823949,S,1.0,1.0,1.0,1.7320508075688772,127.57699139559988,122.09339915199834,36.11224489795919,-14.893939393939394,2.852804153823949
1300,-53.97176572774563,-105.1202978815197,-0.0042002853943422375,11.11434880980326,11.11412168562826,-0.07105366297950336,-0.009274948807479848,0.011284618749326191,-46.11939435436667,-105.03854492991313,0.020851262329438472,11.112874697173389,11.110925672111852,0.2081219447399442,-0.0009453144743305706,0.00794164864836899,7.852796936796324,S,1.0,1.0,1.0,1.7320508075688772,127.49872444986049,122.01677098399615,36.11224489795919,-14.893939393939394,2.8527969367963237
1310,-53.86062991645079,-105.12069473758696,-0.004493598186144739,11.115058317201298,11.114791270989874,-0.07704801822912541,-0.0067674915397476516,0.012741357185271538,-46.00829139068258,-105.03622371203028,0.02064660212690157,11.113828370972643,11.111925015532385,0.20567816758723628,-0.0009048551515775668,0.00996893104151388,7.852792858430832,S,1.0,1.0,1.0,1.7320508075688772,127.42050691396548,121.9402062587138,36.11224489795919,-14.893939393939394,2.852792858430832
1320,-53.74949016170261,-105.12109528674813,-0.004848476018561881,11.115587416912703,11.11525812384239,-0.08555970654327068,-0.005190403486310675,0.013889364799899039,-45.89718179595429,-105.03392061051332,0.02043565121523342,11.11463649224775,11.112781808800136,0.20303897361371612,-0.0007870146730634007,0.01167294406065417,7.852792248301092,S,1.0,1.0,1.0,1.7320508075688772,127.34233816150095,121.86370370372249,36.11224489795919,-14.893939393939394,2.8527922483010917
1330,-53.63834876149718,-105.12162793841493,-0.005189898238493,11.115926933121578,11.115507998362087,-0.0965065844705297,-0.010378837987420213,0.01477598115502835,-45.78606668545095,-105.03163673036626,0.020215214646773776,11.115296571290882,11.113498970830378,0.19989620582430637,-0.000882370799924143,0.013049511481159614,7.852797731975715,S,1.0,1.0,1.0,1.7320508075688772,127.26431095285014,121.78726502112865,36.11224489795919,-14.893939393939394,2.8527977319757154
1340,-53.52720566310688,-105.12230405137846,-0.005422958133593018,11.11621576488781,11.115794951220431,-0.09672400923588488,-0.011135359248380657,0.015326880402954705,-45.674947126626826,-105.0293748705264,0.019984471229948248,11.115810508914953,11.114075560949754,0.19638659731131072,-0.001174405464114874,0.014105162448532695,7.852808412050925,S,1.0,1.0,1.0,1.7320508075688772,127.18643357546279,121.7108931354153,36.11224489795919,-14.893939393939394,2.8528084120509254
1350,-53.41606084409006,-105.12311911793643,-0.005474720578436288,11.116455294542465,11.116111799828472,-0.08738861067329043,-0.008318107050884007,0.01556937587597952,-45.563824104757614,-105.02713983770614,0.019745892543033706,11.116183500968312,11.114512541213118,0.19273452834516577,-0.0016450454120439985,0.014850623483545093,7.8528233032939045,S,1.0,1.0,1.0,1.7320508075688772,127.10870309584314,121.63459240681819,36.11224489795919,-14.893939393939394,2.8528233032939045
1360,-53.30491430491374,-105.1239358052281,-0.005378854215631884,11.11659341211829,11.116375741928444,-0.06956618874556132,0.003301590982420678,0.015498538155676065,-45.45269857732882,-105.0249339462039,0.01950299747775532,11.116424385772815,11.114812528906931,0.18929757488677118,-0.0020192963002884133,0.015305022725302278,7.852839817583331,S,1.0,1.0,1.0,1.7320508075688772,127.03102224375388,121.55836533578123,36.11224489795919,-14.893939393939394,2.852839817583331
1370,-53.19376706963224,-105.12470107926828,-0.0052135338845375944,11.116599239827028,11.116455948408639,-0.056442944758920324,0.013563046295010941,0.015198392913094457,-45.34157147128668,-105.02275744538424,0.0192581686648554,11.116542369371718,11.114984108638609,0.18612499764343818,-0.0021978149326184024,0.015487575578248643,7.852857328333863,S,1.0,1.0,1.0,1.7320508075688772,126.9533541418666,121.48221287277111,36.11224489795919,-14.893939393939394,2.8528573283338634
1380,-53.08262032505075,-105.12541432641801,-0.005029069652310946,11.116470834344616,11.116361088755372,-0.04939590306862003,0.019951878829694077,0.01470926293484017,-45.230443694955355,-105.0206082214195,0.019011119379137336,11.116546562602053,11.115038508915354,0.18310222234654244,-0.002132761093480189,0.015419501267017424,7.852876043199791,S,1.0,1.0,1.0,1.7320508075688772,126.87569921242375,121.40613420030367,36.11224489795919,-14.893939393939394,2.8528760431997906
1390,-52.97147514329865,-105.12608917844845,-0.004842553427265497,11.116223249987106,11.116129720393051,-0.04560025162468873,0.023055425433243504,0.014053781668568553,-45.119316091518186,-105.01848500490483,0.018759896706643683,11.11644511541775,11.114988597077371,0.17994579999314744,-0.001994570051863742,0.015120576231118872,7.852896308536223,S,1.0,1.0,1.0,1.7320508075688772,126.79806793135013,121.33012907917873,36.11224489795919,-14.893939393939394,2.8528963085362227
1400,-52.860332387724746,-105.12673675861032,-0.00465308367749564,11.11587859573239,11.115797012183815,-0.04258801459169066,0.024039099274849953,0.013249842446550107,-45.00818941268654,-105.01638820215437,0.018502792798652582,11.116247046967272,11.114845239166868,0.17653248590046902,-0.0019087269820428228,0.014613123483332026,7.852918317692713,S,1.0,1.0,1.0,1.7320508075688772,126.72046886399517,121.25419845076343,36.11224489795919,-14.893939393939394,2.852918317692713
1410,-52.74919270387941,-105.12736026561163,-0.00445557807075357,11.115457970865242,11.115389116276408,-0.03912410811255256,0.02389917007582326,0.012315999378846506,-44.897064241847566,-105.01432313490396,0.018242214111717794,11.115962904352358,11.114617789395108,0.17292393298646616,-0.002071776316298667,0.013919236692129211,7.852942045957628,S,1.0,1.0,1.0,1.7320508075688772,126.64290479481978,121.17834679895368,36.11224489795919,-14.893939393939394,2.8529420459576276
1420,-52.63805652299088,-105.12795146329594,-0.004251974021510031,11.114980550437007,11.114925281250763,-0.03505180174523142,0.02339850908370449,0.011272287035651385,-44.7859411174055,-105.01229037906637,0.01798120524513118,11.1156076031248,11.114313144505143,0.16963405473570486,-0.0020492028586548625,0.013072015174399503,7.852967199029703,S,1.0,1.0,1.0,1.7320508075688772,126.56537021018931,121.10257505460024,36.11224489795919,-14.893939393939394,2.8529671990297034
1430,-52.526924126200065,-105.12851185180664,-0.0040439243104991775,11.11446748952427,11.114423569164176,-0.031245814116110885,0.0219170583270113,0.010144599193463551,-44.67482047291854,-105.01029136869549,0.017722833945560817,11.115193272255093,11.113944786985794,0.1665915706636802,-0.0019560296147178497,0.012095583533154963,7.852993560706904,S,1.0,1.0,1.0,1.7320508075688772,126.4878664218334,121.02688471772129,36.11224489795919,-14.893939393939394,2.8529935607069037
1440,-52.41579570894432,-105.12904186017578,-0.0038305654843597747,11.113929927198608,11.113896349434748,-0.02731960288621038,0.019924098068512187,0.008955588166195513,-44.5637027222291,-105.00832290318628,0.017467457108208857,11.114732709021856,11.113524417118157,0.16388478611162013,-0.0015559667627621093,0.01101967643689193,7.853020905269449,S,1.0,1.0,1.0,1.7320508075688772,126.41039391913047,120.95127382407757,36.11224489795919,-14.893939393939394,2.8530209052694486
1450,-52.304671399286825,-105.12954088490696,-0.003610638560143184,11.113376916311232,11.11335281883666,-0.02314320752645188,0.017665571704773488,0.0077280590949575095,-44.45258821131116,-105.00638250676171,0.017213019178839304,11.114234983964513,11.113066619853173,0.16115080355314224,-0.0010734303004512643,0.009866247219119733,7.853048986030678,S,1.0,1.0,1.0,1.7320508075688772,126.33295240732292,120.87574089818942,36.11224489795919,-14.893939393939394,2.853048986030678
1460,-52.19355126647526,-105.13000778680491,-0.0033833113155585085,11.112816567566883,11.112800777161906,-0.018733699547017896,0.015294354269794398,0.006483941025936261,-44.341477203693586,-105.00446908205305,0.016957013209811436,11.113708859501214,11.112582735067955,0.1582073640049178,-0.0006497249788676266,0.008657767362869767,7.853077553023368,S,1.0,1.0,1.0,1.7320508075688772,126.25554116646344,120.8002854329508,36.11224489795919,-14.893939393939394,2.8530775530233683
1470,-52.08243532431724,-105.13044133996307,-0.0031482571439980025,11.112256558411742,11.112247539656977,-0.014157589916030534,0.01290642968638534,0.005243732817206265,-44.23036989469179,-105.0025816147988,0.016696705935044676,11.113163386877371,11.11208214710283,0.15501877134814782,-0.00030460869052702493,0.007417345300746339,7.853106367574436,S,1.0,1.0,1.0,1.7320508075688772,126.17815937381687,120.72490693559116,36.11224489795919,-14.893939393939394,2.853106367574436
1480,-51.971323532571766,-105.13084049414503,-0.0029054813090513176,11.11170426765316,11.11170022197418,-0.009482023012822475,0.010567084545440114,0.004026141972729453,-44.11926638132012,-105.0007213108444,0.016430475881802877,11.112607027125032,11.111573995534265,0.15151990323164002,-0.00016516886198720122,0.006164888166765338,7.853135202477097,S,1.0,1.0,1.0,1.7320508075688772,126.10080629252266,120.64960650403216,36.11224489795919,-14.893939393939394,2.8531352024770973
1490,-51.860215798552176,-105.13120447031582,-0.002655136199082998,11.111166702197282,11.11116568339276,-0.004758173253660577,0.008326003490757353,0.0028478884064202323,-44.00816669180437,-104.99888882408005,0.01615736579295073,11.11204925928703,11.111065719451139,0.14784220932862538,-0.00013255570904033618,0.004921852036493682,7.853163859554811,S,1.0,1.0,1.0,1.7320508075688772,126.0234813416272,120.57438478019004,36.11224489795919,-14.893939393939394,2.8531638595548108
1500,-51.74911198002338,-105.13153275501162,-0.0023974028935277226,11.110650341007148,11.110650340988446,-2.0385420424867164e-05,0.006223828710092267,0.0017236190237879566,-43.89707074281776,-104.99708764312989,0.015878673201402956,11.111498532068802,11.110565329662933,0.14400584522565943,-0.00031876448351853714,0.0037045839889253804,7.853192158535689,S,1.0,1.0,1.0,1.7320508075688772,125.94618409478883,120.4992444529055,36.11224489795919,-14.893939393939394,2.8531921585356894
1510,-51.63801188962722,-105.13182505107592,-0.0021324382463123784,11.110160975779555,11.110159977615336,0.004709514766902761,0.004293919931634966,0.0006658858820011593,-43.78597842193965,-104.99531733131425,0.01559515606403066,11.110964911817517,11.110079067270293,0.14030107142308343,-0.0004008370808893661,0.002533568285611561,7.853219972421517,S,1.0,1.0,1.0,1.7320508075688772,125.86891424874452,120.42418526147515,36.11224489795919,-14.893939393939394,2.853219972421517
1520,-51.52691530057823,-105.13208121938969,-0.0018603630697447955,11.109703589523027,11.109699597740452,0.009417803697021837,0.002562218842334939,-0.000314840684503228,-43.674889569663314,-104.9935776703695,0.015306345632099339,11.110454684522901,11.109615461456041,0.13655619873798872,-0.0004712428249725154,0.001421459107428505,7.853247182665341,S,1.0,1.0,1.0,1.7320508075688772,125.79167158605925,120.34920707714707,36.11224489795919,-14.893939393939394,2.853247182665341
1530,-51.41582195318044,-105.13230122672657,-0.0015812686356420963,11.109282286424458,11.1092733436869,0.014095911177730649,0.0010468511510718537,-0.0012101366124153575,-43.56380398998086,-104.99186835020875,0.015011040319719053,11.109973069013845,11.109180701336667,0.13268662050816404,-0.0005425635447214257,0.00038006593709608775,7.853273679632968,S,1.0,1.0,1.0,1.7320508075688772,125.71445594267426,120.27430967834475,36.11224489795919,-14.893939393939394,2.8532736796329683
1540,-51.30473156171522,-105.13248510342777,-0.001295227514252269,11.108900269675683,11.10888446497121,0.01873887728186155,-0.00024188913911099693,-0.002013569765749184,-43.45272140169891,-104.99019299998676,0.01471040942906,11.109523934063045,11.108779299878565,0.12862545669167094,-0.0008103238742311012,-0.0005833628390157961,7.853299344587667,S,1.0,1.0,1.0,1.7320508075688772,125.63726718261064,120.19949573983632,36.11224489795919,-14.893939393939394,2.8532993445876667
1550,-51.193643821339826,-105.13263290979665,-0.001002302591384617,11.108559856506291,11.108535327032081,0.023344670983278294,-0.0013010830198213778,-0.002720626638482247,-43.341641479477936,-104.98855393685993,0.014407410052394575,11.109113589715259,11.108413535118377,0.12471359988026252,-0.001052735164117111,-0.0014583753670691095,7.85332410683827,S,1.0,1.0,1.0,1.7320508075688772,125.56010517881643,120.12476693053817,36.11224489795919,-14.893939393939394,2.8533241068382704
1560,-51.082558414747396,-105.13274470909433,-0.0007025527873041283,11.108262518471038,11.108227446118354,0.027913877756910396,-0.0021343860460088853,-0.003328619823359158,-43.2305638983742,-104.9869503469543,0.014103672351218868,11.10874685866093,11.108087042372745,0.121074476582884,-0.0010939871961020105,-0.002237173692044018,7.853347940922175,S,1.0,1.0,1.0,1.7320508075688772,125.48296979848708,120.05012257499608,36.11224489795919,-14.893939393939394,2.853347940922175
1570,-50.971475018435015,-105.13282054550261,-0.00039603601991236554,11.1080089370558,11.10796154018034,0.03244946202830253,-0.0027510461353883924,-0.0038365770156550743,-43.119488351021076,-104.98537987236762,0.013798163051352366,11.108425122542473,11.107803464503842,0.11751977318386256,-0.0009613201570100558,-0.002916190375521679,7.853370828971516,S,1.0,1.0,1.0,1.7320508075688772,125.40586089159846,119.97556084934857,36.11224489795919,-14.893939393939394,2.8533708289715163
1580,-50.86039330849438,-105.13286042614972,-8.281041891103004e-05,11.107799067671237,11.107737588999573,0.03695648365273796,-0.003164862954123158,-0.004245113491855968,-43.00841443263056,-104.98384886745133,0.013494339393180078,11.108147155712146,11.10756410485426,0.11381076183305869,-0.0011556689424874005,-0.0034993671940381907,7.853392687981253,S,1.0,1.0,1.0,1.7320508075688772,125.32877828195788,119.90108640814233,36.11224489795919,-14.893939393939394,2.853392687981253
1590,-50.749312965881046,-105.1328643067947,0.00023706538903673545,11.107632207838197,11.107554899524708,0.04144175007306228,-0.0033931637016057486,-0.004556290840370713,-42.897341759770164,-104.98235648416322,0.013196023222856778,11.107918636246756,11.107367501020157,0.11065092299309641,-0.0010365651305114468,-0.003979099730149737,7.853413552479434,S,1.0,1.0,1.0,1.7320508075688772,125.25172176046605,119.82669851768169,36.11224489795919,-14.893939393939394,2.8534135524794344
1600,-50.638233681140726,-105.13283208098211,0.0005635324278657731,11.107507067317371,11.107412174200977,0.04591342850719948,-0.0034558346422560587,-0.004773465150566947,-42.78626995344626,-104.98090244053135,0.012905939928906186,11.107738987340289,11.107215306564411,0.1078589101592625,-0.0007787055843645221,-0.0043586728538309565,7.853433452743908,S,1.0,1.0,1.0,1.7320508075688772,125.17469108045158,119.75239687252808,36.11224489795919,-14.893939393939394,2.853433452743908
1610,-50.52715515858195,-105.13276357250481,0.0008965317089145721,11.10742183907721,11.10730758110553,0.050380650303069846,-0.0033744278352724508,-0.0049011279726022625,-42.67519873730013,-104.97947894380427,0.012621067132725485,11.107607375698867,11.107107210134467,0.10540889553926484,-6.778399673572529e-05,-0.004636947252095896,7.853452477675322,S,1.0,1.0,1.0,1.7320508075688772,125.09768595496651,119.67817558172179,36.11224489795919,-14.893939393939394,2.8534524776753223
1620,-50.41607711988985,-105.1326585309543,0.0012360046566710315,11.107374270505753,11.107238825149434,0.054853132875488826,-0.0031713532678249653,-0.0049447432540609465,-42.56412785271988,-104.97808429596006,0.012336822841976484,11.107515904381458,11.107042473954204,0.10255265898207042,0.0004608396729135849,-0.004824076833579018,7.853470601481558,S,1.0,1.0,1.0,1.7320508075688772,125.02070605589155,119.60403334307775,36.11224489795919,-14.893939393939394,2.8534706014815576
1630,-50.3049993071801,-105.13251663006486,0.0015818935841631287,11.10736173439115,11.107203219708817,0.05934083507039791,-0.0028691626678943967,-0.004910583232354464,-42.45305705427245,-104.97671837454065,0.012050080831196993,11.107460441010858,11.1070163525384,0.09932367827300388,0.000784868100077316,-0.004924699099282514,7.8534877754677135,S,1.0,1.0,1.0,1.7320508075688772,124.94375101465003,119.5299700481565,36.11224489795919,-14.893939393939394,2.8534877754677135
1640,-50.19392148549668,-105.13233746850254,0.0019341421955545504,11.107381299130816,11.107197757991734,0.06385365411903456,-0.002489929159413741,-0.004805565977361132,-42.34198612397476,-104.975380468924,0.011757992615837053,11.107437943796306,11.107024717917106,0.09581018142307843,0.0009703704761104533,-0.0049436600237691706,7.853503958185481,S,1.0,1.0,1.0,1.7320508075688772,124.86682042429081,119.45598516352752,36.11224489795919,-14.893939393939394,2.853503958185481
1650,-50.08284344476284,-105.13212057271934,0.002292696093703154,11.10742979751942,11.107219183355985,0.06840116746887856,-0.0020547249856636774,-0.00463709697394918,-42.230914811164226,-104.97407531227566,0.011461381300558807,11.10744475915311,11.107063999628942,0.09196948289834017,0.000762336726336,-0.004890020823402822,7.85351905654239,S,1.0,1.0,1.0,1.7320508075688772,124.7899138426819,119.3820822413278,36.11224489795919,-14.893939393939394,2.85351905654239
1660,-49.97176500120086,-105.13186540148527,0.002657503268265477,11.107503893379404,11.107264057726368,0.07299242000776905,-0.0015831973687409993,-0.004412916826937512,-42.11984286948068,-104.9728046101836,0.011162782191991062,11.107481883310555,11.107130995102827,0.08828842335382218,0.0005405878786428018,-0.0047675429061548235,7.853533058307368,S,1.0,1.0,1.0,1.7320508075688772,124.71303079655313,119.30826256005368,36.11224489795919,-14.893939393939394,2.8535330583073684
1670,-49.860685998243284,-105.13157135171954,0.0030285145406404755,11.107600145271912,11.107328827251239,0.07763575566840579,-0.001093240307029145,-0.004140956871778731,-42.00877008146929,-104.97156772260362,0.010863418851077625,11.107548209127415,11.107224353380309,0.08481970151474619,0.00042244915527690015,-0.004583002853703651,7.853545996899688,S,1.0,1.0,1.0,1.7320508075688772,124.63617078613653,119.23452564896236,36.11224489795919,-14.893939393939394,2.8535459968996877
1680,-49.74960630696402,-105.13123776526281,0.003405683945751081,11.107715066561136,11.107409884388021,0.08233869144297182,-0.0006007579593370259,-0.003829204186522315,-41.89769625629136,-104.97036430666232,0.01056352653183257,11.107640426496328,11.107342068297454,0.08141266587686116,0.000335437546372542,-0.004345025704558883,7.8535579015842485,S,1.0,1.0,1.0,1.7320508075688772,124.55933329016986,119.16087127890198,36.11224489795919,-14.893939393939394,2.8535579015842485
1690,-49.63852582606375,-105.1308639362595,0.0037889690362660506,11.10784518118727,11.107503625701831,0.08710783114011983,-0.0001195134191172585,-0.003485577224192137,-41.78662124411221,-104.96919283723919,0.010262031440260102,11.107754980882458,11.107481034535585,0.07801142705616966,0.00032287408789094594,-0.004061169948233779,7.853568813496828,S,1.0,1.0,1.0,1.7320508075688772,124.48251777105219,119.08729835333007,36.11224489795919,-14.893939393939394,2.8535688134968282
1700,-49.527444481448335,-105.13044911885268,0.004178331100952275,11.107987074610335,11.107606504779373,0.09194881561638617,0.0003389447550349292,-0.003117813018836536,-41.67554492074334,-104.96805375914876,0.009958041298014489,11.107886885190773,11.107637330937148,0.07445789793310512,0.0002310934157554914,-0.003740581523758749,7.853578736108312,S,1.0,1.0,1.0,1.7320508075688772,124.40572367996488,119.01380728115312,36.11224489795919,-14.893939393939394,2.853578736108312
1710,-49.41636222544236,-105.12999253492976,0.004573735294421693,11.108137439520338,11.107715079803011,0.09686630575297951,0.0007652869369154451,-0.0027333666664222365,-41.56446720789289,-104.96694539898328,0.009649585688375682,11.10803258076235,11.10780688149232,0.07081030115556022,0.00019775372686217708,-0.0033898383299893276,7.853587698317158,S,1.0,1.0,1.0,1.7320508075688772,124.32895046180036,118.94039689844699,36.11224489795919,-14.893939393939394,2.853587698317158
1720,-49.30527903568208,-105.12949338169472,0.0049751506802898325,11.108293116030747,11.107826055460427,0.10186399408308172,0.0011523470702143252,-0.0023393235389084477,-41.453388046050485,-104.96586952317664,0.00933568161138092,11.108186626162528,11.107985310992074,0.06687639673579433,-1.3958577785299074e-05,-0.0030182746574453755,7.8535956656893235,S,1.0,1.0,1.0,1.7320508075688772,124.25219755976666,118.8670686574336,36.11224489795919,-14.893939393939394,2.8535956656893235
1730,-49.1941949593356,-105.12894214447529,0.005375867957268768,11.108451071182534,11.107936605585271,0.10690915374814614,0.0018774050426031493,-0.001939964765716139,-41.34230737023623,-104.96482974553733,0.00901826331352209,11.108346584138156,11.108168798624693,0.06284723219598416,-0.00037832617624235145,-0.0026331066585463434,7.853602459466477,S,1.0,1.0,1.0,1.7320508075688772,124.17545813289948,118.79382541107174,36.11224489795919,-14.893939393939394,2.853602459466477
1740,-49.0831098609334,-105.12834132017753,0.005770716875045721,11.108619292154948,11.108063765106726,0.11109441192107206,0.0019988795948729333,-0.0015494003348928255,-41.231225127115884,-104.9638268099814,0.008699632937699063,11.10851233917906,11.108355492057289,0.05903093912590917,-0.00062962306591005,-0.0022396474825977066,7.853608017798036,S,1.0,1.0,1.0,1.7320508075688772,124.09873393181516,118.72066784961315,36.11224489795919,-14.893939393939394,2.8536080177980363
1750,-48.972023663182654,-105.12769363811405,0.006158595370455574,11.108793350712656,11.108199163183555,0.11489586539939013,0.0017998884177750432,-0.0011710258635721415,-41.12014128191917,-104.96286119433239,0.008381584202152044,11.108681832557417,11.108543738113577,0.055390210406325226,-0.0007880902849972279,-0.0018447341622531276,7.8536123321513,S,1.0,1.0,1.0,1.7320508075688772,124.02202692095715,118.64759647512112,36.11224489795919,-14.893939393939394,2.8536123321513003
1760,-48.86093629561546,-105.12700974217839,0.006546669782397475,11.1089680046446,11.10833471591736,0.11861689324286728,0.0010561082908167735,-0.0008110422859949082,-41.0090558618485,-104.96192775882868,0.008061548035178164,11.10885297152632,11.108731749176938,0.051896703338832756,-0.00061114428199992,-0.0014526866626515728,7.853615626410492,S,1.0,1.0,1.0,1.7320508075688772,123.94534483644924,118.57460756410939,36.11224489795919,-14.893939393939394,2.853615626410492
1770,-48.74984795174716,-105.12628746398467,0.0069407749273565555,11.109128203587687,11.108444350307014,0.12326215915514341,0.0008060852181545815,-0.0004635017930034126,-40.897968920506784,-104.96102867981301,0.007737855625689028,11.109018320350858,11.108914646225596,0.04799400759921921,-0.0006831844228121976,-0.0010722132317956877,7.85361794251402,S,1.0,1.0,1.0,1.7320508075688772,123.86868628134386,118.50170296158355,36.11224489795919,-14.893939393939394,2.8536179425140196
1780,-48.63875882415468,-105.12552391407466,0.0073423924807163735,11.109272117442103,11.108530508848297,0.12836242971818634,0.0008171811108744301,-0.00013377577936535186,-40.786880517142706,-104.96016494383441,0.0074104739590975,11.109176722400512,11.109089623650432,0.04399071751767024,-0.000778781855728623,-0.0007066912336067704,7.853619327237864,S,1.0,1.0,1.0,1.7320508075688772,123.79204932838002,118.42888361549362,36.11224489795919,-14.893939393939394,2.8536193272378636
1790,-48.52766908283038,-105.12471679600492,0.007751089338762906,11.109400198650722,11.108596557984319,0.13362367200330713,0.0009532478599753614,0.00017363207259397,-40.67579068315427,-104.95934279294258,0.0070838962489195145,11.10932657884854,11.109254673079485,0.03997054130513937,-0.00112007128197248,-0.000361750220296875,7.853619736413849,S,1.0,1.0,1.0,1.7320508075688772,123.71543246198736,118.35615445692515,36.11224489795919,-14.893939393939394,2.853619736413849
1800,-48.4165788749004,-105.12386460518535,0.008166005497965846,11.10951352028428,11.10864491107954,0.13892046978698092,0.0011229066047134147,0.0004549909542001023,-40.5646994833875,-104.9585546862958,0.006757042470607455,11.109472132625907,11.109412167144118,0.0365015904016129,-0.0008336436992590158,-3.665887336278537e-05,7.8536193788691016,S,1.0,1.0,1.0,1.7320508075688772,123.63883472457265,118.28350995561594,36.11224489795919,-14.893939393939394,2.8536193788691016
1810,-48.305488331863835,-105.12296640622799,0.008586463654386093,11.109613002471741,11.108676807904361,0.14422427748803654,0.0012793619413108584,0.000707568371853249,-40.45360703241794,-104.95780151577065,0.0064275699098362785,11.109605335355191,11.109557326705756,0.03266055711349668,-0.0007568300481843243,0.0002618628962600667,7.853618235032048,S,1.0,1.0,1.0,1.7320508075688772,123.56225556069245,118.21095102453354,36.11224489795919,-14.893939393939394,2.853618235032048
1820,-48.19439757771881,-105.12202155569037,0.009012089065397228,11.109699158630473,11.108692594255537,0.14954678735047192,0.001406148524928097,0.0009296009411367168,-40.34251344555641,-104.95708413184491,0.006094742689727755,11.109725161124226,11.10968823117036,0.02864545184674847,-0.000744299955889177,0.0005323415123572036,7.853616286698021,S,1.0,1.0,1.0,1.7320508075688772,123.48569462131829,118.13847854719599,36.11224489795919,-14.893939393939394,2.8536162866980206
1830,-48.08330681572269,-105.12102081502269,0.009436053548965578,11.109772085754033,11.108692557662177,0.15487238856710078,0.0018845934340158998,0.0011241365559035376,-40.23141881071659,-104.95640830950093,0.00576232904595867,11.109830977008675,11.109803814349656,0.024567139910449516,-0.000987392745923696,0.0007721175433336607,7.853613341649363,S,1.0,1.0,1.0,1.7320508075688772,123.40914532617943,118.06609714744478,36.11224489795919,-14.893939393939394,2.853613341649363
1840,-47.97221598902022,-105.11996696862565,0.00985318850616037,11.1098430882983,11.108700850858611,0.15930741584334757,0.0017809126414947943,0.001278948419844036,-40.120323199334585,-104.95577102997535,0.005432098510625415,11.109927684713195,11.109907871602005,0.020981994007577155,-0.0008483539607798862,0.000982148920678183,7.853609405043423,S,1.0,1.0,1.0,1.7320508075688772,123.33260969655191,117.99380473713957,36.11224489795919,-14.893939393939394,2.8536094050434233
1850,-47.861125082504145,-105.11886301136805,0.010262435176500847,11.109910051147594,11.108709333247734,0.16333491361307326,0.0013845369574752948,0.0013976724732124965,-40.009226730698124,-104.95516783333657,0.005101073687244182,11.110012664505637,11.109998981816997,0.017436441750926145,-0.0005070324991684903,0.001161319890016205,7.853604512477368,S,1.0,1.0,1.0,1.7320508075688772,123.25608994141675,117.92159815286495,36.11224489795919,-14.893939393939394,2.853604512477368
1860,-47.750034040758315,-105.11771982679248,0.010671003421087415,11.109969861029073,11.108710737362784,0.16726047523293533,0.00047486373971617835,0.0014788604349604039,-39.898129543425235,-104.95460193454815,0.004768563017353508,11.110081351767509,11.110073136436842,0.013510955428627906,-0.00047832017557424835,0.0013082158336996464,7.853598645335124,S,1.0,1.0,1.0,1.7320508075688772,123.17959402592194,117.84948010056249,36.11224489795919,-14.893939393939394,2.853598645335124
1870,-47.638943117531745,-105.11653546897475,0.011084759766838714,11.110009022380668,11.108676154751521,0.17208883239422595,9.16652666783079e-05,0.0015384282031601258,-39.78703173630371,-104.95407685386522,0.004437726637136167,11.11013623468058,11.110132040320917,0.009654004194044028,-0.0005565133547171682,0.001423691258755797,7.853591862344367,S,1.0,1.0,1.0,1.7320508075688772,123.10312074242917,117.77745349983205,36.11224489795919,-14.893939393939394,2.8535918623443672
1880,-47.52785255085379,-105.11530725868128,0.011505204452761831,11.110027888201193,11.108612268648967,0.17735033529682923,1.8051036093519063e-06,0.0015752276096420031,-39.67593337173952,-104.95359405423065,0.004112908645428464,11.110181059510536,11.110179327268241,0.006204115412449675,-0.0005339087587184402,0.001508697132526214,7.85358427444668,S,1.0,1.0,1.0,1.7320508075688772,123.02666833102494,117.70551967928502,36.11224489795919,-14.893939393939394,2.85358427444668
1890,-47.41676263843952,-105.11402440728588,0.011925232288552882,11.110029055589173,11.10852648650995,0.1827153921883746,0.0004498375457987861,0.0015939604143835869,-39.56483451431742,-104.95314820088389,0.0037939878388593335,11.110218375215709,11.110217905322036,0.0032312911327858863,-0.00010433302802319777,0.0015649268283451584,7.853576027528221,S,1.0,1.0,1.0,1.7320508075688772,122.9502291166276,117.63367476749525,36.11224489795919,-14.893939393939394,2.853576027528221
1900,-47.30567334430362,-105.11268893036628,0.012338840374886289,11.110026946090521,11.108450553949625,0.1871497617249756,0.00040370581252950567,0.001580587045666425,-39.45373528142084,-104.9527347507923,0.0034767409711927554,11.110244487357415,11.11024448626339,0.00015591587616702604,0.0004162218390403844,0.001593651010607416,7.8535671311137705,S,1.0,1.0,1.0,1.7320508075688772,122.87380457928926,117.56191552368466,36.11224489795919,-14.893939393939394,2.8535671311137705
1910,-47.19458463841292,-105.11130364141793,0.012744269812231122,11.110022355284652,11.108378698120251,0.19110058627060444,9.834547139928864e-05,0.0015402025489765902,-39.34263581510382,-104.95235575205784,0.0031592125178388137,11.110255641247623,11.110255137704703,-0.003344993403568289,0.000607703295553092,0.0015964610191595205,7.853557458591438,S,1.0,1.0,1.0,1.7320508075688772,122.7973967931095,117.49024376668382,36.11224489795919,-14.893939393939394,2.853557458591438
1920,-47.08349640732939,-105.1098795495412,0.013148325037393934,11.110014378172243,11.108305000343087,0.1948833049462074,-0.0007102157489354203,0.0014717684163602432,-39.23153622016354,-104.95201521178707,0.0028439568667470265,11.11025393517631,11.110251797573499,-0.006891923935518731,0.0005654375272259345,0.0015755167240515526,7.853546964905229,S,1.0,1.0,1.0,1.7320508075688772,122.72101380568704,117.41866279765235,36.11224489795919,-14.893939393939394,2.853546964905229
1930,-46.972408863644844,-105.10841493504931,0.013556707159216603,11.109991116228613,11.108199341918812,0.19952439167474836,-0.0009890159435647977,0.001394809424675608,-39.12043655419909,-104.95171331677034,0.002534163589843182,11.110244169019605,11.110239619440339,-0.010054543864262688,0.000630303840602133,0.0015330281831078157,7.853535798955408,S,1.0,1.0,1.0,1.7320508075688772,122.64465454247544,117.34717296304011,36.11224489795919,-14.893939393939394,2.8535357989554084
1940,-46.86132219969276,-105.1069073389317,0.013970884334240432,11.109953708010588,11.108070111966585,0.20457219208105423,-0.0009720917745328749,0.0013085697295490296,-39.00933686538734,-104.95144757717283,0.0022306667503565465,11.110228444597144,11.110220981201659,-0.012877888101135982,0.0008741430454766566,0.0014711879271083388,7.853524140643708,S,1.0,1.0,1.0,1.7320508075688772,122.5683173677144,117.2757725482988,36.11224489795919,-14.893939393939394,2.8535241406437084
1950,-46.75023668542718,-105.10534615012266,0.014383772917678972,11.109905109576196,11.107925726451112,0.20970836757942327,-0.0004149284956966058,0.00121912628659355,-38.89823721771218,-104.95121404200032,0.0019311725200578617,11.11020647054915,11.110195495351201,-0.015616443579911177,0.0012460145994146017,0.0013925170715113056,7.853512102731551,S,1.0,1.0,1.0,1.7320508075688772,122.49199468980245,117.20445872176421,36.11224489795919,-14.893939393939394,2.8535121027315506
1960,-46.639152228087504,-105.10373351888454,0.01478939756911661,11.109859640041627,11.107800248495545,0.21390385912404417,-0.00035071895182975724,0.0011104807473361106,-38.78713769932338,-104.95101213869478,0.0016333488746064257,11.110176226283304,11.110160682589564,-0.018584566492526933,0.0014614886496668034,0.0012997539519907428,7.853499600807906,S,1.0,1.0,1.0,1.7320508075688772,122.41568805662808,117.13323125743726,36.11224489795919,-14.893939393939394,2.853499600807906
1970,-46.52806873964704,-105.10207236163967,0.015186018151324955,11.10981810133952,11.107686752437289,0.2176080296782107,-0.0005464900342982251,0.0009885922591018497,-38.676038392553814,-104.95084090952815,0.0013351925601296029,11.110138196578012,11.110116988731527,-0.02170814964100191,0.0015910757986527056,0.0011955906591369146,7.853486583918046,S,1.0,1.0,1.0,1.7320508075688772,122.33939958835919,117.06208962824164,36.11224489795919,-14.893939393939394,2.8534865839180457
1980,-46.41698602957953,-105.10037377067295,0.015580445966573516,11.109779527878388,11.1075784759501,0.22113696813458478,-0.0012486995961359234,0.0008518820239195849,-38.56493937738735,-104.95070138550543,0.0010359076813612244,11.110092617535976,11.110064446293165,-0.02501938128591917,0.001533908374201987,0.0010826341878512737,7.85347301842212,S,1.0,1.0,1.0,1.7320508075688772,122.26313737367838,116.99103483472413,36.11224489795919,-14.893939393939394,2.85347301842212
1990,-46.30590426209608,-105.09863609770613,0.015978383141315736,11.109732181185526,11.107443038752047,0.22551780095591836,-0.0014267095171696636,0.0007221253893268979,-38.45384071113849,-104.95059495570028,0.0007361666970374906,11.110041512447449,11.110005289464985,-0.02837034306553259,0.0013572468750832865,0.0009631510579157854,7.853458995118208,S,1.0,1.0,1.0,1.7320508075688772,122.18690035510215,116.92006814072991,36.11224489795919,-14.893939393939394,2.853458995118208
2000,-46.19482358460842,-105.09685694845834,0.01638129508560171,11.109677010935057,11.107289747282536,0.23029927748724466,-0.0013166511423430335,0.0005975946392467167,-38.342742423696116,-104.95052409959702,0.0004385652387564775,11.109987462780493,11.10994245898583,-0.03162247877082952,0.0010795590869008918,0.0008391738128493862,7.853444585671298,S,1.0,1.0,1.0,1.7320508075688772,122.11068690962891,116.849191635694,36.11224489795919,-14.893939393939394,2.8534445856712978
2010,-46.08374424388964,-105.09502577206995,0.016782094853473532,11.10961671635312,11.107127515780236,0.23516362913990188,-0.0006755407225813233,0.000484364080888348,-38.231644505223336,-104.95048920510781,0.0001460047153197087,11.109934199120808,11.109880486512036,-0.03454684085688601,0.0008995554141191815,0.0007122915980360813,7.8534298956031074,S,1.0,1.0,1.0,1.7320508075688772,122.03448944786838,116.77840577557177,36.11224489795919,-14.893939393939394,2.8534298956031074
2020,-45.972666100002925,-105.09314477603954,0.017174802707991123,11.10956497578343,11.106992109434618,0.2390820614579836,-0.0005376642571751696,0.0003633457941766468,-38.120546928829214,-104.9504879533646,-0.0001406823953761699,11.109883784378074,11.109821666144049,-0.03715170067631808,0.000923240962558475,0.0005842189465867067,7.853414954487598,S,1.0,1.0,1.0,1.7320508075688772,121.95830953693006,116.70770891777207,36.11224489795919,-14.893939393939394,2.853414954487598
2030,-45.86158901798296,-105.09121693184558,0.017557674729467176,11.109522266642202,11.106875198320372,0.24250427203383176,-0.0006705711458535732,0.00024024143873414643,-38.009449680580026,-104.95051591450644,-0.0004241884933580409,11.109835728480295,11.109764862577642,-0.03968138168588876,0.0011329191866122708,0.0004570454452665748,7.853399833847174,S,1.0,1.0,1.0,1.7320508075688772,121.88214931698793,116.63709779396518,36.11224489795919,-14.893939393939394,2.853399833847174
2040,-45.75051274318948,-105.08925338600925,0.01793751891497622,11.109487285659153,11.106768946091309,0.24574647172262346,-0.001320895667708006,0.00011198956074006528,-37.89835278725016,-104.9505719655706,-0.0007078331240378973,11.109787194249435,11.109705838149049,-0.04251695315614929,0.001218944199693506,0.0003335276730271234,7.853384525797262,S,1.0,1.0,1.0,1.7320508075688772,121.80601690697188,116.56657170846067,36.11224489795919,-14.893939393939394,2.853384525797262
2050,-45.6394374032169,-105.0872525447529,0.018320035397066472,11.109448313709539,11.10663872875166,0.24983591410649109,-0.0014578152103105098,1.666623667676199e-06,-37.787256282649444,-104.95065579647238,-0.0009942239667038028,11.109737458826672,11.109643683084391,-0.04564689430402208,0.001176547626111334,0.00021551594932307127,7.8533691509973504,S,1.0,1.0,1.0,1.7320508075688772,121.72991126339137,116.49613059646673,36.11224489795919,-14.893939393939394,2.8533691509973504
2060,-45.528363275936435,-105.08520337525728,0.018700008851970283,11.109405796259692,11.106495200409267,0.2542862742153895,-0.0009346106580861656,-8.655929468725845e-05,-37.67616020233628,-104.9507682651681,-0.00128489860550222,11.109686435536316,11.109578172179367,-0.04904622488425714,0.0009758469730164875,0.00010458353586824522,7.853353799994017,S,1.0,1.0,1.0,1.7320508075688772,121.65382444276597,116.42577529734162,36.11224489795919,-14.893939393939394,2.853353799994017
2070,-45.41729023784663,-105.0831074051092,0.019071882756992387,11.109372143114575,11.106378096217332,0.25790501754321676,-0.0008286102432680766,-0.00017525284819203956,-37.56506457700635,-104.95091450515592,-0.0015773819064811233,11.109635063762463,11.109510499003429,-0.052609148567290015,0.00048800898487818845,2.119091075524453e-06,7.85333832147556,S,1.0,1.0,1.0,1.7320508075688772,121.57775752993477,116.35550995828312,36.11224489795919,-14.893939393939394,2.85333832147556
2080,-45.306218159413476,-105.08096713956468,0.0194337407927268,11.1093478301176,11.106280359051068,0.26104749892520895,-0.0009502016640442023,-0.000260119792899508,-37.453969368766174,-104.95109479744582,-0.0018688178430292348,11.109588256197421,11.109447890749776,-0.05584608271862869,0.00016371997647584105,-9.281123346186525e-05,7.853322729613845,S,1.0,1.0,1.0,1.7320508075688772,121.50171233449733,116.28533493484487,36.11224489795919,-14.893939393939394,2.8533227296138453
2090,-45.19514676537353,-105.07879352801322,0.01979210002024567,11.109331836499027,11.10619479656386,0.26399051920225036,-0.0015751082201948448,-0.0003463335693219613,-37.342874531130605,-104.95130915582384,-0.0021573697345336753,11.10954733693541,11.10939142672862,-0.05885710948820307,-5.111898823583909e-05,-0.00017953565171674208,7.853307042629551,S,1.0,1.0,1.0,1.7320508075688772,121.42569684493789,116.21525037089849,36.11224489795919,-14.893939393939394,2.8533070426295506
2100,-45.08407617146265,-105.07658496817476,0.020152439029467416,11.109313264624587,11.10608615014152,0.26775294059735216,-0.0016871933280873368,-0.00041044811267782513,-37.23178000382041,-104.95155408283414,-0.0024441995526986522,11.10951313027505,11.109341825535395,-0.061694368978126024,-1.3250808032003338e-05,-0.00025806318410925155,7.853291528184728,S,1.0,1.0,1.0,1.7320508075688772,121.34971000367817,116.14525367937468,36.11224489795919,-14.893939393939394,2.8532915281847284
2110,-44.973006659211805,-105.07433051312107,0.02050942263387538,11.109292551848892,11.105965833439557,0.2718527341015248,-0.0011447239158979337,-0.00044916917224410604,-37.12068577373132,-104.95183063069811,-0.002730007619234612,11.10948306478996,11.109294568284078,-0.06471600998810212,-9.208359898665795e-05,-0.0003263198469072299,7.853276355111076,S,1.0,1.0,1.0,1.7320508075688772,121.27374391226768,116.0753458266504,36.11224489795919,-14.893939393939394,2.853276355111076
2120,-44.86193809592484,-105.07203180658323,0.02085745019396387,11.109281215623867,11.105874428286361,0.27510418199001035,-0.0010251913448927853,-0.00048775321984970686,-37.009591888454445,-104.9521647444721,-0.0029948058947423047,11.109457653109695,11.10925180667936,-0.06762870713634091,-0.001280114515912229,-0.000380472658200464,7.853261047141746,S,1.0,1.0,1.0,1.7320508075688772,121.19779974368491,116.00554714454928,36.11224489795919,-14.893939393939394,2.8532610471417463
2130,-44.750870937772824,-105.06966321774213,0.021172895033099912,11.10927929153631,11.105806552027662,0.2777538591936388,0.00010510353731036509,-0.0004948354612634017,-36.89849800381045,-104.95254440972778,-0.0032247333852371625,11.10945774676518,11.109251349957665,-0.06771905658438984,-0.0006990356456040695,-0.00043482524769457856,7.853246303867944,S,1.0,1.0,1.0,1.7320508075688772,121.12185876137204,115.93584828023683,36.11224489795919,-14.893939393939394,2.8532463038679436
2140,-44.63980422699654,-105.06724989198376,0.02144808504318708,11.10931211039714,11.105854718611315,0.2771399201041179,-0.0012217468366445207,-0.0005520705835826679,-36.78740390285088,-104.95295602396544,-0.0034205368176587945,11.10947568437916,11.109275861340441,-0.06663196267838521,0.000741470720146842,-0.0004845542064972847,7.853232069594619,S,1.0,1.0,1.0,1.7320508075688772,121.04593906470379,115.86623870502035,36.11224489795919,-14.893939393939394,2.853232069594619
2150,-44.528737784352856,-105.06479492344255,0.021682536436998103,11.109360081278904,11.105927490407124,0.2761448774331009,-0.0024581114301865264,-0.000599393272797055,-36.676309511070286,-104.95339201081866,-0.0035871924600211513,11.109501856111617,11.109309092219751,-0.06544451444556265,0.002300308998531952,-0.0005251343942649118,7.853218473720731,S,1.0,1.0,1.0,1.7320508075688772,120.97004288207671,115.79671264162971,36.11224489795919,-14.893939393939394,2.853218473720731
2160,-44.417671307285026,-105.06230873194079,0.021878314210114193,11.109418087161627,11.10602817692857,0.27442370273461186,-0.004174395523452002,-0.0006492133461330362,-36.56521481539633,-104.95384519417748,-0.003730909476756932,11.109529991660176,11.10934365575847,-0.06434418276711006,0.003852846872410914,-0.0005552500560890058,7.853205542708598,S,1.0,1.0,1.0,1.7320508075688772,120.89417782961215,115.72726464897617,36.11224489795919,-14.893939393939394,2.853205542708598
2170,-44.30660465871449,-105.05979888649854,0.022039817005995683,11.10947690234488,11.106134015401764,0.27251472560263584,-0.0058771511020043726,-0.0006892455959603918,-36.45411986726472,-104.95431408240856,-0.003855451127239596,11.10955554230345,11.10937382385528,-0.0635420283308363,0.004997660718078797,-0.0005727712848786869,7.8531932641342665,S,1.0,1.0,1.0,1.7320508075688772,120.8183495254377,115.65789373954114,36.11224489795919,-14.893939393939394,2.8531932641342665
2180,-44.1955376151954,-105.05727933823069,0.022177762985948035,11.109530725701916,11.106234275216785,0.2706162768845282,-0.0077373064073455716,-0.0007233023639259635,-36.3430247034316,-104.95479463259399,-0.003964104617026482,11.109577928715908,11.109400742215756,-0.06274474533892387,0.005970447109745976,-0.0005792843520958052,7.8531816574116355,S,1.0,1.0,1.0,1.7320508075688772,120.74256830997912,115.58859692602954,36.11224489795919,-14.893939393939394,2.8531816574116355
2190,-44.08447031639658,-105.05475066693911,0.022300186078373974,11.109573770133764,11.10630166677782,0.2696157276056671,-0.008738207313935561,-0.0007279998012333625,-36.23192936939861,-104.95528500820721,-0.004059572574362256,11.109596992363171,11.109423541594547,-0.06207983722342775,0.006598078458998362,-0.0005747799839221986,7.853170871791015,S,1.0,1.0,1.0,1.7320508075688772,120.66683479969944,115.51937293925393,36.11224489795919,-14.893939393939394,2.853170871791015
2200,-43.9734028859283,-105.05221261277337,0.022410040997810413,11.10960746110061,11.106351113257992,0.2689663339069275,-0.009159202370001061,-0.0007109299212647951,-36.120833909416305,-104.9557869197601,-0.004141152324410888,11.109613839279007,11.109443882450307,-0.061451449023321,0.006791752632456084,-0.0005598896382821345,7.85316098428854,S,1.0,1.0,1.0,1.7320508075688772,120.59114897357433,115.45022327287504,36.11224489795919,-14.893939393939394,2.8531609842885404
2210,-43.86233558942045,-105.04965679938792,0.022501372821226537,11.109634770888709,11.106394438278897,0.2683045357555304,-0.008801473580088775,-0.0006689980680389878,-36.00973832085089,-104.95629733130288,-0.00420850321927543,11.109630479043387,11.109465891547739,-0.060473014041256413,0.006962701113145404,-0.0005377937938651427,7.8531522239561316,S,1.0,1.0,1.0,1.7320508075688772,120.51550483246318,115.38114568963208,36.11224489795919,-14.893939393939394,2.8531522239561316
2220,-43.751268337675164,-105.04708761590766,0.022569224349905784,11.109660764176297,11.106461718201531,0.2665903171575332,-0.008736515757355009,-0.0006288452433850892,-35.89864260113669,-104.9568145011256,-0.0042618796452065875,11.109647583183847,11.109489120345856,-0.05933723501959258,0.006971940116875051,-0.0005089421876519033,7.853144605404819,S,1.0,1.0,1.0,1.7320508075688772,120.43990568192305,115.31213895761393,36.11224489795919,-14.893939393939394,2.853144605404819
2230,-43.640201024795175,-105.04451013747449,0.022612839415748535,11.109686462808417,11.106542646946519,0.26427965011864607,-0.008762563774159151,-0.0005870747190212793,-35.78754672783391,-104.95733340751889,-0.004303947201097793,11.109665583452145,11.109513932762114,-0.058047858750742275,0.007009535458137353,-0.00047526346249660657,7.853138180996813,S,1.0,1.0,1.0,1.7320508075688772,120.36435533847629,115.243199266064,36.11224489795919,-14.893939393939394,2.8531381809968126
2240,-43.52913336743275,-105.04193747579518,0.02263998564139387,11.109711782459835,11.106629020321757,0.26170153662797974,-0.009153412255975909,-0.0005510025221453123,-35.67645069739341,-104.95785249296465,-0.004337573303536791,11.10968420443019,11.109538238886975,-0.0569494589415959,0.006795283210066015,-0.000436369792491391,7.853132839871851,S,1.0,1.0,1.0,1.7320508075688772,120.28886353348558,115.17432551567633,36.11224489795919,-14.893939393939394,2.8531328398718507
2250,-43.41806538989065,-105.0393698264899,0.022657268422322935,11.109735806028086,11.10669543840802,0.2598963604766899,-0.008903960379204648,-0.0004983402450762878,-35.56535450960612,-104.9583714006699,-0.004364204606575865,11.109703348645857,11.10956230621957,-0.055980881899955856,0.006359693444604517,-0.00039331659945849624,7.853128606760774,S,1.0,1.0,1.0,1.7320508075688772,120.21343054064914,115.1055175459734,36.11224489795919,-14.893939393939394,2.853128606760774
2260,-43.30699712920854,-105.03680646248418,0.02266699120243722,11.109758461920794,11.10675244062181,0.25842466012780596,-0.00827528681403843,-0.000435998966764168,-35.45425816241711,-104.95888975383362,-0.004384392408400544,11.109722953093145,11.109586649164143,-0.055032528549129496,0.0057880851767717805,-0.0003473905174191125,7.853125511161237,S,1.0,1.0,1.0,1.7320508075688772,120.13805595025741,115.03677517916199,36.11224489795919,-14.893939393939394,2.8531255111612372
2270,-43.195928804847306,-105.03423832884319,0.022662829261083182,11.109779966494829,11.106807504383832,0.2569785292448258,-0.007048643154983145,-0.0003599603946354779,-35.343161652881676,-104.9594070261673,-0.004398401800526408,11.109742898953519,11.109611377744677,-0.05405845293886926,0.0051417052208767335,-0.0002997171579719835,7.853123688498135,S,1.0,1.0,1.0,1.7320508075688772,120.06273321954797,114.96809811925152,36.11224489795919,-14.893939393939394,2.853123688498135
2280,-43.08486034679592,-105.0316689774136,0.022639498488029108,11.109800226579232,11.106883968639108,0.25453797690619745,-0.006281541354886556,-0.0002950821762619855,-35.23206497850327,-104.95992259928167,-0.004406486780095473,11.10976300280381,11.109636332430501,-0.05305223471715226,0.004462842231478988,-0.0002512735116104551,7.853123113707922,S,1.0,1.0,1.0,1.7320508075688772,119.98746506869932,114.89948599751739,36.11224489795919,-14.893939393939394,2.8531231137079223
2290,-42.973791678913216,-105.02910258098471,0.022595883777900658,11.10981888751801,11.106970472514748,0.2515604025625706,-0.005762998131465232,-0.0002370613364362118,-35.120968144984694,-104.96043738047085,-0.004407789318718799,11.109783034162822,11.10966125328505,-0.052018298981414995,0.003712388635006834,-0.00020262101963588715,7.8531237329347645,S,1.0,1.0,1.0,1.7320508075688772,119.91225468730745,114.83093964598262,36.11224489795919,-14.893939393939394,2.8531237329347645
2300,-42.86272254994722,-105.02655135995046,0.02253936465622038,11.109835452558592,11.107058861559937,0.2483691381203371,-0.005758947162532481,-0.000192274211624219,-35.00987114718282,-104.96094944752318,-0.004402368609628199,11.10980272728348,11.1096865179185,-0.0508144933595813,0.003108668368233636,-0.00015537784378909938,7.853125413796276,S,1.0,1.0,1.0,1.7320508075688772,119.83711121023153,114.7624576711871,36.11224489795919,-14.893939393939394,2.853125413796276
2310,-42.75165298306847,-105.02401467544209,0.022476153905638206,11.109851208687656,11.107127403225677,0.24599741399411418,-0.005255344190135421,-0.0001386802371303781,-34.898773982349525,-104.96145686358194,-0.004391752500330536,11.109821823609083,11.109711000933743,-0.04962285836605804,0.00258185666153931,-0.00010979182964550031,7.853128171611442,S,1.0,1.0,1.0,1.7320508075688772,119.76203429818024,114.69403866620064,36.11224489795919,-14.893939393939394,2.8531281716114423
2320,-42.6405830207013,-105.02149104464952,0.022408179977660606,11.109865896815373,11.107186173859237,0.24399906649711026,-0.0045021031970798415,-8.247534684034137e-05,-34.78767665055922,-104.96195800746884,-0.004378334045127364,11.109840110964347,11.109733887093673,-0.04858239552369804,0.0020840998713814443,-6.616676925550903e-05,7.853132027461019,S,1.0,1.0,1.0,1.7320508075688772,119.68702298803147,114.62568147039804,36.11224489795919,-14.893939393939394,2.853132027461019
2330,-42.529512696558406,-105.01897943892091,0.022335455868812675,11.109879333417974,11.107241270805964,0.24209534322760384,-0.0036496366658614536,-2.745085715265558e-05,-34.67657916921405,-104.96245510752685,-0.004362367801628218,11.109857447042645,11.109754695825037,-0.047781714100989386,0.0014256504710228653,-2.4188785248542052e-05,7.85313695187653,S,1.0,1.0,1.0,1.7320508075688772,119.61207665058069,114.55738795757328,36.11224489795919,-14.893939393939394,2.8531369518765297
2340,-42.4184420310033,-105.01647949746554,0.02225753236077964,11.109891353674072,11.107295093697191,0.24016992312162003,-0.002801956510720611,2.3791768007658347e-05,-34.56548154788031,-104.96294817927695,-0.0043434207039262695,11.109873590923078,11.109774447996196,-0.04693528460405713,0.000855896767575129,1.4660315429504855e-05,7.85314293461658,S,1.0,1.0,1.0,1.7320508075688772,119.53719514965374,114.48915826018695,36.11224489795919,-14.893939393939394,2.8531429346165798
2350,-42.307371228233535,-105.01398263323804,0.022167415039157697,11.109901825865629,11.107348755598066,0.23816423301271689,-0.0016343433673316457,7.806008169656468e-05,-34.454383799958485,-104.96343790974436,-0.0043207870924410405,11.109888413630843,11.109792892337898,-0.04607008451452789,0.00032667071557232095,5.0264068226132994e-05,7.853150088831808,S,1.0,1.0,1.0,1.7320508075688772,119.46237226353948,114.4209930418294,36.11224489795919,-14.893939393939394,2.853150088831808
2360,-42.19630025293149,-105.01149250035964,0.02205990596790346,11.109908178824856,11.107418623055775,0.23518349030746366,-0.0011106841372250968,0.00011460190652674867,-34.343285932003035,-104.96392305750068,-0.004294711573291365,11.109901750788175,11.109810093012724,-0.04512880852377999,-3.9143870249586804e-05,8.187771486882806e-05,7.853158394977232,S,1.0,1.0,1.0,1.7320508075688772,119.38761083771448,114.35289144436162,36.11224489795919,-14.893939393939394,2.853158394977232
2370,-42.08522906311171,-105.00901302973232,0.02193406476780321,11.10991032517301,11.107493472554838,0.23172438485735844,-0.0009538783343440197,0.00013964808960362305,-34.2321879638661,-104.96440555000314,-0.004264173226471101,11.109913582936697,11.10982548550994,-0.04424366434998658,-0.00044693616327200127,0.00011015602295071122,7.8531677897322725,S,1.0,1.0,1.0,1.7320508075688772,119.31291392920023,114.28485511310092,36.11224489795919,-14.893939393939394,2.8531677897322725
2380,-41.97415744173101,-105.00655602534971,0.021797308743205217,11.10990845126995,11.107566500046513,0.2281057707379015,-0.0013879655504836555,0.00014853424236571766,-34.12108989396778,-104.9648815980463,-0.004230614567769408,11.109923662423963,11.109839677500252,-0.04319867045350576,-0.0005349954657074284,0.00013354378990178663,7.853178125295712,S,1.0,1.0,1.0,1.7320508075688772,119.23829043774279,114.21688117581598,36.11224489795919,-14.893939393939394,2.8531781252957122
2390,-41.863085400982605,-105.00412041064806,0.021655743091316085,11.109906609030636,11.107621080475027,0.22534150520791035,-0.0013723181670242956,0.00016289715546777077,-34.00999173168071,-104.9653509446287,-0.004196232471787608,11.109932262553665,11.109851322256631,-0.042408441180928375,-0.0006678013810108536,0.00015345164369290408,7.8531893680418134,S,1.0,1.0,1.0,1.7320508075688772,119.1637396949805,114.14896954715297,36.11224489795919,-14.893939393939394,2.8531893680418134
2400,-41.752012974140214,-105.00170433300676,0.021511101918390837,11.109904823691478,11.107667243062664,0.22296548808242644,-0.001137923947823426,0.00017772304344780657,-33.89889349266211,-104.96581496682268,-0.004161601703544318,11.109939437088604,11.109860715565713,-0.041823157536903875,-0.0008737045356283814,0.0001699518869949213,7.853201489645864,S,1.0,1.0,1.0,1.7320508075688772,119.08926045738554,114.0811214354404,36.11224489795919,-14.893939393939394,2.8532014896458637
2410,-41.64094018962061,-104.99930649487442,0.021363174804616844,11.109902733883848,11.107710724307738,0.22068353236856345,-0.000819494841304224,0.00019030861744285835,-33.78779519333231,-104.96627493500385,-0.004126024013954638,11.109945119859203,11.109868450113922,-0.04127453750913381,-0.001077699156625012,0.00018278836930948894,7.853214463942485,S,1.0,1.0,1.0,1.7320508075688772,119.01485189528955,114.01333796791612,36.11224489795919,-14.893939393939394,2.853214463942485
2420,-41.5298670656197,-104.9969263674316,0.02121129550623444,11.109899883946415,11.107753624016757,0.2183686320311594,-0.0005067912600411396,0.00019905644515030052,-33.67669685199998,-104.96673229819962,-0.004087821493463816,11.109949235790545,11.109874846477506,-0.04065608748145667,-0.0012527284604110034,0.00019196742873380098,7.853228258869137,S,1.0,1.0,1.0,1.7320508075688772,118.94051375250666,113.9456204167275,36.11224489795919,-14.893939393939394,2.8532282588691373
2430,-41.41879361275724,-104.99456397823097,0.02105495662677575,11.109895908944145,11.107796151071845,0.21599021692503234,-0.0002445095962009989,0.00020338097502091437,-33.56559847799458,-104.96718584938469,-0.004046397935972005,11.109951654542959,11.109880156266213,-0.039858244869380284,-0.0012413619459838558,0.0001970634203042058,7.853242857991793,S,1.0,1.0,1.0,1.7320508075688772,118.86624618885565,113.87796795055368,36.11224489795919,-14.893939393939394,2.853242857991793
2440,-41.307719837811135,-104.9922196403925,0.020893934624131576,11.109890609747683,11.107837880374127,0.2135579169344519,-4.643552384843227e-05,0.00020335309191563217,-33.45450008327819,-104.96763549392618,-0.004001611906386266,11.109952520386097,11.109883936549702,-0.0390374388026867,-0.0011815482618515829,0.00019880055988658364,7.853258234213615,S,1.0,1.0,1.0,1.7320508075688772,118.79204957848114,113.81038061792647,36.11224489795919,-14.893939393939394,2.853258234213615
2450,-41.19664574608591,-104.98989376318076,0.020728220243676324,11.109883947937218,11.107878396936659,0.21108968591802793,8.96228823086992e-05,0.000199364625870024,-33.343401674187966,-104.96807979579128,-0.003954189943818509,11.109951894514552,11.109886295450034,-0.03817853584140731,-0.0010090079246731244,0.00019715830950623768,7.853274368183855,S,1.0,1.0,1.0,1.7320508075688772,118.71792436829979,113.74285740163002,36.11224489795919,-14.893939393939394,2.853274368183855
2460,-41.08557134228962,-104.98758675866269,0.02055791498349229,11.10987600368799,11.10791750766454,0.20859880211020917,0.00017170084323215475,0.00019191476544011264,-33.23230325785518,-104.96851825927784,-0.003905171893051803,11.109950042659914,11.10988707498601,-0.037404965683892455,-0.0008361406642872146,0.00019277945836151836,7.853291234486683,S,1.0,1.0,1.0,1.7320508075688772,118.64387100791316,113.67539802746298,36.11224489795919,-14.893939393939394,2.853291234486683
2470,-40.974496808219335,-104.98529031839422,0.020376473326091136,11.10986695523062,11.107955914279659,0.20605622859993578,0.0005910451235200368,0.00018909468643667682,-33.12120484603903,-104.96895201444501,-0.003854386239611152,11.109947163490286,11.10988649865936,-0.036714608159590545,-0.0007387444926723302,0.0001861886595694967,7.85330895759372,S,1.0,1.0,1.0,1.7320508075688772,118.56988343701933,113.60800351224809,36.11224489795919,-14.893939393939394,2.85330895759372
2480,-40.863422142836185,-104.98300813836474,0.020178880128050254,11.109852133717323,11.108005522880969,0.2025530466551153,0.00041683398436484454,0.00017364881782165733,-33.01010644855213,-104.96938134916437,-0.0038010558346315425,11.109943229486142,11.109885050627845,-0.03595447456022435,-0.0006189952645285915,0.0001773250921859086,7.853327516630908,S,1.0,1.0,1.0,1.7320508075688772,118.49596458788454,113.54067420576496,36.11224489795919,-14.893939393939394,2.853327516630908
2490,-40.7523473281997,-104.98074414144374,0.019964165901580448,11.109832109827304,11.108057553558783,0.19856206932704995,-5.9745176512007855e-05,0.00015171988413262126,-32.8990080734569,-104.96980607737304,-0.003744536482307182,11.109938278347034,11.109882844310281,-0.03509607358068622,-0.0004603145761737162,0.00016643699707255682,7.853346871960375,S,1.0,1.0,1.0,1.7320508075688772,118.42211756132659,113.4734100812014,36.11224489795919,-14.893939393939394,2.853346871960375
2500,-40.64127217560258,-104.97851016557732,0.019739604897606348,11.109807970703464,11.108107332736509,0.19438269036006522,-0.0010573884310403395,0.00011929340994698858,-32.78790972336067,-104.97022469542054,-0.0036852745429617295,11.109932393857248,11.109879897556175,-0.03415344720304128,-0.00021917724455858658,0.00015367538878767893,7.85336682291734,S,1.0,1.0,1.0,1.7320508075688772,118.3483513796106,113.4062100616876,36.11224489795919,-14.893939393939394,2.85336682291734
2510,-40.53019665930673,-104.97630523547875,0.019511124508629893,11.109786912542107,11.10814465263228,0.19101732457758294,-0.0015334518689208785,9.536445958357597e-05,-32.67681140175885,-104.97063688918938,-0.003623889987918241,11.109925894429466,11.109876120360028,-0.033256126779893806,-1.4981001963095035e-05,0.00013972489660095646,7.853387303171805,S,1.0,1.0,1.0,1.7320508075688772,118.27466543375999,113.33907401358347,36.11224489795919,-14.893939393939394,2.8533873031718047
2520,-40.4191207767729,-104.97412765801239,0.01928028607261769,11.109769086837247,11.10817839198465,0.18799461345970064,-0.001718242374525099,7.570637562734346e-05,-32.565713110475315,-104.97104218029659,-0.003560935119039169,11.109918940701366,11.10987175212017,-0.03238086467721485,0.00017183108627404146,0.00012480161616188414,7.853408272414876,S,1.0,1.0,1.0,1.7320508075688772,118.20105858125973,113.27200167116432,36.11224489795919,-14.893939393939394,2.8534082724148764
2530,-40.308044528394106,-104.97197633368978,0.01904672632925218,11.109753726559521,11.108212988293811,0.1850191111854564,-0.0017467329116215603,5.815872934082428e-05,-32.45461485523412,-104.97144165477081,-0.0034958651919536014,11.109911726144396,11.109866973939718,-0.031533856159314366,0.00026170170548777126,0.00010944707559154211,7.85342969136105,S,1.0,1.0,1.0,1.7320508075688772,118.12753013132307,113.2049940151236,36.11224489795919,-14.893939393939394,2.8534296913610504
2540,-40.1969679122578,-104.96985095176207,0.01880964711726526,11.109739852196906,11.108249567115442,0.18196466187623517,-0.001710093854599443,4.149149938222016e-05,-32.343516637318935,-104.97183445117183,-0.003428403312783319,11.109904132646848,11.109862073733305,-0.030570234310726762,0.00040601944447219926,9.347284564098074e-05,7.853451525419174,S,1.0,1.0,1.0,1.7320508075688772,118.05407999170413,113.13805047514582,36.11224489795919,-14.893939393939394,2.8534515254191737
2550,-40.08589092486339,-104.9677517640174,0.018568426006922087,11.10972665819414,11.108287720005503,0.1788025429474247,-0.0016557623110572954,2.5274700402293898e-05,-32.232418455791375,-104.9722196854824,-0.0033590053451607155,11.10989635675261,11.109856984109324,-0.029577870480801235,0.0005556663849798377,7.728615201984362e-05,7.853473739995209,S,1.0,1.0,1.0,1.7320508075688772,117.9807084982682,113.07117046011012,36.11224489795919,-14.893939393939394,2.8534737399952093
2560,-39.974813562626764,-104.96567930469637,0.01832273685381108,11.109713650323743,11.108326671688092,0.1755447158209274,-0.001601589734223161,9.547865990028285e-06,-32.1213203091767,-104.97259699091373,-0.003288207692897464,11.109888626039412,11.109851776394441,-0.028614498862978153,0.0006662925031527598,6.125021869415342e-05,7.853496300143537,S,1.0,1.0,1.0,1.7320508075688772,117.90741620328924,113.00435378935366,36.11224489795919,-14.893939393939394,2.8534963001435374
2570,-39.86373582253498,-104.9636341950498,0.018072476992428234,11.109700624370518,11.108365814642628,0.17221176271582397,-0.0015506020128817116,-5.468386939658172e-06,-32.010222192555126,-104.97296526253785,-0.0032170796735102453,11.109881081631169,11.109846601382756,-0.027679265347928014,0.0007762886918962102,4.5460911064267846e-05,7.853519173281477,S,1.0,1.0,1.0,1.7320508075688772,117.83420372712703,112.93759969086396,36.11224489795919,-14.893939393939394,2.8535191732814766
2580,-39.75265770202142,-104.96161704604148,0.01781766178540086,11.109687578279948,11.108404833888956,0.16881982531758113,-0.0015008679338425017,-1.9540749957661533e-05,-31.899124102466615,-104.97332486383,-0.0031462840290404095,11.109874026324611,11.109841566136664,-0.02685621239624641,0.0007850172585810043,3.0388342104886054e-05,7.853542326385825,S,1.0,1.0,1.0,1.7320508075688772,117.76107168392922,112.87090856347892,36.11224489795919,-14.893939393939394,2.853542326385825
2590,-39.64157919856566,-104.95962842772605,0.017558347634422433,11.10967461742489,11.10844364372908,0.1653781096453544,-0.0014503164057442165,-3.2489645001552934e-05,-31.78802603599034,-104.97367612758138,-0.0030759120263998793,11.109867470074263,11.109836876187439,-0.02607272751446035,0.0007382575971294476,1.608880412619504e-05,7.8535657261697365,S,1.0,1.0,1.0,1.7320508075688772,117.68802065791569,112.80428078271676,36.11224489795919,-14.893939393939394,2.8535657261697365
2600,-39.53050030939048,-104.95766887104234,0.017294591897953997,11.109661881235699,11.10848227957954,0.1618905792467643,-0.0013982241429590081,-4.419740930422411e-05,-31.67692799363474,-104.9740203233022,-0.0030050318709379164,11.109861395653118,11.109832616412303,-0.025287663490455303,0.0006147629639109903,2.79624771783538e-06,7.853589337926704,S,1.0,1.0,1.0,1.7320508075688772,117.61505120446449,112.73771747541709,36.11224489795919,-14.893939393939394,2.853589337926704
2610,-39.41942103138563,-104.95573887943925,0.017026438925394505,11.109649498272853,11.108520810979725,0.15835834838943585,-0.0013451124330833668,-5.4594297397269056e-05,-31.565829974449613,-104.97435710635574,-0.0029328996285129566,11.109855554167634,11.109828809868734,-0.024377241026708088,0.0005472257446002665,-9.670248991063792e-06,7.853613125686732,S,1.0,1.0,1.0,1.7320508075688772,117.54216385888314,112.67121847960456,36.11224489795919,-14.893939393939394,2.8536131256867323
2620,-39.30834136122199,-104.95383893970387,0.016753919406680848,11.109637565660298,11.108559292217302,0.15478143177752537,-0.0012921789179943213,-6.36424118053881e-05,-31.454731976468008,-104.97468603866277,-0.002859331310532071,11.109849988899944,11.109825341547255,-0.02340205492043841,0.0005087696688956054,-2.1118029736294322e-05,7.853637053609675,S,1.0,1.0,1.0,1.7320508075688772,117.4693591447224,112.60478355745026,36.11224489795919,-14.893939393939394,2.853637053609675
2630,-39.19726129556151,-104.95196952899208,0.016477054247750204,11.109626144873388,11.108597743905277,0.15115966048167,-0.0012407899167379975,-7.132490866402033e-05,-31.34363399699444,-104.97500676171357,-0.002784391442720104,11.109844782716099,11.109822199438351,-0.022400734606683164,0.0004837885365025897,-3.142195376132134e-05,7.85366108632715,S,1.0,1.0,1.0,1.7320508075688772,117.39663757926796,112.53841253371277,36.11224489795919,-14.893939393939394,2.8536610863271497
2640,-39.086180831277936,-104.95013111852468,0.01619585859627415,11.10961526617131,11.108636152828206,0.14749300466399726,-0.001192178196538904,-7.764085599022566e-05,-31.23253603279911,-104.97531902445239,-0.00270820118653495,11.109840019232449,11.109819427248643,-0.021390345193018453,0.0004620211436772167,-4.050011508592574e-05,7.853685189213948,S,1.0,1.0,1.0,1.7320508075688772,117.3239996764978,112.47210531837852,36.11224489795919,-14.893939393939394,2.853685189213948
2650,-38.97509996563937,-104.94832417530125,0.01591034458560309,11.109604936053703,11.108674479372727,0.14378159312613029,-0.0011473182968289113,-8.260366254827546e-05,-31.121438080269428,-104.97562265530637,-0.0026308586546082294,11.109835764127888,11.109817079963506,-0.020375368616215965,0.0004386989477205726,-4.830757828788763e-05,7.853709328509885,S,1.0,1.0,1.0,1.7320508075688772,117.25144594850231,112.40586188459298,36.11224489795919,-14.893939393939394,2.8537093285098853
2660,-38.86401869643767,-104.94654916294951,0.01562052279312982,11.109595144465654,11.108712666036832,0.14002563110983798,-0.0011069073244244288,-8.624094764025273e-05,-31.01034013700034,-104.97591808572453,-0.0025519926436122203,11.109832059520741,11.109815203905407,-0.01935266976681592,0.0003881679856880687,-5.4769651522773886e-05,7.853733471960361,S,1.0,1.0,1.0,1.7320508075688772,117.17897690621,112.33968268961154,36.11224489795919,-14.893939393939394,2.8537334719603606
2670,-38.752937022070704,-104.94480654233729,0.015326402855319412,11.109585870346093,11.108750644132217,0.13622531734449653,-0.0010713915122482045,-8.85945032444477e-05,-30.899242200287677,-104.97620499114802,-0.002471300307202395,11.109828787784172,11.109813779117777,-0.018261631983068415,0.00037160787907176805,-6.000778310272518e-05,7.853757585785879,S,1.0,1.0,1.0,1.7320508075688772,117.1065930599024,112.2735675849153,36.11224489795919,-14.893939393939394,2.8537575857858792
2680,-38.641854941591994,-104.9430967721877,0.015027993663723392,11.109577085293884,11.10878833805385,0.1323807931904095,-0.0010410043257076242,-8.971977491107625e-05,-30.788144270124043,-104.97648433420687,-0.0023877262345365414,11.109825970763978,11.109812770802238,-0.017125956360769364,0.0003149438125438064,-6.387868684764969e-05,7.853781639466885,S,1.0,1.0,1.0,1.7320508075688772,117.03429491971195,112.20751745652471,36.11224489795919,-14.893939393939394,2.8537816394668853
2690,-38.530772454742,-104.94142030972979,0.014725303411133062,11.109568755708585,11.108825667553138,0.12849212321759731,-0.0010158020982786874,-8.968478127194279e-05,-30.677046345067723,-104.9767547732851,-0.002300968990007291,11.10982329262102,11.109812016822135,-0.01582858613484896,0.0003739215634971486,-6.66965791459067e-05,7.853805595384584,S,1.0,1.0,1.0,1.7320508075688772,116.9620829961372,112.1415313406017,36.11224489795919,-14.893939393939394,2.853805595384584
2700,-38.419689561971346,-104.93977761134123,0.014418339614846669,11.109560843939356,11.108862548747028,0.12455929606501943,-0.00099569425336953,-8.856861093388247e-05,-30.56594842244241,-104.9770157558411,-0.0022112462782899757,11.10982095602003,11.109811487230411,-0.014504931059800458,0.00044022267527249367,-6.832083946879151e-05,7.8538294204887755,S,1.0,1.0,1.0,1.7320508075688772,116.88995780054798,112.07560890442247,36.11224489795919,-14.893939393939394,2.8538294204887755
2710,-38.30860626446172,-104.9381691331335,0.01410710915646121,11.109553308918809,11.10889889450468,0.12058223493340794,-0.0009804693640460323,-8.645967907814016e-05,-30.454850492328628,-104.97726360695327,-0.002121256694919963,11.109819007325918,11.109811191487315,-0.013178203345509305,0.000650545511538857,-6.909340006020747e-05,7.853853073886546,S,1.0,1.0,1.0,1.7320508075688772,116.81791984564686,112.00974729891435,36.11224489795919,-14.893939393939394,2.8538530738865457
2720,-38.19752256414651,-104.93659533144859,0.013791618338014443,11.109546106620686,11.10893461464625,0.11656081093234431,-0.0009698188128870386,-8.34538913978e-05,-30.343752540052574,-104.97749803555841,-0.002033980850189303,11.109818375875932,11.109811685169605,-0.012192826555645029,0.000699485395812479,-6.86854765046623e-05,7.853876534715832,S,1.0,1.0,1.0,1.7320508075688772,116.7459696458635,111.94394638844496,36.11224489795919,-14.893939393939394,2.853876534715832
2730,-38.08643846373086,-104.93505666325544,0.013471872943425913,11.109539190532011,11.1089696161858,0.1124948560041804,-0.0009633590741314585,-7.965280993945927e-05,-30.23265455377451,-104.97772058290737,-0.001950573956259833,11.109819217409408,11.1098132732133,-0.011492512908815125,0.0005594544687499701,-6.718033378933895e-05,7.853899790188903,S,1.0,1.0,1.0,1.7320508075688772,116.67410771767258,111.87820751407538,36.11224489795919,-14.893939393939394,2.853899790188903
2740,-37.97535396671013,-104.93355358644828,0.013147878295865402,11.109532512212251,11.109003803701452,0.10838417434160456,-0.0009606528104690429,-7.5161871188621e-05,-30.121556529888824,-104.97793451207363,-0.0018694473903703153,11.10982118235261,11.109815840266858,-0.010894916536886439,0.00024402190158687593,-6.465606127280616e-05,7.853922831628808,S,1.0,1.0,1.0,1.7320508075688772,116.60233457983593,111.81253341208057,36.11224489795919,-14.893939393939394,2.8539228316288083
2750,-37.8642690773854,-104.93208656005488,0.012819639306407522,11.109526021946015,11.109037079837321,0.10422855220688047,-0.0009612284975177535,-7.008868136204442e-05,-30.010458469545664,-104.9781399770676,-0.0017889951164261606,11.109823410029238,11.109818806205897,-0.010114114269789556,2.5603214298852093e-05,-6.150649963957437e-05,7.8539456314030165,S,1.0,1.0,1.0,1.7320508075688772,116.53065075357395,111.74692432155936,36.11224489795919,-14.893939393939394,2.8539456314030165
2760,-37.75318380087492,-104.93065604436622,0.012487160513174847,11.109519669456846,11.109069345899734,0.10002776634217996,-0.0009645981526944824,-6.454140095560321e-05,-29.899360374150998,-104.97833667120351,-0.0017086309082449632,11.109825685388975,11.109821848054313,-0.009233862877861551,-0.00012026614604431068,-5.7746833164017974e-05,7.853968160129828,S,1.0,1.0,1.0,1.7320508075688772,116.4590567626743,111.6813801106023,36.11224489795919,-14.893939393939394,2.8539681601298277
2770,-37.642098143120975,-104.92926250099896,0.012150446112219701,11.109513404637976,11.109100502499084,0.0957815911618404,-0.000970272799536068,-5.862722642991975e-05,-29.78826224479655,-104.97852430858356,-0.0016283321014216132,11.109827967066561,11.109824846502812,-0.008326934795537144,-0.0002176089585977162,-5.343408626607417e-05,7.853990389827069,S,1.0,1.0,1.0,1.7320508075688772,116.3875531335458,111.61590066346344,36.11224489795919,-14.893939393939394,2.853990389827069
2780,-37.53101211089192,-104.92790639290202,0.011809499982025372,11.109507178262588,11.109130450196481,0.09148980481613082,-0.000977775464604939,-5.245097791507097e-05,-29.677164082786526,-104.97870316714645,-0.0015479496827071368,11.109830282432295,11.109827798251926,-0.007429511316249372,-0.00030456934351115754,-4.8630485849989675e-05,7.854012296963168,S,1.0,1.0,1.0,1.7320508075688772,116.31614039522627,111.55048631947035,36.11224489795919,-14.893939393939394,2.854012296963168
2790,-37.419925711779506,-104.92658818431781,0.011464325703424228,11.109500942644825,11.109159090123645,0.08715219417463226,-0.0009866516598683367,-4.611380302636442e-05,-29.566065889479013,-104.97887308128698,-0.0014674192996666025,11.109832568858408,11.109830660647129,-0.00651151380335448,-0.0003481981088223698,-4.3479864783867835e-05,7.854033856484004,S,1.0,1.0,1.0,1.7320508075688772,116.2448190793523,111.48513706026078,36.11224489795919,-14.893939393939394,2.854033856484004
2800,-37.30883895419182,-104.92530834070816,0.011114926576323486,11.109494652232364,11.109186324554104,0.08276855876216203,-0.0009964774404979068,-3.9712007223218336e-05,-29.45496766558063,-104.97903395697585,-0.0013868224590117182,11.109834869697812,11.109833459808728,-0.005597076721967061,-0.00036791077988780445,-3.807483522796392e-05,7.85405504563818,S,1.0,1.0,1.0,1.7320508075688772,116.17358972009856,111.41985292479808,36.11224489795919,-14.893939393939394,2.85405504563818
2810,-37.19775184734221,-104.92406732865368,0.01076130563425847,11.109488264123826,11.109212057416187,0.07833871369777057,-0.001006865232691148,-3.3336021561480114e-05,-29.34386941241676,-104.97918653236673,-0.0013056847194464361,11.109837216686033,11.109836225472957,-0.004693019378041191,-0.0004066121698753526,-3.248022792141174e-05,7.854075848134427,S,1.0,1.0,1.0,1.7320508075688772,116.10245285409401,111.35463462561643,36.11224489795919,-14.893939393939394,2.8540758481344266
2820,-37.0866644012348,-104.92286561573496,0.010403465657489753,11.109481738502698,11.109236194736418,0.0738624917210868,-0.001017467690127399,-2.7069515708791014e-05,-29.232771133775273,-104.97933173322822,-0.0012227309814480175,11.109839431555042,11.109838809865039,-0.003716685596167526,-0.0004399962376556243,-2.6793881930180018e-05,7.854096248396172,S,1.0,1.0,1.0,1.7320508075688772,116.03140902032146,111.28948303011938,36.11224489795919,-14.893939393939394,2.8540962483961723
2830,-36.97557662664701,-104.92170367040248,0.010041409185148559,11.1094750389928,11.109258645015363,0.06933974441474662,-0.0010279798727060698,-2.0988663364379516e-05,-29.121672833878108,-104.97946805461223,-0.0011378275680219887,11.109841227586934,11.10984092648058,-0.0025865976687479294,-0.00033259069414771854,-2.1184738235817687e-05,7.854116214454234,S,1.0,1.0,1.0,1.7320508075688772,115.96045876000618,111.22439703912546,36.11224489795919,-14.893939393939394,2.8541162144542342
2840,-36.86448853510976,-104.92058196184105,0.009675138526816562,11.109468132933621,11.109279319531366,0.06477034275305493,-0.0010381400518666734,-1.516156273792526e-05,-29.010574511172898,-104.97959243367897,-0.0010534403151463143,11.109842873749514,11.109842774898087,-0.0014820417030532893,-0.0001053057869056549,-1.575702415359773e-05,7.854135708731968,S,1.0,1.0,1.0,1.7320508075688772,115.88960261649846,111.15937428481132,36.11224489795919,-14.893939393939394,2.8541357087319676
2850,-36.753400138885695,-104.91950095983361,0.009304655773826694,11.109460991580063,11.109298132574144,0.06015417710947391,-0.0010477294347863405,-9.647812491380562e-06,-28.899476157968387,-104.97970517761743,-0.0009718325323707718,11.109845122579232,11.109845101364336,-0.000686577328194402,-2.9888128801147803e-05,-1.050315768013835e-05,7.854154725103583,S,1.0,1.0,1.0,1.7320508075688772,115.8188411351542,111.0944151228379,36.11224489795919,-14.893939393939394,2.854154725103583
2860,-36.642311450946174,-104.91846113462782,0.008929962810490646,11.109453590229572,11.10931500160907,0.05549115684850167,-0.0010565710740585619,-4.498240316252183e-06,-28.78837776843396,-104.97980764089539,-0.0008936577711680381,11.109847992964754,11.109847992532652,-9.798570608693358e-05,-8.789063585374268e-05,-5.5214341781867406e-06,7.854173265413177,S,1.0,1.0,1.0,1.7320508075688772,115.74817486321643,111.02952076044217,36.11224489795919,-14.893939393939394,2.854173265413177
2870,-36.53122248494742,-104.91746295680834,0.00855106132544961,11.109445908280831,11.109329847374568,0.05078120961792655,-0.0010645281887193983,2.4522168486529e-07,-28.67727934176088,-104.97990255504669,-0.000817383385993512,11.10985121024291,11.109851201949049,0.0004292868090779425,-0.0002763381196421953,-8.36730209297022e-07,7.854191339650127,S,1.0,1.0,1.0,1.7320508075688772,115.67760434970045,110.96469352849877,36.11224489795919,-14.893939393939394,2.854191339650127
2880,-36.42013318307726,-104.91651559245766,0.00817463317673836,11.109437876242962,11.109342395219619,0.04605943853073512,-0.0014539867760809595,1.7808061956900069e-06,-28.566180882467172,-104.97998920373882,-0.0007421573937126468,11.109854116652848,11.109854059604812,0.001125873299569466,-0.0003365412607088509,3.4691116854126637e-06,7.854208785077437,S,1.0,1.0,1.0,1.7320508075688772,115.60713687099272,110.89993296556939,36.11224489795919,-14.893939393939394,2.8542087850774367
2890,-36.309043454622426,-104.9156161824582,0.007805826944328704,11.109439552808805,11.109359267212923,0.042235642566913936,-0.0012862942784732118,4.9830398824300226e-06,-28.45508239263438,-104.98006614279883,-0.000668991760244039,11.109856759415825,11.109856609071134,0.0018277351906873939,-0.0003178838438388063,7.385646160738371e-06,7.854225497183811,S,1.0,1.0,1.0,1.7320508075688772,115.53677033076664,110.8352380159947,36.11224489795919,-14.893939393939394,2.854225497183811
2900,-36.197953249106114,-104.91476163143278,0.0074457267797876465,11.109449066512452,11.109381189913073,0.03883476071733323,-0.0008460719201620686,8.105235434996154e-06,-28.343983871751064,-104.98013432014166,-0.0005984811855710144,11.109859430817473,11.10985917871337,0.002366787327529634,-0.000390391381227147,1.0906597798635938e-05,7.854241438156832,S,1.0,1.0,1.0,1.7320508075688772,115.46650246882093,110.77060956542098,36.11224489795919,-14.893939393939394,2.8542414381568317
2910,-36.08686261109927,-104.91394092974933,0.007087154380801771,11.109463573634583,11.109406680732809,0.03555412778986344,9.115399401969908e-05,1.2905163632162883e-05,-28.232885320671347,-104.98019308679012,-0.0005315417942838377,11.10986198875307,11.10986162377679,0.0028477485878731276,-0.0004212616541856182,1.398221683445175e-05,7.8542567202040265,S,1.0,1.0,1.0,1.7320508075688772,115.39632490513641,110.70604720278465,36.11224489795919,-14.893939393939394,2.8542567202040265
2920,-35.97577164694903,-104.91315588928208,0.0067242623420992334,11.109471002267146,11.109426661475679,0.03138795163629661,0.0004878906255134007,1.5336870531831374e-05,-28.12178674049153,-104.98024713530877,-0.0004658499674400465,11.109864608664596,11.109864152088738,0.0031851203587165778,-0.0006949799332208856,1.6642556577376314e-05,7.854271458649466,S,1.0,1.0,1.0,1.7320508075688772,115.32623928583789,110.64155486525935,36.11224489795919,-14.893939393939394,2.8542714586494657
2930,-35.864680439239066,-104.91240905102063,0.006355558688822836,11.109471280040452,11.109438943096471,0.026804694648498023,0.0005793610010688683,1.701457241070218e-05,-28.010688141942833,-104.9802973844464,-0.0003980304578808744,11.109866448024798,11.109865779656271,0.003853695589809111,-0.0008216624526839841,1.8923499956938725e-05,7.854285698381737,S,1.0,1.0,1.0,1.7320508075688772,115.2562478150294,110.57713343016967,36.11224489795919,-14.893939393939394,2.8542856983817373
2940,-35.75358904595752,-104.91170237373518,0.005981468530283633,11.109466218905924,11.109444242610076,0.022097270187152775,0.0005051194494170323,1.8493574178280192e-05,-27.899589537509254,-104.98034343857432,-0.00032576284784177216,11.109867228160361,11.109866171202048,0.004846166726700271,-0.0007820086855724368,2.0885082251089092e-05,7.8542994515416735,S,1.0,1.0,1.0,1.7320508075688772,115.18635223124875,110.51278270628715,36.11224489795919,-14.893939393939394,2.8542994515416735
2950,-35.64249750486205,-104.91103703785319,0.005602846070248177,11.109457959254465,11.109444349256528,0.01738962951268347,0.0003605478737324006,1.9881910231909182e-05,-27.788490938082145,-104.98037992705375,-0.00025115548362742465,11.109866902760018,11.109865245385555,0.0060684772937861725,-0.00040471728407715066,2.25383278230381e-05,7.8543126744040785,S,1.0,1.0,1.0,1.7320508075688772,115.11655365554141,110.44849844300232,36.11224489795919,-14.893939393939394,2.8543126744040785
2960,-35.53140583925383,-104.91041367020459,0.005220364797583448,11.10944824900144,11.109440980058148,0.0127085737128165,0.00019685617125257866,2.1072693296672192e-05,-27.677392340195766,-104.98040271955169,-0.00017984396571631196,11.109866597511296,11.109864411024517,0.0069701612664293125,-4.1146000671367627e-07,2.3711802926756875e-05,7.8543253376986355,S,1.0,1.0,1.0,1.7320508075688772,115.04685276914479,110.38427738356715,36.11224489795919,-14.893939393939394,2.8543253376986355
2970,-35.42031406378446,-104.9098326225559,0.004834397332580746,11.109438213312417,11.109435303659005,0.00804047393804691,3.5174645804423406e-05,2.1925906265984144e-05,-27.56629372889986,-104.98040973459578,-0.00011848262881785354,11.109867341204637,11.10986498573918,0.007234487679968378,0.00022802261148371819,2.4237467567386944e-05,7.854337435425389,S,1.0,1.0,1.0,1.7320508075688772,114.97725003391331,110.32011793000561,36.11224489795919,-14.893939393939394,2.854337435425389
2980,-35.30922218926185,-104.90929416551894,0.004445088492787579,11.109428407648092,11.109427898533973,0.0033633217930818327,-0.00011871605121996245,2.2358162643631864e-05,-27.455195085536563,-104.98040786228823,-6.792776868079038e-05,11.109869630964708,11.109867575340244,0.00675836040633824,-0.0001397514622778021,2.4022103965769212e-05,7.854349043932263,S,1.0,1.0,1.0,1.7320508075688772,114.90774584658915,110.2560258088153,36.11224489795919,-14.893939393939394,2.854349043932263
2990,-35.19813022596074,-104.90879858435588,0.004052460989730534,11.109418987793486,11.109418906953353,-0.0013402140922592594,-0.00026452194115469556,2.2359221136048828e-05,-27.344096407567132,-104.9804011704591,-2.5181864848560722e-05,11.109872367604273,11.109870595517114,0.006274975793323357,-0.0006148858978492434,2.3337867087983527e-05,7.854360199965821,S,1.0,1.0,1.0,1.7320508075688772,114.83834061577468,110.19200446173848,36.11224489795919,-14.893939393939394,2.8543601999658206
3000,-35.08703818545201,-104.90834620815825,0.0036564926856470508,11.109409889640203,11.109408225734677,-0.006080297214508308,-0.00040260407531821714,2.19717182020776e-05,-27.232997700464427,-104.98038894729426,1.092495245825751e-05,11.109874790034363,11.109873172037526,0.005995955463219247,-0.000904486600109391,2.240769044740966e-05,7.854370891171755,S,1.0,1.0,1.0,1.7320508075688772,114.7690347859884,110.12805343318429,36.11224489795919,-14.893939393939394,2.8543708911717554
3010,-34.97594605178581,-104.90794610204748,0.0032638371159317147,11.109400913035786,11.109395637656428,-0.010826475912885892,-0.0009149505386231954,2.0375193772426067e-05,-27.121898968761425,-104.9803722302162,4.066256752280278e-05,11.10987680131499,11.109875365174153,0.0056489550779369214,-0.0012016596217179372,2.1264173799337337e-05,7.854381014848044,S,1.0,1.0,1.0,1.7320508075688772,114.69983564135885,110.06417369753945,36.11224489795919,-14.893939393939394,2.8543810148480437
3020,-34.864853712670474,-104.90759533415584,0.0028796247573798753,11.109402398918768,11.109392712255959,-0.014670582000838499,-0.0008616718842858407,1.7806972416013446e-05,-27.01080021812727,-104.98035639188713,6.781365141816145e-05,11.109878267678361,11.10987701710037,0.005271388518766348,-0.0016595656260751388,1.9919641885205792e-05,7.854390521655293,S,1.0,1.0,1.0,1.7320508075688772,114.63074100304296,110.00036978235852,36.11224489795919,-14.893939393939394,2.8543905216552927
3030,-34.753761097979236,-104.90729075189557,0.00250493251036883,11.10941228659311,11.10939756143173,-0.01808799493269915,-0.0005258494205088865,1.4041965328420572e-05,-26.89970145958851,-104.98034114168722,9.582818420700625e-05,11.109878837390328,11.109877554100947,0.005339885526362638,-0.0018127371917844256,1.8560978250445773e-05,7.854399350863628,S,1.0,1.0,1.0,1.7320508075688772,114.5617485398475,109.93664158788503,36.11224489795919,-14.893939393939394,2.854399350863628
3040,-34.642668195991355,-104.90702129592131,0.0021325821955640494,11.109427530437559,11.109406955026474,-0.021381338905459124,0.00031838678694152164,9.823023880975231e-06,-26.788602702104246,-104.98032404314097,0.00012505464023620174,11.109878627070996,11.10987718042362,0.005669581241471492,-0.0016894388598542318,1.7205998278222556e-05,7.854407557226587,S,1.0,1.0,1.0,1.7320508075688772,114.4928497349306,109.8729872533295,36.11224489795919,-14.893939393939394,2.854407557226587
3050,-34.53157512674658,-104.90678873101542,0.0017567297293531446,11.109435545192424,11.109406150023066,-0.025556341963757365,0.0006345302933002724,6.412127795214376e-06,-26.677503950268136,-104.98030128325172,0.00015238634477620895,11.109877986337748,11.109876388819337,0.0059578911275012785,-0.0013687613761469968,1.5810572983949075e-05,7.8544152004159935,S,1.0,1.0,1.0,1.7320508075688772,114.42404622046088,109.8094037816234,36.11224489795919,-14.893939393939394,2.8544152004159935
3060,-34.42048198904007,-104.90659555212434,0.001375887379867336,11.109436261309455,11.1093953638127,-0.03014456160376309,0.000658313809019746,4.25497838489007e-06,-26.566405201738615,-104.98027663158996,0.00017756622708794555,11.109877383368694,11.109875834914035,0.005865686692163504,-0.0013459386549773769,1.4192851768358606e-05,7.8544223901123855,S,1.0,1.0,1.0,1.7320508075688772,114.35534019348489,109.74589438888388,36.11224489795919,-14.893939393939394,2.8544223901123855
3070,-34.30938885263579,-104.90644367172146,0.0009904841883620324,11.109431592913646,11.109376921282987,-0.034853098754092045,0.000529343240182505,3.196288945094973e-06,-26.455306457995707,-104.98024854435833,0.0002001942944788439,11.10987670550274,11.109875160122911,0.005859859753535799,-0.001161900820826756,1.2530153630536109e-05,7.854429159462848,S,1.0,1.0,1.0,1.7320508075688772,114.28673337907892,109.6824579366496,36.11224489795919,-14.893939393939394,2.854429159462848
3080,-34.19829576181907,-104.90633422271424,0.0006013775566184208,11.109423799575273,11.109353371274395,-0.039557941348520725,0.00034266834494242843,2.845716482103709e-06,-26.34420771818972,-104.98021603401624,0.00021839464145468558,11.109876104318115,11.10987463708635,0.005709774436707705,-0.0009808585401892495,1.0781292971081901e-05,7.854435531540301,S,1.0,1.0,1.0,1.7320508075688772,114.21822687593072,109.61909373948367,36.11224489795919,-14.893939393939394,2.854435531540301
3090,-34.0872027426634,-104.90626778233637,0.00020924341445865006,11.10941472417251,11.109326668773866,-0.044232116507254664,0.00014886347467963317,2.8182378711134696e-06,-26.233108980624312,-104.9801782275838,0.00022943870875851617,11.109875652169912,11.109874389155454,0.005297533910882055,-0.0008443278236154342,8.959586572579015e-06,7.854441519090838,S,1.0,1.0,1.0,1.7320508075688772,114.14982133559882,109.5558012039446,36.11224489795919,-14.893939393939394,2.8544415190908383
3100,-33.97610981107711,-104.90625334551382,-0.0001788635359568487,11.109405495345351,11.109298077035344,-0.04885381856396248,-0.0004143047294531944,3.279519309344594e-06,-26.12201024237308,-104.98014158071922,0.00023534595218889306,11.109875320044848,11.109874391705041,0.004541748358088717,-0.0011086909975490658,7.006960573862987e-06,7.85444711653332,S,1.0,1.0,1.0,1.7320508075688772,114.08152404634367,109.49258576410253,36.11224489795919,-14.893939393939394,2.8544471165333203
3110,-33.865016840428,-104.90628779793573,-0.0005576499114131048,11.109407031122114,11.10928281512669,-0.0525349091200918,-0.0004034893982034835,1.0659956442841121e-06,-26.010911504324085,-104.98010934117016,0.00024107946516626383,11.10987492869684,11.109874172182012,0.004099947518178183,-0.0013233308831457496,5.118982276356907e-06,7.854452256577888,S,1.0,1.0,1.0,1.7320508075688772,114.01333266598766,109.429450227733,36.11224489795919,-14.893939393939394,2.854452256577888
3120,-33.75392374341688,-104.90636779936783,-0.0009260091198985527,11.109417532992182,11.109277561208902,-0.05576728767394003,-0.0001042036364142165,-3.155039644027829e-06,-25.899812769615473,-104.98007866302646,0.0002484218034516154,11.109874372701533,11.109873602020825,0.004138155521986447,-0.0011801108667144457,3.424090328512696e-06,7.8544568545640985,S,1.0,1.0,1.0,1.7320508075688772,113.94524469264867,109.36639239078866,36.11224489795919,-14.893939393939394,2.8544568545640985
3130,-33.64283046442358,-104.90648213432203,-0.0012911420754845436,11.109433943547367,11.109277999296399,-0.05886323463269254,0.0007064568366920111,-9.425506472930176e-06,-25.78871404043577,-104.98004571410594,0.00025499839861353317,11.109873708548333,11.109872902446813,0.004232182829709456,-0.000842808144003902,1.875106999939044e-06,7.8544609236933445,S,1.0,1.0,1.0,1.7320508075688772,113.87725141309353,109.30340923055059,36.11224489795919,-14.893939393939394,2.8544609236933445
3140,-33.531737122395896,-104.90663244430436,-0.0016589234580577383,11.109443748840832,11.109266063608132,-0.06283260796213334,0.0009902690864206812,-1.2978966536951833e-05,-25.677615316203187,-104.9800115114518,0.0002591017357227589,11.109873053065106,11.109872325635441,0.0040203609197249695,-0.0006787657634477497,3.6645090190635605e-07,7.854464579715618,S,1.0,1.0,1.0,1.7320508075688772,113.80935436874583,109.24050171455355,36.11224489795919,-14.893939393939394,2.854464579715618
3150,-33.4206438193154,-104.90682112360678,-0.002030862870826895,11.109446704183627,11.10924341036802,-0.06720805227942556,0.0009825644841657867,-1.4171498316839206e-05,-25.566516596022886,-104.97997886512829,0.0002619924024290168,11.109872425521523,11.109871807358882,0.0037061321846253523,-0.0006656882710471779,-1.0712744079564669e-06,7.854467931999539,S,1.0,1.0,1.0,1.7320508075688772,113.74155568941362,109.1776722917105,36.11224489795919,-14.893939393939394,2.8544679319995394
3160,-33.309550627809,-104.90704999619837,-0.0024065422120565926,11.109444557375486,11.109213202780206,-0.07169650321850896,0.0008233283153510596,-1.363317682922102e-05,-25.45541787981265,-104.97994813515426,0.00026545730845370434,11.109871829704339,11.109871252723968,0.0035805524138651772,-0.0005814309559319905,-2.359558546036637e-06,7.854471042776336,S,1.0,1.0,1.0,1.7320508075688772,113.67385703984921,109.11492139409566,36.11224489795919,-14.893939393939394,2.8544710427763356
3170,-33.19845759356118,-104.90732011177778,-0.0027851072348243342,11.109439443138914,11.109178292449233,-0.07617353441594157,0.0006082630893666655,-1.2084220733206939e-05,-25.344319167806525,-104.97991811433022,0.0002698897237564411,11.109871265766595,11.109870677289237,0.0036160496427353216,-0.0003906593080905074,-3.4829473381989644e-06,7.854473940429774,S,1.0,1.0,1.0,1.7320508075688772,113.60625945837037,109.05224816013778,36.11224489795919,-14.893939393939394,2.8544739404297736
3180,-33.087364769233716,-104.90764066208297,-0.0031592005503638687,11.109433074221478,11.109140858751484,-0.08057673997134986,6.051412409004381e-06,-8.536121613001127e-06,-25.233220460159767,-104.97988690841579,0.0002739555137061103,11.109870751834954,11.109870148521892,0.003661346734738335,-0.00013406932585183142,-4.455570840653198e-06,7.8544765801336425,S,1.0,1.0,1.0,1.7320508075688772,113.5387704446479,108.98965115819561,36.11224489795919,-14.893939393939394,2.8544765801336425
3190,-32.97627202725918,-104.9080085368418,-0.0035232981654324323,11.1094365396546,11.10911889426143,-0.08400965287692073,-2.3987298494464117e-05,-9.077285851048735e-06,-25.122121756430335,-104.97985351150925,0.00027558000070633347,11.109870317145527,11.109869752235127,0.003542903079053972,7.489558232050178e-05,-5.311525330314093e-06,7.85447886095225,S,1.0,1.0,1.0,1.7320508075688772,113.47138764723643,108.92712968752267,36.11224489795919,-14.893939393939394,2.8544788609522502
3200,-32.86517927365471,-104.90842030456085,-0.003876168522193621,11.10944848306747,11.109108065148211,-0.08696893002142067,0.00023848949385255243,-1.2345489491866287e-05,-25.01102305527876,-104.97982036026085,0.0002748278136789262,11.109869962297086,11.109869498332944,0.003210788433788472,6.774845234432906e-05,-6.083686019555044e-06,7.854480751176846,S,1.0,1.0,1.0,1.7320508075688772,113.40410847477872,108.86468589382676,36.11224489795919,-14.893939393939394,2.8544807511768457
3210,-32.75408641977978,-104.90886462928154,-0.0042249654935749646,11.109466148790391,11.109103416566807,-0.08977411176542305,0.0010172071135969567,-1.911805309096502e-05,-24.899924356160312,-104.97978779506762,0.0002724623308054186,11.109869676855162,11.109869287148939,0.002942646855353225,7.060374569946507e-05,-6.702847414958376e-06,7.854482275557337,S,1.0,1.0,1.0,1.7320508075688772,113.33692405517644,108.80232019237633,36.11224489795919,-14.893939393939394,2.854482275557337
3220,-32.642993582015606,-104.90934303515787,-0.0045755571627213824,11.109477632038837,11.109084666402541,-0.0934405237098805,0.0012730650721182518,-2.176303136747571e-05,-24.78882565804392,-104.97975819521034,0.00027066512494241266,11.109869449396387,11.109869114095732,0.002729522467857707,-2.6410720771416794e-05,-7.195609223674954e-06,7.854483564990822,S,1.0,1.0,1.0,1.7320508075688772,113.26983583959895,108.74003468807011,36.11224489795919,-14.893939393939394,2.8544835649908222
3230,-32.531900862627054,-104.90985781170224,-0.004929461179497043,11.109482687344123,11.10905480113008,-0.0975038762691592,0.0012404606429803698,-2.1350059188689652e-05,-24.677726960679127,-104.97973058129553,0.0002708934995117177,11.109869284302825,11.109868934436363,0.0027881788316863176,2.833647325555205e-05,-7.501722963648277e-06,7.8544846989456,S,1.0,1.0,1.0,1.7320508075688772,113.20284588204461,108.67782870680648,36.11224489795919,-14.893939393939394,2.8544846989456003
3240,-32.420808334309925,-104.91041068942627,-0.005286268734043284,11.109482954207778,11.109017699286662,-0.10167235007033214,0.0010588711614838728,-1.8915020380596927e-05,-24.566628264028154,-104.97970363268433,0.0002731070812019981,11.10986917232379,11.109868776528222,0.0029655478120219343,0.00016422982198242806,-7.64891733684963e-06,7.854485730357955,S,1.0,1.0,1.0,1.7320508075688772,113.13595577811788,108.61570128985628,36.11224489795919,-14.893939393939394,2.854485730357955
3250,-32.30971608999559,-104.91101132781397,-0.005638450609794392,11.109480388392956,11.108976716657711,-0.10578661940243128,0.00044135913224049514,-1.2948672259505484e-05,-24.45552956770449,-104.97967742401536,0.0002773700272036926,11.109869111978036,11.109868666315709,0.0031468237990816806,0.00026962903254718854,-7.673748163518616e-06,7.8544866770341315,S,1.0,1.0,1.0,1.7320508075688772,113.06917345141228,108.55365263383345,36.11224489795919,-14.893939393939394,2.8544866770341315
3260,-32.198624011367286,-104.91165681108039,-0.005980185244340117,11.109486005798816,11.108952155958296,-0.10890963992811127,0.00037781297668726995,-1.2065077828259837e-05,-24.34443087225456,-104.97964922870798,0.00028207755153006195,11.1098690877826,11.109868573408251,0.003380719316377889,0.0004939447199508186,-7.5470408802248135e-06,7.854487433011799,S,1.0,1.0,1.0,1.7320508075688772,113.0024966986988,108.49168061016879,36.11224489795919,-14.893939393939394,2.8544874330117986
3270,-32.08753200489831,-104.91234371035164,-0.006310012992085426,11.109499022881266,11.108939180513099,-0.11152947171371744,0.0006044012521064828,-1.4456305269546714e-05,-24.233332176476633,-104.97962123636262,0.0002872433187715441,11.109869130811218,11.109868604526811,0.003419634702802514,0.000496187023283087,-7.375642113806663e-06,7.854487966143001,S,1.0,1.0,1.0,1.7320508075688772,112.93592291769967,108.42978716875255,36.11224489795919,-14.893939393939394,2.854487966143001
3280,-31.976439957411877,-104.91306059670484,-0.006634964151130708,11.109517184875592,11.108932571103688,-0.11397022294307618,0.0013506938962358523,-2.1577251948816973e-05,-24.12223348070002,-104.97959160431539,0.00029226133564854345,11.109869207049996,11.10986863874766,0.0035535234550912115,0.0006053624584894445,-7.072311928760874e-06,7.854488255373238,S,1.0,1.0,1.0,1.7320508075688772,112.86944310774379,108.36797091261784,36.11224489795919,-14.893939393939394,2.854488255373238
3290,-31.86534797996959,-104.91380887226414,-0.006960859715655216,11.10952957177263,11.108910780608618,-0.1172543157762836,0.0015784211022332568,-2.3561648694162507e-05,-24.01113478305256,-104.9795649772848,0.00029973875993001873,11.109869340223725,11.109868760143755,0.003590156683651546,0.000423958902819563,-6.764882771486096e-06,7.85448844979564,S,1.0,1.0,1.0,1.7320508075688772,112.80305862152876,108.30623583621485,36.11224489795919,-14.893939393939394,2.8544884497956398
3300,-31.75425617160472,-104.91459070739052,-0.007289210883094125,11.109536024572579,11.108877905673125,-0.12092294291561624,0.001521157194210198,-2.2066021125110015e-05,-23.90003608510723,-104.97953846112328,0.00031084981657428527,11.109869423564119,11.109868689302822,0.004039194690946375,0.0005356658614107373,-6.269928420187728e-06,7.854488613388878,S,1.0,1.0,1.0,1.7320508075688772,112.73677142052219,108.24457967068798,36.11224489795919,-14.893939393939394,2.8544886133888783
3310,-31.64316460211201,-104.91540772591105,-0.0076196170744093255,11.109538086031183,11.108838352831803,-0.12468735152599329,0.0013175005121375788,-1.843808077378259e-05,-23.78893738751821,-104.97951098046256,0.00032512317250363136,11.109869490929274,11.109868565929853,0.004533568665908734,0.0006580445777664326,-5.6972624660417076e-06,7.854488803589318,S,1.0,1.0,1.0,1.7320508075688772,112.67058301600518,108.18300165584509,36.11224489795919,-14.893939393939394,2.8544888035893177
3320,-31.53207359710891,-104.91629704254233,-0.007923392109838846,11.109537424034805,11.108796807599836,-0.12827807096150723,-0.000531792101104811,1.104476590352349e-07,-23.67783869200336,-104.97947815056276,0.00033913383811387716,11.109869544235663,11.109868415969128,0.005006973810525946,0.0009325101098217087,-5.018935009325722e-06,7.854489022017224,S,1.0,1.0,1.0,1.7320508075688772,112.6045234494387,108.12149827284951,36.11224489795919,-14.893939393939394,2.8544890220172237
3330,-31.42098259094833,-104.91724190826677,-0.008180876977011314,11.109569069981157,11.108832930191564,-0.12788999090426167,7.734239331807081e-05,-8.681199637149555e-06,-23.566739995870932,-104.97944226762209,0.00035124080404220457,11.109869757841688,11.109868600972458,0.005070042565358568,0.0008856939856670904,-4.444877783515418e-06,7.854488883882393,S,1.0,1.0,1.0,1.7320508075688772,112.53857921021856,108.06007156189699,36.11224489795919,-14.893939393939394,2.854488883882393
3340,-31.30989123120292,-104.91822583780025,-0.008391308182992122,11.109621397947267,11.108908424401042,-0.12586192434308743,0.0017617875474811556,-3.0328892180297456e-05,-23.45564129782429,-104.97940482020263,0.0003620330437762459,11.109870051739362,11.109868894725173,0.005070360265093897,0.0007417480675673224,-3.891270313280795e-06,7.854488199995337,S,1.0,1.0,1.0,1.7320508075688772,112.47273709635405,107.9987228947652,36.11224489795919,-14.893939393939394,2.8544881999953367
3350,-31.19879930139666,-104.91922829018262,-0.008567432619921742,11.109681105623995,11.108994597867104,-0.1235042234835962,0.004157943821016373,-5.93673957308547e-05,-23.344542597463775,-104.97936650941894,0.00037257267277758575,11.10987037235895,11.109869183472991,0.0051397214277815306,0.000583856608916291,-3.330679936396873e-06,7.8544869327466325,S,1.0,1.0,1.0,1.7320508075688772,112.40698070876066,107.937452989471,36.11224489795919,-14.893939393939394,2.8544869327466325
3360,-31.08770689490055,-104.92024512454647,-0.008720853474726589,11.109733339643988,11.109061579217835,-0.12217081133916743,0.005888467055749667,-8.026643827622638e-05,-23.23344389567978,-104.9793255586439,0.00038224579837244056,11.109870682092641,11.109869419745301,0.005296133478560966,0.0005358405331003064,-2.716689550263611e-06,7.854485200102014,S,1.0,1.0,1.0,1.7320508075688772,112.34130693766835,107.87626049708703,36.11224489795919,-14.893939393939394,2.8544852001020136
3370,-30.976614148881346,-104.92127518507434,-0.008857345312078333,11.109773899983438,11.109110447579486,-0.12141322923607663,0.007043463886114126,-9.300366921949138e-05,-23.122345192571434,-104.97928064082744,0.000388971857447238,11.10987102467716,11.109869753029633,0.005315607058456965,0.0004856911023287415,-2.108303487630628e-06,7.854483144736561,S,1.0,1.0,1.0,1.7320508075688772,112.27571508503787,107.81514444066501,36.11224489795919,-14.893939393939394,2.8544831447365606
3380,-30.86552118842102,-104.92231781374583,-0.008979273448123508,11.109803011001025,11.109145700560699,-0.12085010120465621,0.00773316688866625,-9.869473847926945e-05,-23.011246487329643,-104.97923229860659,0.00039108275302962694,11.109871412112442,11.109870252450524,0.005076158810576144,0.000318540008932589,-1.5608923324360321e-06,7.8544809082962965,S,1.0,1.0,1.0,1.7320508075688772,112.2102048426155,107.75410540348801,36.11224489795919,-14.893939393939394,2.8544809082962965
3390,-30.754428105015588,-104.92337195287804,-0.009087575150756116,11.109822951337563,11.109171958309792,-0.1202680787667134,0.008075928013192358,-9.904718643274717e-05,-22.900147778658084,-104.97918405405944,0.0003897403827216719,11.10987179193638,11.109870816721102,0.004655000799594951,-4.656489930883538e-05,-1.1138892817288469e-06,7.854478622775978,S,1.0,1.0,1.0,1.7320508075688772,112.14477555985941,107.69314646203333,36.11224489795919,-14.893939393939394,2.8544786227759777
3400,-30.643334954998974,-104.9244360750314,-0.009182843480001436,11.10983647080264,11.109192858253873,-0.11958447264411778,0.008161052102602623,-9.562588971504248e-05,-22.789049066145342,-104.97913842859185,0.00038808913725319567,11.109872128011792,11.109871261038675,0.0043890682586949035,-0.00040693801506834823,-6.964527686126117e-07,7.854476377921722,S,1.0,1.0,1.0,1.7320508075688772,112.0794261858473,107.63226986252221,36.11224489795919,-14.893939393939394,2.8544763779217224
3410,-30.532241767037313,-104.92550840261822,-0.009265746288130443,11.109845944917579,11.109210858794722,-0.11878979181314064,0.008046780414582273,-8.961413109498198e-05,-22.677950351208516,-104.97909309239986,0.0003868951171151123,11.109872415770404,11.109871533427393,0.004427802589766167,-0.0004905177260544542,-1.9732876710226605e-07,7.854474200335814,S,1.0,1.0,1.0,1.7320508075688772,112.01415544923505,107.57147379445216,36.11224489795919,-14.893939393939394,2.8544742003358143
3420,-30.421148632472836,-104.92659583585656,-0.009330409693437357,11.109853071364324,11.109227794594958,-0.1178688894583303,0.0073883545986576996,-7.808176934821838e-05,-22.566851634959903,-104.97904622571382,0.0003845711545800303,11.10987265885224,11.109871774300808,0.004433340359019922,-0.00048097899606334196,3.1105470750591594e-07,7.854472125390531,S,1.0,1.0,1.0,1.7320508075688772,111.94896909156253,107.51075687023996,36.11224489795919,-14.893939393939394,2.854472125390531
3430,-30.310055496793048,-104.92769337353538,-0.009372573475823095,11.109860351515033,11.109255398201546,-0.11593760259545347,0.007152667070783969,-7.094472061738852e-05,-22.45575291804757,-104.97899724462116,0.0003790500869745991,11.10987285243232,11.109872046637058,0.00423137863435509,-0.0004937198355167557,7.803317728148584e-07,7.8544701339858864,S,1.0,1.0,1.0,1.7320508075688772,111.88386320372173,107.45011873486438,36.11224489795919,-14.893939393939394,2.8544701339858864
3440,-30.19896231691955,-104.92879596912245,-0.009392041062936741,11.109867467442909,11.10928776300162,-0.11349247978962146,0.007080063608522812,-6.565779778706368e-05,-22.34465419850554,-104.97895351784751,0.00037411114869904553,11.109872964881255,11.109872308022613,0.0038203706248541524,-0.0008829113386641344,1.0566303947376023e-06,7.854468269633425,S,1.0,1.0,1.0,1.7320508075688772,111.81883383763386,107.38956570206895,36.11224489795919,-14.893939393939394,2.8544682696334247
3450,-30.08786898875222,-104.92989086200657,-0.009396827832883007,11.109873609889009,11.10932056605246,-0.11085210143275515,0.007419707485315948,-6.451421114730935e-05,-22.233555475641072,-104.97891514185119,0.0003744171939399469,11.109873129960606,11.109872418851864,0.003975003811878107,-0.0009770797543392387,1.370995776107276e-06,7.854466509079701,S,1.0,1.0,1.0,1.7320508075688772,111.75387078474601,107.32909799647935,36.11224489795919,-14.893939393939394,2.8544665090797006
3460,-29.976775540164027,-104.93097830416816,-0.009393541025401379,11.109878193502851,11.109343144790882,-0.1090337826455811,0.0071585106211259405,-5.774777144888671e-05,-22.122456750449405,-104.97888006879847,0.00038192607261088686,11.109873273968695,11.109872337592861,0.004561363042430197,-0.0008012730664530692,1.7439561253601312e-06,7.854464859525368,S,1.0,1.0,1.0,1.7320508075688772,111.68897438061072,107.26871404315446,36.11224489795919,-14.893939393939394,2.8544648595253683
3470,-29.865682002029967,-104.93205944410629,-0.009384355217376171,11.109881147463105,11.109360289783613,-0.10757816941690251,0.0065554912122402055,-4.795834405788669e-05,-22.01135802640382,-104.97884284203613,0.000394125673707871,11.1098733070644,11.109872025125009,0.005337074738849548,-0.0003206428434784633,2.2096127159828446e-06,7.854463304416006,S,1.0,1.0,1.0,1.7320508075688772,111.6241456862653,107.2084094003914,36.11224489795919,-14.893939393939394,2.854463304416006
3480,-29.754588395616064,-104.93313499466842,-0.009369457228056597,11.109882795866978,11.109375197815647,-0.10620005677790957,0.005772332953645016,-3.683628722564193e-05,-21.900259304147497,-104.9788024432365,0.0004078388463665805,11.10987330635217,11.109871784684163,0.0058147291613542375,3.800546578758908e-05,2.5754410450759573e-06,7.854461852536313,S,1.0,1.0,1.0,1.7320508075688772,111.55938540772792,107.14818334628946,36.11224489795919,-14.893939393939394,2.8544618525363132
3490,-29.643494731571806,-104.93420501874358,-0.00934854301753485,11.109883526939424,11.109389391475059,-0.10478230166098434,0.004924198508290399,-2.5593539503391855e-05,-21.789160582918917,-104.97876042395626,0.0004223129059207681,11.10987329227435,11.109871640066567,0.006059012753750292,0.00020254721913539524,2.8062606021288944e-06,7.854460522711191,S,1.0,1.0,1.0,1.7320508075688772,111.49469372132455,107.08803731823285,36.11224489795919,-14.893939393939394,2.854460522711191
3500,-29.53240101319501,-104.93526913800409,-0.00932143577889454,11.109883653569774,11.10940336187357,-0.10330410954608824,0.00407934171964258,-1.4946105842579871e-05,-21.678061863752088,-104.97871540890499,0.0004365553304919978,11.109873232057943,11.109871440993532,0.006308485865900983,0.0004031457833650402,3.006976015493902e-06,7.854459310030637,S,1.0,1.0,1.0,1.7320508075688772,111.43007044276784,107.02797029412085,36.11224489795919,-14.893939393939394,2.854459310030637
3510,-29.42130724010271,-104.93632679676831,-0.009288212879547987,11.1098833783913,11.109417115677868,-0.10178423914806511,0.0032730457656849218,-5.2544709044446e-06,-21.566963146789632,-104.9786660166232,0.00044832830778440924,11.109873200136043,11.109871350879843,0.006410148232304272,0.0005607855676186685,3.1258028595058223e-06,7.854458208285276,S,1.0,1.0,1.0,1.7320508075688772,111.36551524162765,106.96798124370251,36.11224489795919,-14.893939393939394,2.8544582082852763
3520,-29.310213410819426,-104.93737744202201,-0.009249138193570275,11.109882809065386,11.10943050741089,-0.10024885123942504,0.002522356483814405,3.323730584306826e-06,-21.455864429753202,-104.97861462478822,0.0004572513560824238,11.109873261139947,11.109871503591542,0.00624918210465546,0.00047353643034124266,3.062478000112402e-06,7.854457232783085,S,1.0,1.0,1.0,1.7320508075688772,111.30102778807915,106.90807230052815,36.11224489795919,-14.893939393939394,2.8544572327830853
3530,-29.19911952412571,-104.93842060594764,-0.009204560790469152,11.109881990583487,11.10944339396331,-0.09871839249229372,0.001836047640477831,1.0728564265663392e-05,-21.34476571221686,-104.97856172716583,0.00046373363843020234,11.10987334920932,11.10987167796475,0.006093818852662438,0.0003671927511333114,2.9423660191507817e-06,7.85445638553425,S,1.0,1.0,1.0,1.7320508075688772,111.23660782051061,106.84824401541618,36.11224489795919,-14.893939393939394,2.8544563855342497
3540,-29.088025579517225,-104.93945592251062,-0.00915484138663115,11.109880935854036,11.109455683204148,-0.09720510159449595,0.0012196176974976543,1.6943257495484824e-05,-21.2336669930265,-104.97850991648406,0.0004697387190714181,11.109873435669758,11.109871844687602,0.005945689047075557,0.00014260399097301777,2.7251656497585197e-06,7.854455679397897,S,1.0,1.0,1.0,1.7320508075688772,111.1722551594294,106.78849871048857,36.11224489795919,-14.893939393939394,2.854455679397897
3550,-28.97693157718145,-104.94048311254197,-0.009100315222502119,11.109879647154768,11.109467334656786,-0.09571475569429513,0.0006770143839268394,2.197335462759864e-05,-21.12256827439877,-104.97845615819091,0.00047484066777881036,11.109873458309139,11.109871826561056,0.0060213808022056324,0.00016190172718603068,2.6050994127424166e-06,7.85445509531343,S,1.0,1.0,1.0,1.7320508075688772,111.10796969559927,106.72883396497609,36.11224489795919,-14.893939393939394,2.85445509531343
3560,-28.865837517785877,-104.94150196008685,-0.009041280700374622,11.109878128018169,11.109478345813384,-0.09424915553982206,0.0002108093824140933,2.5842206765208922e-05,-21.011469555958328,-104.97840127476108,0.00047836701270951345,11.109873468204645,11.109871880975206,0.005938672742999598,7.050294635494616e-05,2.4032543945996624e-06,7.854454636650878,S,1.0,1.0,1.0,1.7320508075688772,111.04375137094208,106.66925060845755,36.11224489795919,-14.893939393939394,2.8544546366508783
3570,-28.754743402239868,-104.94251229079363,-0.008978001044391979,11.109876388033399,11.109488738638694,-0.09280799233951255,-0.00017806315454913933,2.8591535646875523e-05,-20.90037083839605,-104.9783443147375,0.00047928229718784235,11.109873453263297,11.109871933104408,0.005811845100402347,2.8730521282097814e-05,2.207261998740521e-06,7.854454297123539,S,1.0,1.0,1.0,1.7320508075688772,110.97960016101263,106.60974797379279,36.11224489795919,-14.893939393939394,2.8544542971235387
3580,-28.643649231497534,-104.94351395543129,-0.008910710225211041,11.109874443450687,11.109498550171029,-0.09138989542888648,-0.0004904894620394227,3.0281795957424537e-05,-20.789272120661014,-104.97828792116195,0.0004783322935370113,11.109873413572133,11.109872035310167,0.00553395248259004,-0.0001781376674354623,1.9136497370185798e-06,7.854454088472685,S,1.0,1.0,1.0,1.7320508075688772,110.91551606160021,106.55032843025135,36.11224489795919,-14.893939393939394,2.854454088472685
3590,-28.532555006416978,-104.94450681810642,-0.00883961879560105,11.109872315823951,11.109507826766636,-0.08999289373211078,-0.0007291456073744476,3.099083712188197e-05,-20.67817340279442,-104.978232649453,0.000476939819877103,11.109873348832213,11.109872046801444,0.00537873518545005,-0.0003217300023094698,1.637100956346094e-06,7.8544540107523995,S,1.0,1.0,1.0,1.7320508075688772,110.85149907913417,106.49099258679085,36.11224489795919,-14.893939393939394,2.8544540107523995
3600,-28.421460727669306,-104.94549074781763,-0.008764918226095849,11.10987003009312,11.109516620562323,-0.08861457561165276,-0.0008982908774612411,3.081108232180601e-05,-20.567074685237742,-104.97817802267252,0.0004756820986394309,11.109873263755873,11.109871981818817,0.005337069870784314,-0.00037522587250323717,1.394794175951148e-06,7.854454058779719,S,1.0,1.0,1.0,1.7320508075688772,110.78754922379791,106.43174017995152,36.11224489795919,-14.893939393939394,2.8544540587797194
3610,-28.31036639568508,-104.946465612184,-0.008686783759946482,11.109867612819516,11.109524987039894,-0.08725214445647997,-0.0010034656809636364,2.9845905352585222e-05,-20.45597597016995,-104.97811972374954,0.00047148743341531436,11.109873164828466,11.109871897415603,0.005306749542453767,-0.00020920792994763874,1.256200611493865e-06,7.854454210141069,S,1.0,1.0,1.0,1.7320508075688772,110.72366650440914,106.37256769430357,36.11224489795919,-14.893939393939394,2.8544542101410686
3620,-28.199272010627258,-104.94743127264918,-0.008605376253809773,11.109865090841323,11.109532983106405,-0.08590246775040618,-0.0010511609122516579,2.820579879659311e-05,-20.344877256648996,-104.97806111295058,0.0004633621422387899,11.109873004272487,11.109871948437016,0.004843593176039711,-0.00036393560453835884,9.78577150802408e-07,7.854454477456606,S,1.0,1.0,1.0,1.7320508075688772,110.65985092449858,106.31347811009654,36.11224489795919,-14.893939393939394,2.8544544774566063
3630,-28.08817757238241,-104.94838758082788,-0.00852084345237149,11.109862490367028,11.109540665467877,-0.08456214980607624,-0.0010484988211572396,2.600470601896321e-05,-20.23377854506652,-104.97800230467165,0.0004512810941149183,11.109872808807372,11.10987195276132,0.004361321448151314,-0.0004745020010193464,7.309915630484579e-07,7.85445485773323,S,1.0,1.0,1.0,1.7320508075688772,110.59610247931582,106.25447166282824,36.11224489795919,-14.893939393939394,2.85445485773323
3640,-27.977083080564967,-104.94933437585539,-0.008433320988449346,11.109859836414415,11.109548089240516,-0.08322762538089953,-0.0010029438164053084,2.3356706399779533e-05,-20.122679834895543,-104.97794640654034,0.00043699237570168404,11.109872541468441,11.10987188866481,0.003808560077774207,-0.0007204645159790145,4.400752650065425e-07,7.854455359468427,S,1.0,1.0,1.0,1.7320508075688772,110.53242115364948,106.19555112694775,36.11224489795919,-14.893939393939394,2.854455359468427
3650,-27.86598853453093,-104.95027148266611,-0.008342933255698341,11.109857152481332,11.10955530679345,-0.08189526138992284,-0.0009220491753229769,2.037313219368752e-05,-20.011581126251166,-104.97789219087386,0.0004212083675589784,11.109872306502705,11.109871770210919,0.0034519945287816538,-0.0007767201486421057,2.2830969643078944e-07,7.85445597344348,S,1.0,1.0,1.0,1.7320508075688772,110.46880692040277,106.13671560358436,36.11224489795919,-14.893939393939394,2.8544559734434802
3660,-27.754893933398858,-104.95119871112733,-0.008249794211001102,11.109854460346735,11.109562366810696,-0.08056145498793811,-0.0008132402033265126,1.7160141945395096e-05,-19.90048241844956,-104.97784191617802,0.0004054857865792279,11.109872054032378,11.109871627222798,0.0030795453326538788,-0.0009135242578195845,-5.5915853829051e-09,7.854456703461004,S,1.0,1.0,1.0,1.7320508075688772,110.40525973986564,106.07796715180092,36.11224489795919,-14.893939393939394,2.854456703461004
3670,-27.64379927607645,-104.95211585593385,-0.008154008121534323,11.109851779937863,11.109569313556868,-0.07922272063042388,-0.0006836327396827638,1.3816749928048056e-05,-19.789383708708705,-104.97779973530002,0.0003947209923241714,11.109871896528988,11.109871509608963,0.0029321090824964693,-0.0011025428163102247,-2.693683863498674e-07,7.854457560300907,S,1.0,1.0,1.0,1.7320508075688772,110.34177955960887,106.01930944351409,36.11224489795919,-14.893939393939394,2.854457560300907
3680,-27.53270456129147,-104.95302269715086,-0.008055670258264794,11.109849129226689,11.109576186325159,-0.07787576269907188,-0.0005398856828526731,1.043329973564259e-05,-19.678284996390754,-104.97776025039326,0.00038978034886885985,11.10987196393076,11.109871448245736,0.003385024211744091,-0.0007735270738886989,-3.6326510305752727e-07,7.854458520358713,S,1.0,1.0,1.0,1.7320508075688772,110.27836631490943,105.96073804004023,36.11224489795919,-14.893939393939394,2.8544585203587127
3690,-27.421609787625826,-104.95391900128351,-0.007954867537118335,11.109846524142785,11.109583019050346,-0.07651753286500738,-0.0003880862059987781,7.090361359334474e-06,-19.567186283414145,-104.97771789257237,0.0003861748066403886,11.109872087812445,11.109871440244303,0.0037932569169120433,-0.00025126901982705594,-3.863927079336625e-07,7.854459559431157,S,1.0,1.0,1.0,1.7320508075688772,110.21501992960974,105.90224834852214,36.11224489795919,-14.893939393939394,2.854459559431157
3700,-27.310514953551717,-104.95480452275166,-0.007851679111829461,11.109843978503857,11.109589840074657,-0.07514527269484714,-0.00023366613011042376,3.8580234140836764e-06,-19.456087570615868,-104.97767297892962,0.0003800791918276175,11.10987215018811,11.109871534387272,0.0036990453855276725,1.6948072241761212e-05,-4.805630902035283e-07,7.854460674043792,S,1.0,1.0,1.0,1.7320508075688772,110.15174031731199,105.84384077474508,36.11224489795919,-14.893939393939394,2.854460674043792
3710,-27.199420057468767,-104.95567900565419,-0.007746176924568234,11.109841503970273,11.109596672056462,-0.07375654257388121,-8.134752650188227e-05,7.955454371197398e-07,-19.344988859343125,-104.9776251571055,0.00036870580168767055,11.109872109609864,11.109871622430411,0.0032901371662167733,0.0001687378147799762,-5.802734303568621e-07,7.854461858055773,S,1.0,1.0,1.0,1.7320508075688772,110.08852738281443,105.78551515537904,36.11224489795919,-14.893939393939394,2.854461858055773
3720,-27.088325097741144,-104.95654218571694,-0.0076384262208976945,11.109839110029792,11.109603532011311,-0.07234923820850964,6.488485574412926e-05,-2.0486700013629065e-06,-19.233890149642157,-104.97758019207984,0.00035381756902065013,11.109871892190052,11.109871594239598,0.0025730104212814383,-7.567316893633568e-05,-7.525929553987073e-07,7.854463123067704,S,1.0,1.0,1.0,1.7320508075688772,110.02538102370251,105.72727653806146,36.11224489795919,-14.893939393939394,2.8544631230677036
3730,-26.977230072733654,-104.95739379233018,-0.007528486034928372,11.10983680401666,11.109610431473119,-0.0709215960538013,0.00020178716770849904,-4.63682929470258e-06,-19.122791441206513,-104.97753777016668,0.0003373854544403475,11.109871700724918,11.109871496998696,0.0021276147015449986,-0.00016730030568489837,-8.534680007672181e-07,7.854464462728763,S,1.0,1.0,1.0,1.7320508075688772,109.9623011320184,105.66912479905554,36.11224489795919,-14.893939393939394,2.854464462728763
3740,-26.86613498084611,-104.95823355059315,-0.007416409649280602,11.109834591166114,11.109617376760546,-0.06947218904914199,0.00032683920287918084,-6.941269429384825e-06,-19.011692733113854,-104.97750025745019,0.00032199975181260805,11.109871517756279,11.109871373785923,0.001788570465284495,-0.00032881758265943396,-9.527344297744809e-07,7.854465878018341,S,1.0,1.0,1.0,1.7320508075688772,109.89928759594106,105.61106209959392,36.11224489795919,-14.893939393939394,2.854465878018341
3750,-26.75503982054512,-104.95906118329664,-0.007302245033098841,11.109832474701856,11.109624369330579,-0.06799991408874416,0.00043820965144020035,-8.943794710029204e-06,-18.900594024916717,-104.97746378782803,0.0003071947600944278,11.109871465403069,11.109871328425918,0.001744590804071028,-0.0001789131006302076,-9.697543749139366e-07,7.85446735382599,S,1.0,1.0,1.0,1.7320508075688772,109.83634030141955,105.55308528687648,36.11224489795919,-14.893939393939394,2.8544673538259904
3760,-26.643944590392906,-104.95987641278678,-0.0071860352602421415,11.109830455952626,11.109631406200219,-0.06650397268036067,0.0005347072823939707,-1.0634872686683053e-05,-18.789495317011045,-104.9774280912368,0.0002914687530928548,11.109871410938323,11.109871304208994,0.0015399669543938303,-0.00010029773244140987,-9.887385715512867e-07,7.854468883988607,S,1.0,1.0,1.0,1.7320508075688772,109.77345913371292,105.49519427210033,36.11224489795919,-14.893939393939394,2.8544688839886074
3770,-26.532849289072686,-104.96067896266526,-0.007067818908848603,11.109828534492154,11.109638480416173,-0.06498384624117592,0.0006157214166891266,-1.2012730807370846e-05,-18.678396609575078,-104.97739438792283,0.0002747705654950893,11.10987132509081,11.109871258524459,0.001216177279286339,-0.00011663283031814682,-1.0077445775915404e-06,7.854470465913581,S,1.0,1.0,1.0,1.7320508075688772,109.710643978799,105.43739023923239,36.11224489795919,-14.893939393939394,2.8544704659135807
3780,-26.42175391541043,-104.96146855929365,-0.006947630442832095,11.109826708297215,11.109645581553846,-0.06343926745509865,0.0006811549018785818,-1.308239192031649e-05,-18.567297901557225,-104.97736615439534,0.0002600236902469896,11.109871250807592,11.109871211295834,0.0009369851057457862,-0.0002635708928437066,-1.0382981905021985e-06,7.854472102381217,S,1.0,1.0,1.0,1.7320508075688772,109.64789472462503,105.3796763027415,36.11224489795919,-14.893939393939394,2.8544721023812167
3790,-26.310658468392926,-104.96224493308024,-0.006825500575433197,11.109824973917663,11.109652696227446,-0.06187018903166613,0.0007313525796288488,-1.3854682671323418e-05,-18.45619919162359,-104.97734017455,0.0002478897127067309,11.109871340379339,11.109871292219825,0.0010344525157294482,-0.00010290254569501943,-1.014744989367274e-06,7.854473782293943,S,1.0,1.0,1.0,1.7320508075688772,109.58521126218156,105.32204985926754,36.11224489795919,-14.893939393939394,2.854473782293943
3800,-26.19956294718216,-104.96300781953765,-0.006701456614677404,11.109823326655025,11.109659808597351,-0.06027675111337261,0.0007670279410417848,-1.4345244641513454e-05,-18.34510047979532,-104.97731510659443,0.00023715366100866622,11.109871477258613,11.109871422111462,0.001106957768391133,7.331557641263581e-05,-9.828046137977139e-07,7.854475498087155,S,1.0,1.0,1.0,1.7320508075688772,109.52259348638947,105.26450990423794,36.11224489795919,-14.893939393939394,2.8544754980871554
3810,-26.088467351126145,-104.96375696010861,-0.006575522790429245,11.109821760743841,11.109666900860287,-0.058659248433408216,0.0007891903397980699,-1.4573572912750655e-05,-18.23400176690693,-104.97728871409983,0.00022526161670700175,11.109871603763592,11.109871552419984,0.0010681019550764907,0.0002870448120102201,-9.32963198252294e-07,7.854477240532956,S,1.0,1.0,1.0,1.7320508075688772,109.46004129679706,105.20705466505808,36.11224489795919,-14.893939393939394,2.8544772405329564
3820,-25.97737167976647,-104.96449210276522,-0.006447720562712238,11.109820269532968,11.10967395371276,-0.05701809819608071,0.0007990747592803455,-1.4562102301923088e-05,-18.122903053904146,-104.97726327290997,0.00021161384487037872,11.109871623741414,11.109871598565912,0.0007479259276683037,0.0002602561169401512,-8.944176369909278e-07,7.854479008657573,S,1.0,1.0,1.0,1.7320508075688772,109.39755459809125,105.14968623083959,36.11224489795919,-14.893939393939394,2.854479008657573
3830,-25.866275932842804,-104.9652130023929,-0.006318068910948039,11.109818845662994,11.109680946779054,-0.05535380947240158,0.0007980757627732956,-1.4335356721280765e-05,-18.0118043411068,-104.97723924275034,0.0001966457304964028,11.10987160273115,11.109871594037834,0.0004395034169022329,0.000220917573008386,-8.373863442986199e-07,7.8544807986171215,S,1.0,1.0,1.0,1.7320508075688772,109.33513330043115,105.0924051379719,36.11224489795919,-14.893939393939394,2.8544807986171215
3840,-25.755180110294674,-104.96591942097552,-0.006186584603880779,11.109817481238618,11.10968785899959,-0.05366695475125994,0.0007876868754615663,-1.3919173037000608e-05,-17.900705628321735,-104.97721890050235,0.0001822592005803144,11.109871557038591,11.109871555884718,0.0001601211218001141,8.116711311517092e-05,-7.790826432545115e-07,7.854482609707762,S,1.0,1.0,1.0,1.7320508075688772,109.27277731961749,105.03521348201286,36.11224489795919,-14.893939393939394,2.8544826097077616
3850,-25.644084212260907,-104.9666111276018,-0.006053282450020546,11.109816167992316,11.109694668974635,-0.05195814411669586,0.0007694462859007301,-1.334000635991253e-05,-17.78960691487034,-104.97719985930196,0.00016854301815552553,11.109871589501022,11.109871588951826,0.00011046713213992552,0.0001461245523258833,-6.995257654144977e-07,7.85448443479665,S,1.0,1.0,1.0,1.7320508075688772,109.21048657711366,104.9781093605833,36.11224489795919,-14.893939393939394,2.8544844347966496
3860,-25.53298823907703,-104.96728789831573,-0.0059181755286217014,11.10981489743881,11.10970135526292,-0.050228002374541336,0.0007448894178741941,-1.2624320707521212e-05,-17.67850820077443,-104.97718270972288,0.00015538469885481828,11.1098716253493,11.109871625348013,-5.344292076220911e-06,0.0001361869466277162,-6.241608234074864e-07,7.8544862708764605,S,1.0,1.0,1.0,1.7320508075688772,109.14826099993707,104.92109342367516,36.11224489795919,-14.893939393939394,2.8544862708764605
3870,-25.421892191271038,-104.96794951583495,-0.005781275401322992,11.109813661017924,11.109707896634193,-0.04847714930080428,0.0007155086234940913,-1.1798065568835578e-05,-17.567409485746506,-104.97716772748856,0.0001432661444376098,11.109871684599046,11.109871684262805,-8.64360776254275e-05,0.00012837414534713087,-5.485624748805328e-07,7.854488114881202,S,1.0,1.0,1.0,1.7320508075688772,109.08610052043991,104.86416605184276,36.11224489795919,-14.893939393939394,2.8544881148812022
3880,-25.31079606955781,-104.96859576916101,-0.005642592304726975,11.109812450226194,11.109714272278312,-0.04670618306517019,0.0006827199846606319,-1.0886236972761435e-05,-17.456310769332255,-104.97715545143366,0.00013316089013146938,11.109871776571431,11.109871776166338,-9.487381650976007e-05,0.00011789798804690381,-4.752847382539855e-07,7.85448996432104,S,1.0,1.0,1.0,1.7320508075688772,109.02400507599931,104.80732785230666,36.11224489795919,-14.893939393939394,2.85448996432104
3890,-25.199699874832557,-104.96922645310579,-0.005502135324384248,11.109811256734927,11.109720461971678,-0.044915666775797336,0.0006478369992205585,-9.912519242373705e-06,-17.345212051265506,-104.97714367902405,0.00012444784259091706,11.109871913471828,11.109871913449247,2.2399646681472952e-05,0.00024726113559604863,-3.956747285243155e-07,7.854491813798607,S,1.0,1.0,1.0,1.7320508075688772,108.96197460863627,104.75057707595938,36.11224489795919,-14.893939393939394,2.8544918137986066
3900,-25.08860360816351,-104.96984136775623,-0.005359912550720169,11.109810072495439,11.10972644620523,-0.043106118002272986,0.0006120507542450113,-8.899002695094718e-06,-17.234113331934314,-104.97713187964048,0.000115892342112178,11.109872035641507,11.109872035579693,3.70605961914764e-05,0.00033196918325000517,-3.1768170912292664e-07,7.854493659742971,S,1.0,1.0,1.0,1.7320508075688772,108.900009064582,104.6939134086027,36.11224489795919,-14.893939393939394,2.854493659742971
3910,-24.977507270784194,-104.97044031789845,-0.005215931217628902,11.10980888983093,11.109732206277243,-0.04127800107258039,0.0005764160743781518,-7.865971428322555e-06,-17.123014611901574,-104.977119489853,0.00010620876629277267,11.109872120561143,11.109872120422208,-5.556168511871562e-05,0.00038543933964442983,-2.370572360892148e-07,7.854495498743313,S,1.0,1.0,1.0,1.7320508075688772,108.83810839380885,104.63733650698028,36.11224489795919,-14.893939393939394,2.8544954987433133
3920,-24.866410864085413,-104.97102311241986,-0.005070197824543141,11.109807701514885,11.109737724354622,-0.03943172189034313,0.0005418430511641291,-6.831754740239257e-06,-17.011915891622515,-104.97710949001278,9.655747917672264e-05,11.109872143777729,11.109872140353739,-0.00027582636081560077,0.0002400199328909356,-1.6081950271513046e-07,7.854497330602204,S,1.0,1.0,1.0,1.7320508075688772,108.77627254954122,104.5808490793387,36.11224489795919,-14.893939393939394,2.8544973306022037
3930,-24.755314389607257,-104.97158956370595,-0.004922718242879166,11.109806500836248,11.10974298350666,-0.03756762499674131,0.0005090933180983614,-5.81263558886701e-06,-16.900817170759606,-104.9771006543353,8.758456182599688e-05,11.109872190953007,11.109872186800077,-0.0003037714195513517,0.00023517885237379855,-8.327637822975961e-08,7.854499152269699,S,1.0,1.0,1.0,1.7320508075688772,108.71450148776042,104.52445021414046,36.11224489795919,-14.893939393939394,2.8544991522696987
3940,-24.64421784903118,-104.97213948704587,-0.004773497807874808,11.109805281651886,11.109747967715242,-0.035685992590999464,0.0004787804314115852,-4.8228094644164965e-06,-16.789718449283402,-104.97709327724515,7.957866430759442e-05,11.10987223957549,11.109872234938308,-0.00032099376910398037,0.0002030763642305774,-1.1771691859316419e-08,7.854500961911936,S,1.0,1.0,1.0,1.7320508075688772,108.65279516671514,104.46814030869096,36.11224489795919,-14.893939393939394,2.8545009619119357
3950,-24.533121244172346,-104.97267270005844,-0.004622541396883524,11.109804038426496,11.109752661864844,-0.03378704521980135,0.00045137373503735415,-3.8743871403194475e-06,-16.678619727102276,-104.97708659685544,7.237990475800473e-05,11.109872300003621,11.10987229627356,-0.00028789062133943564,0.00022223244480048675,5.468594659968779e-08,7.854502757281391,S,1.0,1.0,1.0,1.7320508075688772,108.5911535464474,104.41191884954422,36.11224489795919,-14.893939393939394,2.8545027572813906
3960,-24.422024576972376,-104.97318902214873,-0.0044698534952322564,11.109802766260744,11.109757051715926,-0.03187094386935736,0.0004272051162271872,-2.9774351201466366e-06,-16.567521004207023,-104.97708165596622,6.658888195925791e-05,11.109872358089138,11.109872354696046,-0.0002745789700371395,0.00017550332129537133,1.1277973384307965e-07,7.8545045373455435,S,1.0,1.0,1.0,1.7320508075688772,108.52957658834242,104.35578687982567,36.11224489795919,-14.893939393939394,2.8545045373455435
3970,-24.31092784949246,-104.97368827400226,-0.004315438250845768,11.109801460908427,11.109761123864947,-0.029937793206704432,0.00040647811448824933,-2.1400479060171767e-06,-16.45642228028286,-104.97708000011697,6.429414074618679e-05,11.109872430334258,11.109872429421197,-0.00014243595264862223,0.00010384226280012689,1.6211846446303401e-07,7.854506301515752,S,1.0,1.0,1.0,1.7320508075688772,108.4680642547085,104.29974587873713,36.11224489795919,-14.893939393939394,2.8545063015157517
3980,-24.199831063907048,-104.97417027712298,-0.004159299518791637,11.109800118782358,11.109764865692819,-0.027987645737501406,0.00038927888842939896,-1.3684462804627733e-06,-16.34532355523021,-104.9770799860785,6.647613813173808e-05,11.109872512257564,11.109872509127413,0.00026372548293019456,0.0002069140396711203,2.1547651341848713e-07,7.854508047628894,S,1.0,1.0,1.0,1.7320508075688772,108.40661650839208,104.24379457293442,36.11224489795919,-14.893939393939394,2.8545080476288938
3990,-24.08873422249805,-104.97463485341923,-0.004001440896963795,11.10979873695077,11.109768265305302,-0.026020506685376452,0.00037558859501735846,-6.670965991486079e-07,-16.23422482946607,-104.97708129895487,7.364244273997302e-05,11.109872565675545,11.109872539294487,0.0007656241758459113,0.0003258445301904314,2.751166394139297e-07,7.854509774029402,S,1.0,1.0,1.0,1.7320508075688772,108.34523331243179,104.18793283487011,36.11224489795919,-14.893939393939394,2.8545097740294016
4000,-23.977637327649646,-104.97508182484017,-0.0038418657541032597,11.109797313124284,11.109771311466849,-0.02403633939996566,0.0003652967886739389,-3.884598596063648e-08,-16.123126104231545,-104.97708095371117,8.448668142568894e-05,11.109872534832105,11.109872448881884,0.0013819522328701206,0.0005910998566439211,3.581031946271964e-07,7.854511477827067,S,1.0,1.0,1.0,1.7320508075688772,108.28391462975364,104.13215822700684,36.11224489795919,-14.893939393939394,2.8545114778270673
4010,-23.866540381843663,-104.97551101306456,-0.0036805772513188433,11.109795845634904,11.109773993530492,-0.02203507113978873,0.0003582154723518323,5.149310203123593e-07,-16.01202738029944,-104.97707652781573,9.599505886089177e-05,11.109872458427471,11.10987230435504,0.0018502567632053472,0.0008501165404402619,4.3948197342520765e-07,7.85451315755876,S,1.0,1.0,1.0,1.7320508075688772,108.22266042290899,104.07646879299283,36.11224489795919,-14.893939393939394,2.8545131575587597
4020,-23.755443387655603,-104.97592223924214,-0.0035175783582392997,11.109794333406596,11.109776301364242,-0.020016599080733416,0.0003540934715994592,9.941789473942978e-07,-15.9009286572038,-104.97706817856916,0.0001058163164741582,11.109872415402458,11.109872232571092,0.002015556071615366,0.0009322160246434915,4.856997192469209e-07,7.85451481404557,S,1.0,1.0,1.0,1.7320508075688772,108.16147065385601,104.02086480561339,36.11224489795919,-14.893939393939394,2.8545148140455696
4030,-23.644346347751238,-104.97631532378718,-0.0033528718648668464,11.109792775919624,11.109778225276871,-0.017980796416624284,0.00035263082113880115,1.4000046922335628e-06,-15.789829934337842,-104.97705600182009,0.00011233861716135905,11.109872423115338,11.109872247822501,0.001973565826660184,0.0009007503981600681,5.00924994678037e-07,7.854516448336231,S,1.0,1.0,1.0,1.7320508075688772,108.10034528378407,103.96534648471284,36.11224489795919,-14.893939393939394,2.8545164483362306
4040,-23.533249264883825,-104.97669008622294,-0.0031864603901211935,11.109791173169146,11.109779755944036,-0.015927518424636865,0.0003534928714747657,1.7345213236836052e-06,-15.678731210960745,-104.97704138348114,0.0001150723975703464,11.10987248555043,11.109872348537385,0.0017448194381837526,0.0007159530873457078,4.814213743819981e-07,7.854518061779053,S,1.0,1.0,1.0,1.7320508075688772,108.03928427298031,103.90991516873112,36.11224489795919,-14.893939393939394,2.8545180617790527
4050,-23.42215214189186,-104.97704634507487,-0.0030183463879921977,11.10978952561861,11.109780884335619,-0.01385660838128226,0.0003563238336981346,2.000695630621798e-06,-15.567632486890187,-104.97702490344906,0.00011391922575202244,11.109872565719705,11.109872471130133,0.0014497434757522925,0.0004868852929335757,4.4993549547132797e-07,7.85451965503094,S,1.0,1.0,1.0,1.7320508075688772,107.97828758073697,103.85457149989449,36.11224489795919,-14.893939393939394,2.8545196550309404
4060,-23.311054981697445,-104.9773839178094,-0.0028485321520943185,11.10978783414939,11.10978160164582,-0.011767903206052355,0.000360759501181409,2.20220208274081e-06,-15.456533762355699,-104.97700688962418,0.0001085834543289919,11.109872625964485,11.10987257291192,0.0010857322380197054,0.00023580440083562857,4.1980544075373383e-07,7.8545212283906904,S,1.0,1.0,1.0,1.7320508075688772,107.9173551652966,103.79931590308603,36.11224489795919,-14.893939393939394,2.8545212283906904
4070,-23.199957787305102,-104.97770262081526,-0.002677019819298775,11.109786100007742,11.109781899226979,-0.009661238730840061,0.0003664388939084548,2.34328537301446e-06,-15.34543503765076,-104.97699161859758,0.00010160805667344353,11.109872621089734,11.109872602492008,0.0006428349292286607,-0.0002046731033638122,3.7010078669969893e-07,7.854522781834794,S,1.0,1.0,1.0,1.7320508075688772,107.85648698383287,103.74415223262547,36.11224489795919,-14.893939393939394,2.8545227818347936
4080,-23.088860561801127,-104.97800226942252,-0.0025038113730368803,11.109784324750066,11.109781768527952,-0.0075364544848594665,0.000373014607600942,2.4286332147198856e-06,-15.234336312798634,-104.97697885722185,9.540373954068112e-05,11.109872609637632,11.109872597667142,0.0005157337137124785,-0.00044318903915960175,3.292858219163558e-07,7.854524315675693,S,1.0,1.0,1.0,1.7320508075688772,107.79568299246338,103.68908043268709,36.11224489795919,-14.893939393939394,2.854524315675693
4090,-22.977763308353346,-104.97828267795482,-0.0023289086466929433,11.109782510187777,11.109781201037816,-0.005393397907607669,0.0003801616658211485,2.46326049049366e-06,-15.12323758787715,-104.97696701874722,9.022900579294686e-05,11.109872599443266,11.10987258516691,0.0005632201904513822,-0.0005055459963463006,3.005148556861749e-07,7.854525830664844,S,1.0,1.0,1.0,1.7320508075688772,107.73494314629038,103.63409927050233,36.11224489795919,-14.893939393939394,2.854525830664844
4100,-22.866666030211302,-104.97854365980953,-0.002152313327419089,11.109780658333035,11.109780188235627,-0.003231927903150329,0.0003875847283044422,2.4524051737717152e-06,-15.012138863099475,-104.97695429737063,8.457493536178e-05,11.109872586227269,11.109872570801363,0.0005854568449049423,-0.0004667286444953175,2.8256208958241447e-07,7.854527327915456,S,1.0,1.0,1.0,1.7320508075688772,107.67426739946502,103.5792073200013,36.11224489795919,-14.893939393939394,2.8545273279154557
4110,-22.75556873070674,-104.9787850275598,-0.00197402696058442,11.109778771345367,11.109778721545508,-0.0010519176770208602,0.00039502354840498,2.4014362553523957e-06,-14.901040138646104,-104.97694252796624,7.837418438190072e-05,11.109872545580727,11.109872537326796,0.00042825255788417945,-0.0005557222791528792,2.5702957692402127e-07,7.8545288081655675,S,1.0,1.0,1.0,1.7320508075688772,107.6136557052708,103.52440631981924,36.11224489795919,-14.893939393939394,2.8545288081655675
4120,-22.64447141325446,-104.97900659307288,-0.0017940509549496915,11.10977685148127,11.109776792298266,0.0011467431859979124,0.0004022566324258073,2.315772942059294e-06,-14.789941414106263,-104.97693600433549,7.537614313681469e-05,11.109872511393284,11.109872506172847,0.0003405830140904299,-0.0007707635912749156,2.1012093861173433e-07,7.8545302720695345,S,1.0,1.0,1.0,1.7320508075688772,107.55310801622069,103.46970015254156,36.11224489795919,-14.893939393939394,2.8545302720695345
4130,-22.533374081353358,-104.9792081676387,-0.0016123865885783514,11.10977490104773,11.109774391699512,0.0033641474203115226,0.0004091031196029293,2.2008142585507718e-06,-14.67884268899979,-104.97693264530376,7.79825264520845e-05,11.10987252855178,11.109872503897696,0.0007401401559214132,-0.0006617861965093076,1.7780751450655774e-07,7.854531721972328,S,1.0,1.0,1.0,1.7320508075688772,107.49262428416355,103.41508715555723,36.11224489795919,-14.893939393939394,2.854531721972328
4140,-22.422276738587723,-104.9793895621026,-0.0014290350154334797,11.10977292235887,11.109771510802522,0.005600369539894058,0.0004154229640911096,2.061878146335529e-06,-14.567743963997561,-104.97692878273465,8.497089548142548e-05,11.109872523860234,11.109872444736315,0.001325938660681951,-0.0003326372732942271,1.738008683331324e-07,7.854533160064074,S,1.0,1.0,1.0,1.7320508075688772,107.43220446039443,103.36056427995088,36.11224489795919,-14.893939393939394,2.854533160064074
4150,-22.311179388628663,-104.97955058699706,-0.0012439972725175538,11.10977091769794,11.109768140487024,0.007855466022070899,0.00042111556464950305,1.9041484953090628e-06,-14.456645239636742,-104.9769225222104,9.372891186825993e-05,11.109872492760452,11.109872352864771,0.0017630786510528305,-1.0786266314725468e-05,1.7630143702770865e-07,7.854534588656717,S,1.0,1.0,1.0,1.7320508075688772,107.37184849576457,103.30613001674492,36.11224489795919,-14.893939393939394,2.8545345886567173
4160,-22.20008203523571,-104.97969105266712,-0.0010572742874156895,11.109768889283647,11.10976427144194,0.010129476143370262,0.00042611704850624703,1.7326289680804656e-06,-14.34554651583079,-104.97691478529376,0.00010311393278015185,11.109872453552208,11.109872277833896,0.001975959531274168,0.00015004406832902742,1.651401592608506e-07,7.854536010055211,S,1.0,1.0,1.0,1.7320508075688772,107.3115563407864,103.25178531007052,36.11224489795919,-14.893939393939394,2.8545360100552113
4170,-22.088984674133098,-104.97980207139402,-0.000875549261815622,11.109766813875614,11.109759908077391,0.012387234079360635,0.0008129882922351643,1.3950165031586914e-06,-14.234447792640637,-104.97690652370551,0.00011350243933529395,11.109872396895476,11.10987218875467,0.0021505430797927154,0.00023043791951651827,1.5126275325772317e-07,7.854537415209233,S,1.0,1.0,1.0,1.7320508075688772,107.25132063543369,103.19753113221373,36.11224489795919,-14.893939393939394,2.854537415209233
4180,-21.97788724784956,-104.97988678398166,-0.0007039694093886895,11.10976954947593,11.109761078968543,0.013718990426399827,0.0006429380715206863,3.8712467135472225e-07,-14.123349070849644,-104.97689446192497,0.00012294733818712562,11.109872307255369,11.109872051118375,0.002385644256862247,0.0004557215592026927,1.6070462654216282e-07,7.854538746988294,S,1.0,1.0,1.0,1.7320508075688772,107.19114408326364,103.14336476564904,36.11224489795919,-14.893939393939394,2.854538746988294
4190,-21.86678971961057,-104.97994856757688,-0.0005436177622854602,11.109776047286879,11.109766454220953,0.014599778630209557,0.00020067956463617814,-1.2042541611162878e-06,-14.012250349169884,-104.97688163343065,0.00013138082717542031,11.109872287469372,11.109872041418175,0.002338203299737265,0.0003850090768053661,1.1653044993356475e-07,7.854539969208115,S,1.0,1.0,1.0,1.7320508075688772,107.13102960402298,103.08928899892065,36.11224489795919,-14.893939393939394,2.8545399692081146
4200,-21.755692075920777,-104.97999871597932,-0.0003873133908057562,11.109784803888733,11.109774224114755,0.015332250729173508,-0.000738288204413453,-3.1979921875021307e-06,-13.901151627799264,-104.97686672336003,0.00013851773551999452,11.109872275780164,11.10987202176997,0.002375719164879066,0.00040971270229638187,8.738225595197464e-08,7.854541072561443,S,1.0,1.0,1.0,1.7320508075688772,107.07098679748422,103.03530282519884,36.11224489795919,-14.893939393939394,2.8545410725614433
4210,-21.644594366735227,-104.98003569847006,-0.00022920912862863218,11.109790403470521,11.109777515856678,0.016922092397784305,-0.0011362506845257175,-4.488346411830793e-06,-13.790052905958953,-104.97685251200924,0.00014565966115158855,11.109872298565175,11.109872055796675,0.002322553336486812,0.0002491603811957474,2.5092037445563642e-08,7.854542105796462,S,1.0,1.0,1.0,1.7320508075688772,107.01101452297759,102.98140881707074,36.11224489795919,-14.893939393939394,2.8545421057964617
4220,-21.533496632921572,-104.98005725528893,-6.781324391261276e-05,11.109792786870322,11.109776709111577,0.018900816854680792,-0.0012284566697161495,-5.004012627939216e-06,-13.67895418470705,-104.97683472844348,0.0001511639375795009,11.109872292947509,11.109872021562202,0.002455628665592196,0.00036652843217611914,1.6534031750326005e-08,7.854543109276507,S,1.0,1.0,1.0,1.7320508075688772,106.95111101795095,102.92760338187672,36.11224489795919,-14.893939393939394,2.8545431092765066
4230,-21.422398902051956,-104.98006170906088,9.644910494104632e-05,11.109792807879828,11.1097730067582,0.020975517280646415,-0.0011545005823100551,-4.899541829990652e-06,-13.56785546317729,-104.97681478366037,0.00015355452562360335,11.109872336094362,11.109872102648762,0.002277520930428193,0.00027025344695818544,-3.12869842705891e-08,7.85454410998459,S,1.0,1.0,1.0,1.7320508075688772,106.89127499926825,102.87388789373419,36.11224489795919,-14.893939393939394,2.85454410998459
4240,-21.311301189871454,-104.98004816078515,0.0002627238276047125,11.10979146759008,11.109767613620985,0.02302226478096132,-0.0010098080761809336,-4.411411261114461e-06,-13.456756741502831,-104.97679126838797,0.00015088099746387792,11.109872389754726,11.109872212770899,0.0019830621330426336,0.00021698256442786697,-6.317166259628018e-08,7.854545123604959,S,1.0,1.0,1.0,1.7320508075688772,106.83150583069198,102.82026125898938,36.11224489795919,-14.893939393939394,2.854545123604959
4250,-21.200203503656248,-104.98001626494421,0.0004303376297124796,11.109789578262605,11.10976141772293,0.025014286865213224,-0.0008456381315795696,-3.748447717186459e-06,-13.345658019470012,-104.9767692021617,0.00014460839532961186,11.109872397752863,11.109872308404587,0.001409005289039313,-0.00015962529684759717,-1.306717712763595e-07,7.854546155352778,S,1.0,1.0,1.0,1.7320508075688772,106.77180333681932,102.76672801664455,36.11224489795919,-14.893939393939394,2.854546155352778
4260,-21.089105845736764,-104.97996595087378,0.0005989181014165447,11.109787659413223,11.109754934872692,0.026965242855306583,-0.0006831786980483713,-3.0489110076362555e-06,-13.23455929737016,-104.97674839649794,0.000136463448035569,11.10987239013603,11.109872339422274,0.001061530354310954,-0.0003739382054058119,-1.6771604289960213e-07,7.854547207389736,S,1.0,1.0,1.0,1.7320508075688772,106.71216757108822,102.71328814755964,36.11224489795919,-14.893939393939394,2.8545472073897358
4270,-20.978008216304804,-104.97989722880568,0.0007683206175740003,11.109785963674009,11.109748382032492,0.028897172429448826,-0.0005282774831790488,-2.3820894281994693e-06,-13.123460575192313,-104.97673158322516,0.00012919567816717901,11.10987234948057,11.109872320442614,0.0008032533663577285,-0.0006458245469563146,-2.0796320744865927e-07,7.8545482790430246,S,1.0,1.0,1.0,1.7320508075688772,106.65259865411642,102.65994419469048,36.11224489795919,-14.893939393939394,2.8545482790430246
4280,-20.86691061523866,-104.9798100940439,0.0009385226312774249,11.109784556403067,11.109741786319072,0.030827439206022652,-0.00038130288685132374,-1.769252973941313e-06,-13.012361853132393,-104.97671355215857,0.00012147525849162024,11.109872342961706,11.10987231025405,0.0008524997277601095,-0.0005075995475519202,-1.9798076645888484e-07,7.854549372489597,S,1.0,1.0,1.0,1.7320508075688772,106.5930966938907,102.60669173348352,36.11224489795919,-14.893939393939394,2.854549372489597
4290,-20.755813043044668,-104.97970449778087,0.001109546420332122,11.109783399782689,11.10973508071226,0.03276623991786222,-0.00024197161848413354,-1.206738882491025e-06,-12.901263132002285,-104.97669259510222,0.0001095699874065273,11.109872288796815,11.109872272984575,0.0005927427409153892,-0.0004119501762037124,-1.7211976677308616e-07,7.8545504885138815,S,1.0,1.0,1.0,1.7320508075688772,106.5336617615572,102.55352940637738,36.11224489795919,-14.893939393939394,2.8545504885138815
4300,-20.644715501167795,-104.97958035027246,0.0012814187276455396,11.109782417376405,11.109728169525225,0.03471830502233133,-0.00011086049056526325,-6.830912044734909e-07,-12.790164413388899,-104.97667129000784,9.216324372180191e-05,11.109872076165244,11.109872075935266,-7.148452352312299e-05,-0.0005572544544820486,-1.2862139643972877e-07,7.85455162648768,S,1.0,1.0,1.0,1.7320508075688772,106.47429389416688,102.50045962001133,36.11224489795919,-14.893939393939394,2.8545516264876802
4310,-20.533617991937543,-104.97943753376379,0.0014541565146769697,11.109781533319131,11.109720964388469,0.03668530368047823,1.0662555286354117e-05,-1.8862770401881927e-07,-12.679065698715572,-104.97665070009249,6.924594652797006e-05,11.109871735281557,11.109871703490056,-0.0008404754441125154,-0.0007299172460202357,-5.437936219488442e-08,7.854552787613081,S,1.0,1.0,1.0,1.7320508075688772,106.41499310548906,102.44748345376235,36.11224489795919,-14.893939393939394,2.8545527876130814
4320,-20.422520518358457,-104.97927591451067,0.0016277660364790029,11.109780690101887,11.109713398560071,0.03866760938556409,0.00012096509880463191,2.8101014876777306e-07,-12.567966989538595,-104.97663531365188,4.367970039118532e-05,11.109871239325187,11.109871113842786,-0.0016697864052140157,-0.0010760651042457036,4.131555688893636e-08,7.854553972688038,S,1.0,1.0,1.0,1.7320508075688772,106.35575939601314,102.39460500229036,36.11224489795919,-14.893939393939394,2.854553972688038
4330,-20.311423083878143,-104.97909535087507,0.0018022464545152668,11.10977985220832,11.109705428281845,0.04066523501483722,0.00021861132934049575,7.24934402646158e-07,-12.456868284086209,-104.97662560640786,1.8498824605420118e-05,11.109870877462754,11.109870665226941,-0.0021715950129124477,-0.0012373342294376938,1.056594210069934e-07,7.854555188078587,S,1.0,1.0,1.0,1.7320508075688772,106.29659275964606,102.34182483493439,36.11224489795919,-14.893939393939394,2.854555188078587
4340,-20.200325692198664,-104.97889569794162,0.0019775936139552483,11.109779002432203,11.10969702809698,0.04267817681923276,0.0003026145932362386,1.1386869794577884e-06,-12.345769580033794,-104.97662553841572,-1.2272841676526293e-06,11.109870710218102,11.109870449105264,-0.0024087049781684913,-0.0014304470018806888,1.2788140310176234e-07,7.854556440230778,S,1.0,1.0,1.0,1.7320508075688772,106.23749318750656,102.28914659021065,36.11224489795919,-14.893939393939394,2.8545564402307777
4350,-20.089228365334833,-104.97866811190916,0.002147120080784317,11.10977811332321,11.109688303697922,0.044671265406563916,0.0007551061945342431,2.487028046199911e-06,-12.234670872030149,-104.97663221788555,-1.2537380367964116e-05,11.109870985341438,11.109870802541591,-0.002015382196141767,-0.0011952550196647478,5.8036555570052584e-08,7.854557757155602,S,1.0,1.0,1.0,1.7320508075688772,106.17845329988076,102.23656787511935,36.11224489795919,-14.893939393939394,2.854557757155602
4360,-19.97813103997553,-104.97841577809473,0.0023056748806747408,11.10978171416048,11.109687577460882,0.045734751622206214,0.0006373218478538745,1.5139807111451792e-06,-12.123572157960975,-104.97663913833287,-1.8172322881130972e-05,11.109871476046987,11.109871392288646,-0.0013642172807638512,-0.0005870005075784505,-6.554294182867952e-08,7.854559082945558,S,1.0,1.0,1.0,1.7320508075688772,106.11947586690337,102.18408310637595,36.11224489795919,-14.893939393939394,2.854559082945558
4370,-19.8670337015037,-104.97812976624625,0.002442681085200886,11.10978877283273,11.10969232165157,0.046293576188386774,0.0007777798185180571,7.673605545695842e-07,-12.01247343894876,-104.9766438857194,-2.2622221050462844e-05,11.109871922140544,11.109871872916802,-0.0010458197399186974,-6.087343575893146e-05,-1.8413633366237544e-07,7.854560403100105,S,1.0,1.0,1.0,1.7320508075688772,106.06055340016998,102.13169030012224,36.11224489795919,-14.893939393939394,2.8545604031001046
4380,-19.755936221816015,-104.97782758383188,0.002559110888636526,11.109802793607658,11.109710177356677,0.04536395033478609,-0.0004437213536129267,-5.075606364227171e-06,-11.901374717008895,-104.97664675780543,-2.8808007670067055e-05,11.109872205273568,11.109872149333306,-0.0011148893806224053,0.00025360782156483725,-2.655929015674747e-07,7.8545615935676505,S,1.0,1.0,1.0,1.7320508075688772,106.00170080258646,102.07938986168938,36.11224489795919,-14.893939393939394,2.8545615935676505
4390,-19.644838599962117,-104.97751356924273,0.0026611209491928982,11.109817267618459,11.109727015902024,0.044781156862983396,-0.0014865296993449247,-1.0308437173705999e-05,-11.790275994099867,-104.97664932241658,-3.7489766990561855e-05,11.109872318168861,11.10987222753603,-0.0014190977276659258,0.0003657948086818431,-2.978633257004884e-07,7.854562653409301,S,1.0,1.0,1.0,1.7320508075688772,105.94292187962132,102.02718331833098,36.11224489795919,-14.893939393939394,2.8545626534093014
4400,-19.53374085951435,-104.9771895663467,0.0027527643923580835,11.109829949584615,11.109740753123909,0.044518614815534194,-0.00231867266762007,-1.4400675535126226e-05,-11.679177271408582,-104.9766500413949,-5.031392993429216e-05,11.10987231448077,11.109872171144083,-0.0017846300858904908,0.0004938969545307739,-3.0741468864766504e-07,7.85456360663558,S,1.0,1.0,1.0,1.7320508075688772,105.88421833562104,101.97506945603878,36.11224489795919,-14.893939393939394,2.8545636066355797
4410,-19.42264303115601,-104.97685640613994,0.0028362084273104837,11.10983999146749,11.109751143303303,0.04443163154021082,-0.0029264522817538732,-1.7122273160969182e-05,-11.568078551441934,-104.97665565147604,-6.42855491004757e-05,11.109872133444952,11.109871876008539,-0.0023916879423013025,0.00018508208820231734,-2.3177888269613818e-07,7.854564482279619,S,1.0,1.0,1.0,1.7320508075688772,105.8255910199721,101.92305437228305,36.11224489795919,-14.893939393939394,2.854564482279619
4420,-19.311545143016307,-104.9765147082205,0.002912510725449758,11.109847445511068,11.109758722219222,0.04440041219092399,-0.0033396305909472075,-1.858235065978258e-05,-11.456979832599606,-104.97666478735741,-7.67623296664949e-05,11.109872048204156,11.109871756464159,-0.002546053413885877,0.00014179875648922565,-1.9206101957109876e-07,7.854565311850501,S,1.0,1.0,1.0,1.7320508075688772,105.76704060225597,101.87113701030516,36.11224489795919,-14.893939393939394,2.854565311850501
4430,-19.200447216583047,-104.97616518178147,0.0029822384917730814,11.109852800694771,11.109764254432179,0.04435610495167148,-0.0035954359946356105,-1.902282353399033e-05,-11.345881113977574,-104.97667727495836,-8.650590931126702e-05,11.10987203387636,11.10987174647443,-0.002527053072982072,0.00014513989892280573,-1.669165681123776e-07,7.8545661192989105,S,1.0,1.0,1.0,1.7320508075688772,105.70856782612232,101.81931736515051,36.11224489795919,-14.893939393939394,2.8545661192989105
4440,-19.08934926620686,-104.97580865560005,0.0030458160794497985,11.109856653904336,11.109768446104038,0.04427125764539097,-0.0037242146892955126,-1.86943263698566e-05,-11.234782394271791,-104.97668821335111,-9.60584975999849e-05,11.109872095340592,11.109871841746296,-0.0023737734305080034,0.0004092719908819311,-1.948015107438064e-07,7.854566921181695,S,1.0,1.0,1.0,1.7320508075688772,105.65017353483246,101.76759124727522,36.11224489795919,-14.893939393939394,2.8545669211816946
4450,-18.97825130038028,-104.97544601069804,0.003103664905918735,11.109859528822643,11.109771833619355,0.04414244090798191,-0.003747725772796633,-1.7804456445196287e-05,-11.123683674697304,-104.97670056896818,-0.00010602698875831355,11.109872109215265,11.109871813208464,-0.002564604321973105,0.000360915436972075,-1.7288076780584616e-07,7.854567725874133,S,1.0,1.0,1.0,1.7320508075688772,105.5918586147833,101.71596142709551,36.11224489795919,-14.893939393939394,2.8545677258741327
4460,-18.86715332354134,-104.97507810701843,0.0031562301709781838,11.109861807435259,11.109774770547812,0.04397644833275135,-0.00368198046734063,-1.6508879005441617e-05,-11.012584955271176,-104.97671616060772,-0.00011441890103631618,11.109872133121842,11.109871811158943,-0.0026746837516738167,0.0002705701694126971,-1.433172204680703e-07,7.854568539076466,S,1.0,1.0,1.0,1.7320508075688772,105.53362393400182,101.66442966293232,36.11224489795919,-14.893939393939394,2.8545685390764657
4470,-18.756055337717328,-104.97470573566133,0.003203964349479175,11.1098637299768,11.109777459345018,0.043782444922264456,-0.0035403503584172796,-1.4921033430928588e-05,-10.901486234902242,-104.97673189657283,-0.00012163113867181638,11.109872205535284,11.109871913054866,-0.002549282261067687,0.0004023106486045554,-1.5574296702574e-07,7.854569364148834,S,1.0,1.0,1.0,1.7320508075688772,105.47547030217142,101.6129933625887,36.11224489795919,-14.893939393939394,2.8545693641488343
4480,-18.64495734373942,-104.9743295976577,0.0032473046065864667,11.109865426409385,11.10977999601447,0.04356871679644981,-0.003335485212119725,-1.3125959605437565e-05,-10.790387513603156,-104.97674554955829,-0.00013038792216258095,11.10987226595992,11.109871972043852,-0.002555531231936896,0.0005444446565183134,-1.710132212854677e-07,7.85457020169216,S,1.0,1.0,1.0,1.7320508075688772,105.4173984529709,101.56165069555017,36.11224489795919,-14.893939393939394,2.8545702016921597
4490,-18.533859342005258,-104.97395030024403,0.003286657741582789,11.10986695498033,11.109782411509968,0.04334196889482931,-0.0030800257528564162,-1.1191760579747654e-05,-10.679288792695937,-104.97675871173203,-0.0001419627044683007,11.109872244994857,11.109871875606114,-0.0028649124526960185,0.0004740191204627565,-1.358074802825838e-07,7.854571051384818,S,1.0,1.0,1.0,1.7320508075688772,105.3594090410772,101.51040321743278,36.11224489795919,-14.893939393939394,2.854571051384818
4500,-18.42276133287969,-104.97356836174137,0.003322394087716697,11.109868335074083,11.109784703384882,0.0431076224938549,-0.0027865672374062745,-9.176996806692208e-06,-10.568190073472516,-104.97677492879542,-0.00015431528758208936,11.109872156666917,11.109871682416639,-0.0032461854063198623,0.0002230247596077119,-5.5648622592584134e-08,7.854571913935061,S,1.0,1.0,1.0,1.7320508075688772,105.30150264632744,101.45925422119947,36.11224489795919,-14.893939393939394,2.854571913935061
4510,-18.311663316853856,-104.97318421940075,0.003354847516389085,11.109869569942681,11.109786856668174,0.04287027573330831,-0.002467313419278941,-7.134491420000603e-06,-10.45709135512976,-104.97679436231604,-0.00016517072218216058,11.10987211930179,11.109871611136006,-0.0033602549788451412,8.912240508175174e-05,-8.279156529854473e-09,7.854572791376638,S,1.0,1.0,1.0,1.7320508075688772,105.243679780307,101.40820399901996,36.11224489795919,-14.893939393939394,2.854572791376638
4520,-18.20056529456811,-104.97279823759236,0.0033843183945346193,11.10987065971767,11.109788855622087,0.04263401401258705,-0.002133693958291211,-5.1126765513512726e-06,-10.345992636573195,-104.97681554262213,-0.00017405465674591878,11.109872146331387,11.109871662184956,-0.003279879522049805,9.569181061291112e-05,-1.3813238540541072e-09,7.854573685341619,S,1.0,1.0,1.0,1.7320508075688772,105.18594089318331,101.3572513934447,36.11224489795919,-14.893939393939394,2.8545736853416193
4530,-18.089467266774925,-104.97241071554005,0.003411077381367816,11.109871607162262,11.109790688969426,0.04240253433997141,-0.0017960646015688924,-3.1555553162697766e-06,-10.234893917229837,-104.9768368634163,-0.0001820294146695202,11.10987220657415,11.10987175041891,-0.003183653984012354,0.00017218382402998418,-1.5527719913910706e-08,7.854574596639144,S,1.0,1.0,1.0,1.7320508075688772,105.12828638014184,101.30639512316432,36.11224489795919,-14.893939393939394,2.854574596639144
4540,-17.97836923428722,-104.97202189458719,0.0034353690291123915,11.109872418963565,11.109792351126591,0.04217914764928789,-0.0014635158784637562,-1.3020726961948697e-06,-10.123795197004998,-104.97685654410422,-0.0001913950302910596,11.109872257960117,11.10987179419944,-0.003210084661557062,0.00027260122618921225,-3.370614734154226e-08,7.854575525194465,S,1.0,1.0,1.0,1.7320508075688772,105.07071658743499,101.25563374917267,36.11224489795919,-14.893939393939394,2.8545755251944653
4550,-17.86727119793437,-104.97163196516031,0.0034574148575844594,11.109873104853957,11.109793841446626,0.04196673101284123,-0.0011437755003212702,4.146046874882592e-07,-10.012696477344418,-104.97687694563518,-0.00020245164990448326,11.109872234912325,11.109871686710044,-0.003490116662314203,0.0001587837804964112,9.369030796778084e-09,7.854576471787064,S,1.0,1.0,1.0,1.7320508075688772,105.01323181819623,101.20496951641218,36.11224489795919,-14.893939393939394,2.8545764717870643
4560,-17.756173158532732,-104.9712410735342,0.0034774159109733985,11.109873676084202,11.109795162812915,0.041767677544788565,-0.0008431804554096679,1.9676311460775024e-06,-9.901597758389217,-104.97689796358543,-0.00021500821237768771,11.109872191672682,11.109871562601121,-0.0037386908005126963,8.262454331839551e-05,4.665336705670726e-08,7.854577437198306,S,1.0,1.0,1.0,1.7320508075688772,104.95583233811125,101.15440247791369,36.11224489795919,-14.893939393939394,2.854577437198306
4570,-17.64507511686944,-104.970849328397,0.003495554910228421,11.109874144067625,11.10979632032478,0.04158386610614218,-0.0005666986224730563,3.336737754254801e-06,-9.790499041286743,-104.97692324151063,-0.00022648352145979267,11.109872116931811,11.10987139675483,-0.004000268465909762,-0.0001591450894173431,1.266775826427049e-07,7.8545784240490315,S,1.0,1.0,1.0,1.7320508075688772,104.8985183809432,101.1039360264167,36.11224489795919,-14.893939393939394,2.8545784240490315
4580,-17.53397707369516,-104.97045680714429,0.0035119981107501457,11.109874519505876,11.10979732037347,0.041416655929470775,-0.000317986131953645,4.508190872577e-06,-9.67940032412806,-104.97695032629775,-0.00023595600035145332,11.109872138705096,11.109871445605707,-0.003924345895877501,-0.00012748713486617278,1.1638203411422321e-07,7.854579433720881,S,1.0,1.0,1.0,1.7320508075688772,104.84129015384832,101.05356812495491,36.11224489795919,-14.893939393939394,2.8545794337208807
4590,-17.422879029721337,-104.97006356180654,0.003526896939661264,11.109874812004625,11.109798170134454,0.04126690310591247,-9.9471538523847e-05,5.474495283343681e-06,-9.568301606493081,-104.97697865027253,-0.0002437857100288792,11.109872194950816,11.109871531362652,-0.003839890484772075,-8.049610668087027e-05,9.555264390753237e-08,7.854580467213733,S,1.0,1.0,1.0,1.7320508075688772,104.78414784239615,101.00329841447498,36.11224489795919,-14.893939393939394,2.854580467213733
4600,-17.31178098561858,-104.96966962452129,0.003540389454822194,11.109875030050514,11.109798877371876,0.041134993454417526,8.753951877366121e-05,6.233904566881757e-06,-9.457202888100772,-104.97700740709524,-0.00025068145181331923,11.109872265705436,11.109871626086896,-0.0037699018736642442,-1.8395494351055469e-06,6.300756882820782e-08,7.854581525011982,S,1.0,1.0,1.0,1.7320508075688772,104.72709161521556,100.95312632201792,36.11224489795919,-14.893939393939394,2.854581525011982
4610,-17.200682942014485,-104.96927501248278,0.0035526016482101005,11.109875181190834,11.109799450417846,0.0410208865747455,0.0002427444222992163,6.789802683984645e-06,-9.34610416956436,-104.97703827782968,-0.0002558667179773935,11.109872325940229,11.109871690769882,-0.003756770223862922,-2.8516500530570763e-05,6.152549162407368e-08,7.854582608955932,S,1.0,1.0,1.0,1.7320508075688772,104.67012162820616,100.90305349428021,36.11224489795919,-14.893939393939394,2.8545826089559316
4620,-17.08958489949024,-104.96887973232693,0.0035636486076619264,11.109875272283675,11.109799898209559,0.040924166981660466,0.0003667133390794497,7.150011756769478e-06,-9.235005450869044,-104.97707200432393,-0.0002575424668981607,11.109872398710152,11.109871819507397,-0.003587441577150462,-2.5587386401668377e-05,5.179865959623588e-08,7.854583720861529,S,1.0,1.0,1.0,1.7320508075688772,104.61323802827658,100.85308074173753,36.11224489795919,-14.893939393939394,2.8545837208615286
4630,-16.978486858576336,-104.96848378393177,0.0035736355485605554,11.10987530973157,11.109800230307414,0.040844099261618895,0.0004607533517396797,7.326068899096312e-06,-9.123906731601421,-104.97710699814387,-0.0002551331799867661,11.109872467999748,11.109872007458309,-0.0031989237420461084,0.00012035168781384365,8.242226412631201e-09,7.854584860506162,S,1.0,1.0,1.0,1.7320508075688772,104.55644095659109,100.80320679353308,36.11224489795919,-14.893939393939394,2.8545848605061623
4640,-16.867388850843685,-104.96807846521067,0.0035759759019276505,11.109875299674464,11.109800586029005,0.04074448412134728,0.0009093785195317331,8.671382200215845e-06,-9.012808012205111,-104.97714324449043,-0.0002481931676930299,11.109872503636213,11.109872163315968,-0.0027498779921195744,0.0002538868883793674,-1.9150875651217333e-08,7.854586069356656,S,1.0,1.0,1.0,1.7320508075688772,104.49972306943215,100.75343178336439,36.11224489795919,-14.893939393939394,2.854586069356656
4650,-16.756290863624717,-104.96766710237816,0.0035656114883771753,11.109875324558422,11.109804341020123,0.03971437375237595,0.0007761407814230483,7.864459527818468e-06,-8.9017092930954,-104.97717858223498,-0.00023742108904354438,11.109872458865151,11.109872243755838,-0.002186246561540173,0.0004965058931332611,-5.398809253494352e-08,7.854587329474913,S,1.0,1.0,1.0,1.7320508075688772,104.44308735798576,100.703753924916,36.11224489795919,-14.893939393939394,2.8545873294749127
4660,-16.645192888003123,-104.96725325903358,0.003541540747602137,11.109875063365363,11.109809295669349,0.03822744362962981,0.00034844908326998924,6.058501726741512e-06,-8.790610575054124,-104.97721334970508,-0.00022307729206279733,11.10987235396507,11.10987222682875,-0.0016807547520257245,0.0006445133848829639,-5.121185216191453e-08,7.85458862794847,S,1.0,1.0,1.0,1.7320508075688772,104.38653702647412,100.6541736651782,36.11224489795919,-14.893939393939394,2.85458862794847
4670,-16.53409489057655,-104.96684841813126,0.0035110193257948874,11.109874226733293,11.109813989382712,0.03658490329173711,-0.0005953067677777065,2.5328286503843824e-06,-8.679511858169391,-104.9772427091428,-0.0002084076882643027,11.109872149815576,11.109872092174314,-0.0011317129168504116,0.000984707690278345,-7.647629707278289e-08,7.854589909999381,S,1.0,1.0,1.0,1.7320508075688772,104.33008211062766,100.6046868166644,36.11224489795919,-14.893939393939394,2.8545899099993806
4680,-16.422996873823813,-104.96645124143213,0.0034799624307110103,11.109873518937762,11.109815867751724,0.03579094084444315,-0.0010144103397727393,7.734705210936494e-07,-8.568413141656276,-104.97727007898177,-0.0001942341803525338,11.109872062651995,11.109872018361099,-0.0009920344663390832,0.0009340675469017269,-5.263674830682335e-08,7.854591183051912,S,1.0,1.0,1.0,1.7320508075688772,104.27372161065516,100.5552965793635,36.11224489795919,-14.893939393939394,2.8545911830519124
4690,-16.311898843141336,-104.9660596660902,0.00344992402090187,11.109872920842541,11.109816600010102,0.03537557646652028,-0.0011411211877337822,-3.211285474601973e-08,-8.457314425266363,-104.97729417929942,-0.00018109105433686346,11.10987198656706,11.10987195774578,-0.0008002508560631368,0.000949308685417946,-4.495237091556245e-08,7.854592452305299,S,1.0,1.0,1.0,1.7320508075688772,104.21745389956699,100.50600194839892,36.11224489795919,-14.893939393939394,2.8545924523052992
4700,-16.20080080252776,-104.96567221645012,0.0034205358411430434,11.109872427229925,11.109817155848532,0.035044442318063265,-0.0011121181358229111,-3.539428882622874e-07,-8.34621570835552,-104.97731587369556,-0.00016930803180810746,11.109871983049478,11.109871959387121,-0.0007251010313976726,0.0008396278718386444,-3.4650819404669655e-08,7.854593724461295,S,1.0,1.0,1.0,1.7320508075688772,104.16127785367743,100.4568038386486,36.11224489795919,-14.893939393939394,2.854593724461295
4710,-16.089702753850986,-104.96528820008658,0.0033909957929784407,11.109872006441057,11.109817902981021,0.034672209405088576,-0.0010200483199533704,-4.973508386347182e-07,-8.235116990194605,-104.97733323476392,-0.00016055995754209494,11.109872023658092,11.109872002783527,-0.0006810487922727728,0.0007959919773686597,-4.1841878747530484e-08,7.854594999202306,S,1.0,1.0,1.0,1.7320508075688772,104.10519302321552,100.40770066244909,36.11224489795919,-14.893939393939394,2.8545949992023063
4720,-15.978604697484315,-104.9649074827201,0.003360678026214948,11.109871621531465,11.109818886908892,0.03423079012607711,-0.0009135820908723607,-6.114200006990257e-07,-8.124018270052677,-104.97734807946453,-0.00015555656247515597,11.109872151440545,11.109872115685555,-0.0008913286363453364,0.0005581712008484459,-3.5658129170222724e-08,7.854596279532173,S,1.0,1.0,1.0,1.7320508075688772,104.04919943961735,100.35869418975592,36.11224489795919,-14.893939393939394,2.8545962795321733
4730,-15.86750663309775,-104.96453020920598,0.0033292533591440816,11.109871245944683,11.109820035038963,0.03373263279575671,-0.0008115495617336182,-7.442717996190997e-07,-8.01291954795942,-104.97736131809918,-0.00015404820026047557,11.109872298186453,11.10987223795078,-0.0011569015812070266,0.000286780629495361,-2.496930764509918e-08,7.854597565463,S,1.0,1.0,1.0,1.7320508075688772,103.99329737555973,100.30978537982001,36.11224489795919,-14.893939393939394,2.854597565463
4740,-15.756408560181633,-104.96415660905458,0.003296616486982773,11.109870866257967,11.109821263741402,0.03319868441576722,-0.0007177007273936052,-8.964165348574411e-07,-7.9018208243593895,-104.97737372482877,-0.00015558902888894698,11.109872421256187,11.10987232778207,-0.001441170024651178,6.458080550548638e-06,-5.017447087745048e-09,7.854598856203834,S,1.0,1.0,1.0,1.7320508075688772,103.93748717733529,100.26097507134187,36.11224489795919,-14.893939393939394,2.8545988562038342
4750,-15.645310478281202,-104.96378689998289,0.0032627805642701617,11.109870479144693,11.109822516354578,0.032645343795800676,-0.000630585003969842,-1.0545034053603174e-06,-7.790722100027556,-104.97738657334813,-0.00015918248633463433,11.10987249419564,11.109872360686794,-0.0017223624738205438,-0.0002857408462137201,2.6817613345526525e-08,7.854600151689001,S,1.0,1.0,1.0,1.7320508075688772,103.88176918153887,100.2122645535547,36.11224489795919,-14.893939393939394,2.8546001516890014
4760,-15.534212387049774,-104.96342125804058,0.0032278002228712725,11.10987008720062,11.109823765537188,0.0320819759402692,-0.0005483878163944824,-1.2066670036972348e-06,-7.679623376026258,-104.97740303550312,-0.00016171589720829897,11.10987251706369,11.109872352597312,-0.0019116487625428797,-0.0006315899192005743,6.504086967476824e-08,7.8546014553376535,S,1.0,1.0,1.0,1.7320508075688772,103.82614368914946,100.16365682515304,36.11224489795919,-14.893939393939394,2.8546014553376535
4770,-15.423114286225475,-104.96305982006105,0.0031917314679836923,11.10986969544724,11.109825003346215,0.03151261398566402,-0.0004704429293721028,-1.346489136853546e-06,-7.568524652309242,-104.97742182428702,-0.00016116736935958427,11.10987252485152,11.109872389172057,-0.0017363073053939296,-0.0007142424363255059,6.112760403354255e-08,7.854602764264386,S,1.0,1.0,1.0,1.7320508075688772,103.7706109675477,100.11515087778876,36.11224489795919,-14.893939393939394,2.854602764264386
4780,-15.312016175594522,-104.96270269585769,0.003154617672590185,11.109869309026834,11.1098262309275,0.030938362136114898,-0.0003971567615655147,-1.4719641597167315e-06,-7.457425928689974,-104.97744022377837,-0.00015833296914848365,11.109872514564772,11.10987242470255,-0.0014130518962349183,-0.0005926430193718512,3.5549203976542086e-08,7.854604072866898,S,1.0,1.0,1.0,1.7320508075688772,103.71517126099728,100.06674441442652,36.11224489795919,-14.893939393939394,2.8546040728668984
4790,-15.20091805496586,-104.96234997953471,0.003116488880123795,11.109868932032121,11.109827451790405,0.030359156392460715,-0.0003294689261003679,-1.5833289868823043e-06,-7.346327205372644,-104.97745921918569,-0.00015336708403803498,11.109872500411628,11.10987243555918,-0.001200418619514412,-0.0005502763052421979,2.60344691121056e-08,7.854605381789482,S,1.0,1.0,1.0,1.7320508075688772,103.65982480039612,100.01843846694486,36.11224489795919,-14.893939393939394,2.854605381789482
4800,-15.089819924160196,-104.9620017569107,0.0030773656326064263,11.109868567163673,11.10982866867654,0.02977469234556801,-0.0002683733349558255,-1.6813943590077075e-06,-7.235228482653609,-104.97747921030289,-0.0001453938901476174,11.109872467308849,11.109872429450094,-0.0009171760347170267,-0.00047782044550631283,1.8672417481056653e-08,7.854606690633977,S,1.0,1.0,1.0,1.7320508075688772,103.60457180968706,99.97023354143613,36.11224489795919,-14.893939393939394,2.854606690633977
4810,-14.978721783008325,-104.96165810951796,0.003037262951806234,11.109868215859354,11.109829882745473,0.02918476002323022,-0.00021464388011360766,-1.766702746465927e-06,-7.124129761137867,-104.9775004952666,-0.00013312713949796082,11.10987238813541,11.109872376855337,-0.0005006399090458906,-0.0003681251240154676,2.0892936114049135e-08,7.85460799857111,S,1.0,1.0,1.0,1.7320508075688772,103.54941250931515,99.92213005314869,36.11224489795919,-14.893939393939394,2.85460799857111
4820,-14.867623631353128,-104.96131911653183,0.002996193042291119,11.109867878610958,11.10983109383445,0.028589275275715316,-0.00016873608783980938,-1.8393031611216435e-06,-7.013031041769277,-104.97752079171612,-0.00011685921043811062,11.109872206320983,11.109872205951616,9.059380949691278e-05,-0.00010227226968188716,3.235233488436643e-08,7.85460929917105,S,1.0,1.0,1.0,1.7320508075688772,103.49434711789635,99.87412609043238,36.11224489795919,-14.893939393939394,2.8546092991710497
4830,-14.75652546905179,-104.9609848557529,0.00295416671253354,11.1098675552897,11.109832300995896,0.027988208713321378,-0.00013079208117085358,-1.898841744114841e-06,-6.901932325026984,-104.97753880125867,-9.789929880280317e-05,11.109871965493763,11.10987194695592,0.0006417991385511565,0.00016418116315493456,5.822035451131274e-08,7.854610588136962,S,1.0,1.0,1.0,1.7320508075688772,103.43937585306708,99.82622062538898,36.11224489795919,-14.893939393939394,2.8546105881369623
4840,-14.645427295976948,-104.960655404276,0.0029111939560484126,11.109867245398963,11.109833502944161,0.02738151289076204,-0.0001006886867883861,-1.9447502579702914e-06,-6.790833611013063,-104.97755555637073,-7.624815418042569e-05,11.10987171427695,11.109871659616799,0.001102059221810021,0.00030663961573060923,9.728870689774794e-08,7.854611866350581,S,1.0,1.0,1.0,1.7320508075688772,103.38449893206284,99.7784147320817,36.11224489795919,-14.893939393939394,2.854611866350581
4850,-14.534329112016817,-104.96033083909582,0.002867284116653525,11.109866948236302,11.109834698313424,0.02676908038114602,-7.809414873170953e-05,-1.9764216244347824e-06,-6.679734900540982,-104.9775691140063,-5.271837835103342e-05,11.109871385861606,11.109871264413778,0.0016427231877712632,0.0005341293447330441,1.48212018510561e-07,7.854613127651264,S,1.0,1.0,1.0,1.7320508075688772,103.32971657224326,99.73070679894617,36.11224489795919,-14.893939393939394,2.8546131276512643
4860,-14.42323091707477,-104.96001123769132,0.002822445906901376,11.109866662979739,11.109835885754864,0.02615073195896103,-6.251924506156817e-05,-1.9933367896895644e-06,-6.568636193007371,-104.97757782388919,-2.9453890632345395e-05,11.10987109654806,11.109870903166927,0.002072891436794352,0.0007361089220874578,1.8613609500110159e-07,7.85461436763754,S,1.0,1.0,1.0,1.7320508075688772,103.27502899159973,99.68309547500597,36.11224489795919,-14.893939393939394,2.8546143676375397
4870,-14.31213271106891,-104.95969667855617,0.0027766874066162267,11.10986638872435,11.109837063936274,0.02552622367099051,-5.335982647543883e-05,-1.9951443937546426e-06,-6.457537486383542,-104.97758212687836,-7.989528191130444e-06,11.109870974335506,11.109870741305784,0.0022754912089690206,0.0007821744346498791,1.8510802041139936e-07,7.854615587850998,S,1.0,1.0,1.0,1.7320508075688772,103.2204364092177,99.63558129647302,36.11224489795919,-14.893939393939394,2.854615587850998
4880,-14.20103449393196,-104.95938724163653,0.0027300160809066608,11.109866124492585,11.109838231498692,0.02489526215786701,-4.99321094122594e-05,-1.9817061713739105e-06,-6.346438778950544,-104.97758171911426,1.0339194994922451e-05,11.109871010698727,11.10987076392076,0.002341653842467725,0.000764259778262863,1.5036109122565293e-07,7.854616787903476,S,1.0,1.0,1.0,1.7320508075688772,103.1659390456596,99.5881641267973,36.11224489795919,-14.893939393939394,2.854616787903476
4890,-14.08993626561154,-104.95908300865545,0.0026824388174217432,11.109865869235778,11.109839387005602,0.02425752149432424,-5.150269218757578e-05,-1.953120373422434e-06,-6.2353400688113965,-104.97757964376629,2.6432908582118457e-05,11.109871216937886,11.109870990639688,0.002242384363200045,0.0005256495176597698,7.117580024411502e-08,7.854617975452256,S,1.0,1.0,1.0,1.7320508075688772,103.1115371232502,99.54084685785071,36.11224489795919,-14.893939393939394,2.854617975452256
4900,-13.97883802607083,-104.95878406332187,0.002633961971710563,11.109865621836393,11.109840528901685,0.02361265837807667,-5.731460319991798e-05,-1.9097310281341633e-06,-6.124241356375844,-104.97757411345215,4.001214251228568e-05,11.109871424854516,11.109871192767265,0.0022708850661096805,0.0004342350956696828,6.817094853582058e-09,7.854619144781463,S,1.0,1.0,1.0,1.7320508075688772,103.0572308662621,99.49362801401523,36.11224489795919,-14.893939393939394,2.854619144781463
4910,-13.867739775289522,-104.95849049143452,0.0025845914111702556,11.109865381115299,11.109841655486937,0.022960324724420368,-6.660992772210264e-05,-1.8521270971825106e-06,-6.013142641051163,-104.97756520759019,4.999634871418856e-05,11.10987168241607,11.109871472912625,0.0021575710278855876,0.0002800389859386065,-6.39719484394385e-08,7.854620295468258,S,1.0,1.0,1.0,1.7320508075688772,103.00302050101,99.4465078071908,36.11224489795919,-14.893939393939394,2.8546202954682576
4920,-13.756641513264892,-104.95820238089641,0.0025343325528086737,11.109865145843905,11.10984276490492,0.022300177735153078,-7.864912540845937e-05,-1.781133201307509e-06,-5.902043922527134,-104.97755489785493,5.676310477703687e-05,11.10987195825557,11.109871794468626,0.0019076959698388852,9.512008210590939e-06,-1.4125108107206909e-07,7.854621431509989,S,1.0,1.0,1.0,1.7320508075688772,102.94890625586717,99.39948816441931,36.11224489795919,-14.893939393939394,2.8546214315099894
4930,-13.645543240012943,-104.95791982165682,0.002483190393852996,11.109864914761092,11.10984385514346,0.021631887818620365,-9.272701309034574e-05,-1.6977930776195278e-06,-5.7909452013070375,-104.9775464342462,6.31700247612141e-05,11.109872184451381,11.10987205261611,0.0017115332340935869,-0.0003417045057484094,-2.194766009457404e-07,7.854622559586449,S,1.0,1.0,1.0,1.7320508075688772,102.89488836121835,99.3525721754986,36.11224489795919,-14.893939393939394,2.854622559586449
4940,-13.5344449555695,-104.95764290559673,0.0024311695362890535,11.10986468659198,11.10984492404341,0.020955144723897923,-0.00010818544421570638,-1.6033464695935574e-06,-5.6798464789399326,-104.97753935395524,7.151728425710435e-05,11.109872293340088,11.109872140983798,0.001839923321357653,-0.0004922284907000145,-2.57782658990381e-07,7.854623676391428,S,1.0,1.0,1.0,1.7320508075688772,102.8409670493631,99.30575956817033,36.11224489795919,-14.893939393939394,2.8546236763914283
4950,-13.423346659991191,-104.95737172637207,0.002378274207060673,11.109864460067463,11.109845969313259,0.02026966215851887,-0.00012442283582388467,-1.499200653567695e-06,-5.568747756626634,-104.97753482333303,8.424296587042036e-05,11.109872290866768,11.109872080263349,0.00216322771371437,-0.0005959623502673834,-2.7039797870086297e-07,7.854624783095291,S,1.0,1.0,1.0,1.7320508075688772,102.7871425543816,99.25905154774706,36.11224489795919,-14.893939393939394,2.854624783095291
4960,-13.312248353356317,-104.95710637922689,0.0023245082755531422,11.109864233942796,11.109846988546987,0.019575181092032087,-0.00014090080248949563,-1.3868979011095333e-06,-5.457649037032605,-104.97752749354423,9.979409640209726e-05,11.10987210809471,11.109871759872117,0.002781621254719485,-0.0003160207474616417,-1.9384352308810671e-07,7.854625862630433,S,1.0,1.0,1.0,1.7320508075688772,102.73341511197373,99.21244340638795,36.11224489795919,-14.893939393939394,2.8546258626304333
4970,-13.20115003576555,-104.9568469607874,0.002269875269630051,11.109864007014888,11.10984797924405,0.018871471903883157,-0.0001571482385084165,-1.2680804009529868e-06,-5.346550319476573,-104.97751844437386,0.00011689958114979611,11.10987195205121,11.109871506962357,0.0031447989005542686,-0.00021236097401611628,-1.417690181961494e-07,7.8546269175155965,S,1.0,1.0,1.0,1.7320508075688772,102.67978495928065,99.16593626551987,36.11224489795919,-14.893939393939394,2.8546269175155965
4980,-13.09005170734248,-104.95659356884559,0.0022143783910733013,11.109863778137235,11.109848938829748,0.01815833553208001,-0.0001727632136268865,-1.1444539842887605e-06,-5.235451604673707,-104.97750308702983,0.00013190322695092163,11.109871780926426,11.109871238322825,0.0034722489191062636,9.51453805086922e-05,-5.217915607709149e-08,7.854627933950469,S,1.0,1.0,1.0,1.7320508075688772,102.62625233469664,99.1195260971365,36.11224489795919,-14.893939393939394,2.8546279339504688
4990,-12.978953368233979,-104.95634630213982,0.002158020530998111,11.109863546232733,11.10984986467558,0.01743560377405004,-0.00018741305289425992,-1.017751990456975e-06,-5.124352888968844,-104.97748865530603,0.00014637919930185597,11.109871805238683,11.109871304732655,0.003334833635512181,-0.0001407319299740265,-9.53981341780956e-08,7.854628933817911,S,1.0,1.0,1.0,1.7320508075688772,102.57281747767756,99.07321961340486,36.11224489795919,-14.893939393939394,2.854628933817911
5000,-12.867855018610442,-104.95610526013861,0.0021008042855998523,11.10986331030393,11.10985075411856,0.016703138887279777,-0.00020083294274841478,-8.897003249375973e-07,-5.013254173104623,-104.9774776456956,0.00016528975829150803,11.109871777143896,11.109871199255844,0.0035833676840214095,-0.00029635904326016254,-1.1292322398207493e-07,7.854629922605209,S,1.0,1.0,1.0,1.7320508075688772,102.51948062855139,99.02701923111537,36.11224489795919,-14.893939393939394,2.854629922605209
5010,-12.756756658665854,-104.95587054283192,0.002042731972434067,11.109863069440962,11.109851604479237,0.015960832631076418,-0.00021282336006174727,-7.619845725145607e-07,-4.90215546025638,-104.97747217160517,0.0001945353591776513,11.109871469538861,11.109870608055397,0.004375150326617184,-0.00034476811046980026,-3.935583834185979e-08,7.85463090262179,S,1.0,1.0,1.0,1.7320508075688772,102.46624202833478,98.98092702358761,36.11224489795919,-14.893939393939394,2.85463090262179
5020,-12.645658288617746,-104.95564225053391,0.0019838056473266957,11.10986282282713,11.109852413077968,0.015208604868981483,-0.0002232465755446058,-6.362198069498617e-07,-4.791056760686892,-104.97746662230468,0.00023554786245872224,11.109870408913437,11.109868861473686,0.005863762256740246,0.00010643147800062621,3.3769552511206974e-07,7.854631847882934,S,1.0,1.0,1.0,1.7320508075688772,102.41310191855891,98.9349380374892,36.11224489795919,-14.893939393939394,2.854631847882934
5030,-12.534559908707031,-104.95542048369954,0.0019240271219345985,11.109862569742488,11.109853177249423,0.014446401837064362,-0.00023202242766462796,-5.139235444871291e-07,-4.679958082721297,-104.97745502530665,0.0002847209866685323,11.10986875468559,11.109866249815315,0.007460399029636868,0.0007723852792469606,9.070773776938938e-07,7.85463273271273,S,1.0,1.0,1.0,1.7320508075688772,102.36006054110709,98.88904697955091,36.11224489795919,-14.893939393939394,2.85463273271273
5040,-12.423461519197751,-104.95520534275717,0.0018633979819047926,11.109862309565342,11.109853894355,0.013674194147286536,-0.0002391235254539376,-3.964921023655208e-07,-4.5688594274066485,-104.97743331154278,0.0003362887101059798,11.109867052813458,11.109863629226506,0.008721879385370139,0.0013802255007491601,1.4467231869664403e-06,7.854633543518469,S,1.0,1.0,1.0,1.7320508075688772,102.30711813806572,98.84325027807506,36.11224489795919,-14.893939393939394,2.854633543518469
5050,-12.312363120376734,-104.95499692795825,0.0018019196055012428,11.109862041771837,11.109854561793043,0.012891974596951645,-0.00024456998284910737,-2.851804577237063e-07,-4.457760786348574,-104.97740416317936,0.000387986584826045,11.10986591474207,11.109861883254665,0.009464594697694251,0.001556480192330708,1.6760369719780352e-06,7.854634295109535,S,1.0,1.0,1.0,1.7320508075688772,102.25427495158986,98.79755050635447,36.11224489795919,-14.893939393939394,2.854634295109535
5060,-12.20126471255321,-104.95479533924563,0.0017395931825353022,11.109861765934125,11.109855177007224,0.01209975581227149,-0.00024842378067167477,-1.8108578832027743e-07,-4.346662155605431,-104.9773694060628,0.00044059072040473915,11.109865099204152,11.10986046925061,0.010142795330920289,0.0015586799675215627,1.7478546126405567e-06,7.854634995727252,S,1.0,1.0,1.0,1.7320508075688772,102.20153122378488,98.75194946287449,36.11224489795919,-14.893939393939394,2.8546349957272517
5070,-12.090166296058365,-104.95460067614057,0.0016764197333879525,11.109861481717092,11.109855737492891,0.011297567763251281,-0.000250782818773408,-8.513462074207271e-08,-4.235563532841917,-104.97733389546215,0.0004987844005401431,11.109864369212119,11.109858956839703,0.010966376685724012,0.0013261996145989994,1.6650605004277809e-06,7.854635661008611,S,1.0,1.0,1.0,1.7320508075688772,102.14888719660395,98.70645171459465,36.11224489795919,-14.893939393939394,2.8546356610086114
5080,-11.979067871244883,-104.95441303764956,0.0016124001278764342,11.109861188874039,11.10985624080166,0.010485455168335489,-0.00025177472663020817,1.9263575859033154e-09,-4.124464932647108,-104.97729242730007,0.000563580382139281,11.109862750801646,11.10985583185543,0.012399074070277835,0.0015202147042867617,2.0122257782042125e-06,7.854636260801616,S,1.0,1.0,1.0,1.7320508075688772,102.09634311176293,98.66105265871383,36.11224489795919,-14.893939393939394,2.854636260801616
5090,-11.867969438486467,-104.95423252219082,0.0015475351036986756,11.109860887241656,11.109856684544427,0.009663474813930376,-0.00025155050194833117,7.953583855572374e-08,-4.013366360112669,-104.97724106898926,0.0006318949459139934,11.10986088564158,11.10985229169176,0.013818650443233937,0.0017783265255426452,2.4327489661937126e-06,7.854636777854526,S,1.0,1.0,1.0,1.7320508075688772,102.04389921067225,98.61574884120661,36.11224489795919,-14.893939393939394,2.854636777854526
5100,-11.75687099817734,-104.95405922754111,0.001481825284195183,11.109860576734388,11.109857066392843,0.00883169281299948,-0.0002502780662432801,1.4731981355000119e-07,-3.9022678112108435,-104.9771777141945,0.0006996551047251325,11.109859442839197,11.109849409155869,0.014931360361566476,0.0019286223083358357,2.6697958476168413e-06,7.854637209262397,S,1.0,1.0,1.0,1.7320508075688772,101.99155573438642,98.57053846670519,36.11224489795919,-14.893939393939394,2.854637209262397
5110,-11.645772550731785,-104.95389325080237,0.0014152711951591695,11.109860257338152,11.109857384079056,0.00799018183865509,-0.00024813584135996707,2.050899529509883e-07,-3.791169273830646,-104.97710458751015,0.0007654026412969333,11.109858889776234,11.109847847874658,0.015663582439606295,0.0017678429725017514,2.4531663539032568e-06,7.854637573030208,S,1.0,1.0,1.0,1.7320508075688772,101.93931292357115,98.52542369285989,36.11224489795919,-14.893939393939394,2.8546375730302076
5120,-11.53467409658368,-104.95373468838808,0.0013478732804817646,11.109859929104339,11.109857635394562,0.007139018378510614,-0.0002453064755090303,2.528383702956808e-07,-3.6800707372680304,-104.977028757631,0.0008339792479951011,11.109858878711005,11.109846843451326,0.016352979189246896,0.0012464803655113297,1.763122268820463e-06,7.854637900364,S,1.0,1.0,1.0,1.7320508075688772,101.88717101848756,98.4804111126695,36.11224489795919,-14.893939393939394,2.8546379003639997
5130,-11.423575636186072,-104.95358363602871,0.0012796319164064332,11.109859592143554,11.109857818187576,0.006278280060230822,-0.00024197086408862416,2.9072899159495113e-07,-3.5689722139804294,-104.97695177988734,0.0009119330524977175,11.10985791787192,11.109843792601616,0.017716074416480612,0.0009259636686889342,1.4248752536469312e-06,7.854638183282028,S,1.0,1.0,1.0,1.7320508075688772,101.83513025899342,98.43550229470941,36.11224489795919,-14.893939393939394,2.8546381832820282
5140,-11.312477159248521,-104.95344888728434,0.001217230251414998,11.109859237962322,11.1098579045119,0.005443242708747533,-0.0006209132056406089,-7.993886380372052e-08,-3.4578737292488015,-104.9768712549756,0.0010031151100773643,11.109855127786293,11.109837512718228,0.019783867120766692,0.0009527300698209491,1.8145242986266504e-06,7.854638352583246,S,1.0,1.0,1.0,1.7320508075688772,101.78319857611713,98.39069519447155,36.11224489795919,-14.893939393939394,2.8546383525832457
5150,-11.201378648030882,-104.95332720580227,0.0011658148595463233,11.109860530494124,11.109859147355438,0.00554373104515031,-0.0004434681925945008,-1.6097779239852962e-07,-3.3467753119719106,-104.97678200680282,0.001107139499116284,11.10985036749014,11.109828015187487,0.02228589186108206,0.0013127059414146272,3.0030599787546555e-06,7.854638355425328,S,1.0,1.0,1.0,1.7320508075688772,101.73137326360626,98.34598522126703,36.11224489795919,-14.893939393939394,2.854638355425328
5160,-11.090280094417956,-104.95321511850652,0.0011264682230032867,11.109862945418156,11.109861268157239,0.006104774772197044,5.518122008534173e-06,-1.3943067991808414e-07,-3.2356769853648,-104.97667488696563,0.001217169675629911,11.109844463748697,11.10981681728618,0.024784975947808156,0.001983234168747777,4.828841725152247e-06,7.854638143255465,S,1.0,1.0,1.0,1.7320508075688772,101.679651404249,98.30136413317312,36.11224489795919,-14.893939393939394,2.854638143255465
5170,-10.979181507542684,-104.95310123511089,0.0010920086779114874,11.109865823986484,11.109863728383313,0.006823762576495972,0.0009504652408045599,2.5996706004682233e-07,-3.124578728238058,-104.97654987611764,0.0013271916918077306,11.109840133277444,11.109808413819195,0.026547979478615084,0.0022336046800423433,5.710860201180588e-06,7.85463778028147,S,1.0,1.0,1.0,1.7320508075688772,101.6280230666676,98.25683202483765,36.11224489795919,-14.893939393939394,2.85463778028147
5180,-10.868082900009952,-104.95298699027103,0.001056588863108238,11.109867790171576,11.109865772882488,0.006695044887496848,0.0013535754404253074,3.1502980355871427e-07,-3.013480516675765,-104.9764084665901,0.0014346334181178956,11.109837712839362,11.109802782470146,0.027859293715823453,0.002172393141660985,5.6927533312278995e-06,7.854637303264362,S,1.0,1.0,1.0,1.7320508075688772,101.57648967139473,98.21239037640048,36.11224489795919,-14.893939393939394,2.8546373032643624
5190,-10.75698428113795,-104.95287454756924,0.0010187169005379758,11.109868787220071,11.109867064402591,0.0061871277129760425,0.0014500804107259728,2.9052215383677857e-07,-2.902382321220822,-104.97625887382266,0.0015440236719620477,11.109836992729809,11.109799179510343,0.028986134254795053,0.0016145230706307912,4.423911971648979e-06,7.854636769160514,S,1.0,1.0,1.0,1.7320508075688772,101.52505328660722,98.16804683769224,36.11224489795919,-14.893939393939394,2.854636769160514
5200,-10.64588565690768,-104.95276548815426,0.0009788178089741675,11.109869076457365,11.109867668664792,0.00559292234410269,0.0013795850098324914,2.774776884039652e-07,-2.791284146444905,-104.97610898976322,0.0016666454389425872,11.109835309295006,11.109792625692599,0.030796327125144286,0.0009656161070768991,3.070278947003063e-06,7.854636198273696,S,1.0,1.0,1.0,1.7320508075688772,101.47371546589793,98.12380878869082,36.11224489795919,-14.893939393939394,2.8546361982736963
5210,-10.534787030552607,-104.95266061485127,0.0009377455456769662,11.109868958574214,11.109867817029459,0.005036350263617286,0.0012375461295485895,2.981254794266788e-07,-2.6801860656746674,-104.97595246279315,0.0018085596336802567,11.109828829666547,11.109776961830558,0.033948238082742166,0.0011123481047021092,4.1903258203016144e-06,7.85463549934954,S,1.0,1.0,1.0,1.7320508075688772,101.42247707330718,98.07967056737822,36.11224489795919,-14.893939393939394,2.8546354993495404
5220,-10.423688403324421,-104.95256017714301,0.0008961732892962479,11.109868674528158,11.10986774519864,0.004544167355552829,0.0010752705159695031,3.40829928483309e-07,-2.5690881341706566,-104.97578593105986,0.0019716957933335745,11.109818204963021,11.109754367632242,0.03766215878152198,0.0015034887627705515,6.659390767213531e-06,7.854634607913686,S,1.0,1.0,1.0,1.7320508075688772,101.37133848181345,98.03562924100534,36.11224489795919,-14.893939393939394,2.8546346079136864
5230,-10.31258977525674,-104.95246414986786,0.0008544733602498107,11.109868378560414,11.109867621032446,0.00410269075830437,0.0009140068063936864,3.8617938344481794e-07,-2.45799043466277,-104.97559407688539,0.002147745909009182,11.109803201984505,11.109724722559221,0.041758541420901026,0.002611875746264408,1.1667724077569455e-05,7.8546333965872055,S,1.0,1.0,1.0,1.7320508075688772,101.32029982017234,97.99167089110873,36.11224489795919,-14.893939393939394,2.8546333965872055
5240,-10.201491145802038,-104.95237242722258,0.000812790324166649,11.109868146248447,11.109867533504465,0.003689852207677133,0.000759672843429344,4.2033069521000756e-07,-2.346892918261614,-104.97538281720533,0.0023335129410847516,11.109790647898384,11.10969977832837,0.0449341244596597,0.0028646380848648904,1.3966266840712048e-05,7.854631932441413,S,1.0,1.0,1.0,1.7320508075688772,101.26936114512395,97.94780105130552,36.11224489795919,-14.893939393939394,2.8546319324414133
5250,-10.090392514277957,-104.95228491861317,0.0007711466974313366,11.10986799763635,11.109867511013633,0.00328825608653237,0.000612713225729669,4.382310733516816e-07,-2.235795613685459,-104.97514422377255,0.0025241983880673613,11.10977768269571,11.109672912656267,0.04824865506207975,0.003432328423160814,1.7126115459651055e-05,7.854630164344444,S,1.0,1.0,1.0,1.7320508075688772,101.21852252670055,97.90401255657041,36.11224489795919,-14.893939393939394,2.854630164344444
5260,-9.979293880120048,-104.95220157785042,0.0007295201971547446,11.109867921966888,11.109867546685742,0.002887671694099112,0.00047292376996533095,4.415306182144456e-07,-2.1246984580271167,-104.97488511382547,0.002720026915459808,11.109768571949424,11.10965158325952,0.05098451582948248,0.0032608673247930217,1.7186557332562924e-05,7.854628176277192,S,1.0,1.0,1.0,1.7320508075688772,101.1677840743645,97.86031176630271,36.11224489795919,-14.893939393939394,2.854628176277192
5270,-9.868195242980029,-104.95212239997595,0.0006878840962272987,11.109867896846392,11.109867619302705,0.0024833339151874904,0.0003409605449852545,4.3506953575096443e-07,-2.0136014716404387,-104.97460113659334,0.0029203355552676635,11.10975959559945,11.109628137881085,0.05404544397892752,0.00332959040205405,1.7855873397086483e-05,7.854625936756416,S,1.0,1.0,1.0,1.7320508075688772,101.11714593432346,97.8166947989593,36.11224489795919,-14.893939393939394,2.854625936756416
5280,-9.757096602724918,-104.95204740832835,0.0006462214652689892,11.109867899939774,11.109867706437678,0.0020735393408802868,0.00021826863496132086,4.2402079082164797e-07,-1.9025046384593005,-104.97429124686599,0.0031228481977389607,11.10975262782467,11.109606751144067,0.05693229655765334,0.0032320751527374495,1.7438416918562118e-05,7.854623460959724,S,1.0,1.0,1.0,1.7320508075688772,101.06660827809415,97.77316079714149,36.11224489795919,-14.893939393939394,2.854623460959724
5290,-9.64599795938817,-104.95197664250718,0.0006045260933948261,11.109867914304566,11.109867790605021,0.001657881532928721,0.00010655374581043969,4.123106706381114e-07,-1.7914079271649628,-104.9739583956757,0.0033282403568966157,11.109747951536287,11.109587865527322,0.059640630385808316,0.0028448642513171896,1.5404032121179882e-05,7.854620791086768,S,1.0,1.0,1.0,1.7320508075688772,101.01617129181052,97.72971257934158,36.11224489795919,-14.893939393939394,2.8546207910867683
5300,-9.534899313109388,-104.95191015025792,0.0005627988717091852,11.109867929509933,11.109867860720687,0.001236316650604734,7.319875465011807e-06,4.021449345040779e-07,-1.680311353690221,-104.97359993957825,0.003536000790127133,11.109743415348424,11.109567431604408,0.06253189196185446,0.0026087029242160757,1.3845076525822926e-05,7.854617906633863,S,1.0,1.0,1.0,1.7320508075688772,100.96583516899176,97.68634782840236,36.11224489795919,-14.893939393939394,2.8546179066338633
5310,-9.423800664082897,-104.95184798283285,0.0005210440128128286,11.109867940570567,11.109867911128738,0.0008088199291512342,-7.838403332352859e-05,3.9420723257589113e-07,-1.5692149016044352,-104.97321783906122,0.0037466189967585465,11.10974006456706,11.10954809827126,0.06530968108884262,0.002181656622563766,1.1200806051102771e-05,7.8546148327518,S,1.0,1.0,1.0,1.7320508075688772,100.91560010639516,97.64306845762232,36.11224489795919,-14.893939393939394,2.8546148327517997
5320,-9.312702012522744,-104.95179019248721,0.00047926653798942894,11.109867946150475,11.109867939810025,0.00037534397603578533,-0.00015003811550649132,3.8813108547007294e-07,-1.458118592008867,-104.97280953237264,0.003959279295762151,11.109736370237789,11.109526904837711,0.06822145462649087,0.0019185347934386429,9.30149279734712e-06,7.8546115449753895,S,1.0,1.0,1.0,1.7320508075688772,100.8654663017705,97.59987222422498,36.11224489795919,-14.893939393939394,2.8546115449753895
5330,-9.201603358643627,-104.95173683099786,0.00043747103620462197,11.10986794687127,11.109867946686228,-6.412168954936118e-05,-0.00020761993344347988,3.829861997555071e-07,-1.3470224185712563,-104.97237496099767,0.004172753538886578,11.109733568693999,11.109506774510306,0.07098728390291109,0.0015804109027645322,6.88141935448318e-06,7.8546080536560225,S,1.0,1.0,1.0,1.7320508075688772,100.81543395252872,97.55675918202672,36.11224489795919,-14.893939393939394,2.8546080536560225
5340,-9.090504702653671,-104.95168794857736,0.0003956612530749535,11.10986794407558,11.109867932393163,-0.0005094901446188052,-0.0002515282487081449,3.776572413575696e-07,-1.2359263457387748,-104.97192111891944,0.004391602074589051,11.10973168434073,11.109487368017705,0.07367847649992673,0.000909545672119851,2.620001322126782e-06,7.854604416907194,S,1.0,1.0,1.0,1.7320508075688772,100.76550325476524,97.51373588830667,36.11224489795919,-14.893939393939394,2.8546044169071942
5350,-8.97940604475425,-104.9516435929372,0.00035384008575407497,11.109867939094931,11.109867897570934,-0.000960547878064565,-0.00028249760723662523,3.7108696803810027e-07,-1.124830434402916,-104.9714469345941,0.0046204861789796185,11.10972605052685,11.10945890005002,0.07704457057012115,0.0006069599880113521,8.633420319763003e-07,7.854600574890284,S,1.0,1.0,1.0,1.7320508075688772,100.71567440241712,97.47080149483084,36.11224489795919,-14.893939393939394,2.8546005748902843
5360,-8.868307385142892,-104.95160380845894,0.00031200971463946666,11.109867932922919,11.109867842563443,-0.0014169557862348222,-0.00030151872170123504,3.6240414777411026e-07,-1.0137347169009197,-104.97095709707246,0.004866731103546887,11.109716306004612,11.109421781244016,0.08089552722976365,0.00026765919704826145,-3.7958411491324203e-07,7.854596510991126,S,1.0,1.0,1.0,1.7320508075688772,100.66594758651557,97.42796046645725,36.11224489795919,-14.893939393939394,2.8545965109911258
5370,-8.757208724016678,-104.95156863550422,0.0002701717449124907,11.109867926151809,11.109867767378825,-0.00187826881364844,-0.0003097683350728368,3.5097216432351644e-07,-0.9026393842492734,-104.97043654350941,0.005127103525773035,11.10969757266878,11.109366819146047,0.08572650593286132,0.0009971895344114265,6.080014203921189e-06,7.854592001572498,S,1.0,1.0,1.0,1.7320508075688772,100.61632299456085,97.38519906619167,36.11224489795919,-14.893939393939394,2.854592001572498
5380,-8.646110061574806,-104.9515381098988,0.00022832731849619416,11.109867919045055,11.109867671780005,-0.0023439633160486965,-0.00030854784625656905,3.363916618674103e-07,-0.7915444386039776,-104.96988196130974,0.005394459737637711,11.109679469427057,11.109315041758283,0.0899845340724528,0.0015032051449320838,1.1159934935889781e-05,7.854587043405891,S,1.0,1.0,1.0,1.7320508075688772,100.56680081005071,97.342514333654,36.11224489795919,-14.893939393939394,2.854587043405891
5390,-8.535011398019872,-104.95151226260553,0.00018647719667716573,11.109867911654735,11.109867555413489,-0.0028134651690089035,-0.00029922925863948584,3.1848130579696546e-07,-0.6804498289879687,-104.969294930402,0.00566571805261599,11.109664910979626,11.109269602206693,0.09371947363435516,0.001663119325788893,1.3423796181959622e-05,7.854581698918593,S,1.0,1.0,1.0,1.7320508075688772,100.5173812121762,97.29990781234312,36.11224489795919,-14.893939393939394,2.854581698918593
5400,-8.42391273355802,-104.95149111958095,0.0001446218245965882,11.109867903931773,11.109867417924736,-0.00328617524532692,-0.000283207575897997,2.9725078809108197e-07,-0.569355491614443,-104.96868211491783,0.005944909357667044,11.109653258026118,11.109226718911687,0.09735102150972139,0.0014208957171361533,1.243252025108561e-05,7.854576054586839,S,1.0,1.0,1.0,1.7320508075688772,100.46806437568085,97.25738575239839,36.11224489795919,-14.893939393939394,2.854576054586839
5410,-8.312814068398277,-104.95147470179684,0.00010276138728254108,11.10986789580574,11.109867259037772,-0.003761491144381357,-0.00026185943030880327,2.7287298200380244e-07,-0.45826147687979046,-104.96804367973543,0.006237384549230248,11.109638774216242,11.109173827115196,0.10163942398326493,0.0013853501540487688,1.3238926266579037e-05,7.854570067416784,S,1.0,1.0,1.0,1.7320508075688772,100.41885047086691,97.21494843593037,36.11224489795919,-14.893939393939394,2.854570067416784
5420,-8.201715402751457,-104.95146302540167,6.089586227849428e-05,11.10986788723165,11.109867078597414,-0.004238825118264038,-0.00023650806756919272,2.4565726480067464e-07,-0.3471679115272006,-104.9673709358268,0.006541329353275724,11.109619318047528,11.109108749638345,0.10650906366870969,0.0018732012614697507,1.860605153575229e-05,7.854563600449827,S,1.0,1.0,1.0,1.7320508075688772,100.36973966372706,97.1725879666875,36.11224489795919,-14.893939393939394,2.8545636004498274
5430,-8.090616736828947,-104.95145610199482,1.9025070149628627e-05,11.109867878209096,11.109866876580389,-0.004717618486304346,-0.00020839483514683457,2.1602424235867158e-07,-0.23607478804729398,-104.96666354097353,0.006854232683240173,11.109600737855999,11.1090450925113,0.11111114760067424,0.0021218114347513386,2.197882499254482e-05,7.854556670581159,S,1.0,1.0,1.0,1.7320508075688772,100.32073211617781,97.13030412422187,36.11224489795919,-14.893939393939394,2.854556670581159
5440,-7.979518070841562,-104.95145393898764,-2.2851277768627332e-05,11.109867868783518,11.10986665308597,-0.005197352863040658,-0.00017865716900701835,1.8448117484537815e-07,-0.12498212944766474,-104.96591830569345,0.007173279821380503,11.109582773678703,11.108980659549585,0.11566378418428182,0.0024035638112993433,2.542801637226734e-05,7.854549259668101,S,1.0,1.0,1.0,1.7320508075688772,100.27182798637156,97.08809405748623,36.11224489795919,-14.893939393939394,2.854549259668101
5450,-7.868419404998606,-104.95145654002661,-6.473353559241775e-05,11.109867859037573,11.109866408314993,-0.005677558475574791,-0.000148312847624092,1.5159777891347751e-07,-0.013889872150749438,-104.96513995549581,0.007500101154721899,11.109567917374152,11.108919838422171,0.1199972260486787,0.0022662784666565403,2.479478283958389e-05,7.854541451812325,S,1.0,1.0,1.0,1.7320508075688772,100.22302742906572,97.04596222423821,36.11224489795919,-14.893939393939394,2.8545414518123247
5460,-7.7573207395071675,-104.95146390545669,-0.0001066220841434218,11.109867849079459,11.109866142544858,-0.006157819814868648,-0.00011825007337201353,1.1798231530543755e-07,0.09720197403163278,-104.96433243704008,0.0078410595558299,11.109551233728052,11.108850585361989,0.12476893415868673,0.0020521911520006595,2.371876249911089e-05,7.854533255171948,S,1.0,1.0,1.0,1.7320508075688772,100.17433059602898,97.00391239404205,36.11224489795919,-14.893939393939394,2.8545332551719476
5470,-7.646222074571648,-104.95147603280508,-0.00014851729786887147,11.109867839031123,11.109865856104188,-0.006637778877619163,-8.922278787220165e-05,8.425850840812615e-08,0.2082932641137989,-104.96349159016945,0.00819980684768209,11.109526810002682,11.108761633175767,0.13038757398779793,0.002265142727971723,2.7750549922899583e-05,7.854524529165578,S,1.0,1.0,1.0,1.7320508075688772,100.12573763646742,96.9619408621492,36.11224489795919,-14.893939393939394,2.8545245291655776
5480,-7.535123410393497,-104.95149291726807,-0.00019041951763987714,11.109867829018912,11.109865549350301,-0.007117136271593913,-6.185051647856877e-05,5.104377278310591e-08,0.3193838644736533,-104.96261176060068,0.008575369698777632,11.10949590498843,11.108658290425621,0.1364193883316936,0.0027379744268935173,3.531206442597195e-05,7.854515144782525,S,1.0,1.0,1.0,1.7320508075688772,100.0772486974547,96.92004252400729,36.11224489795919,-14.893939393939394,2.8545151447825248
5490,-7.424024747171126,-104.95151455218698,-0.00023232902934957058,11.109867819166565,11.109865222649933,-0.007595650492435078,-3.662198685887874e-05,1.8929522033202823e-08,0.4304736883703806,-104.96168723029537,0.00896347776659042,11.109462344012622,11.108548899759533,0.14246022141516196,0.003299811702284236,4.413572010235197e-05,7.8545050230618525,S,1.0,1.0,1.0,1.7320508075688772,100.02886392435389,96.87821218915452,36.11224489795919,-14.893939393939394,2.8545050230618525
5500,-7.312926085099962,-104.9515409295012,-0.00027424604800532136,11.109867809590275,11.109864876363268,-0.008073135697523923,-1.3901759565292792e-05,-1.153588149826769e-08,0.5415627870489899,-104.96072078585534,0.009363710936224946,11.109431442599577,11.10844276748162,0.14821018657772572,0.003438611819875842,4.8051979135631106e-05,7.85449423658038,S,1.0,1.0,1.0,1.7320508075688772,99.98058346121985,96.83645251729642,36.11224489795919,-14.893939393939394,2.85449423658038
5510,-7.201827424372615,-104.95157204016954,-0.00031617070692716107,11.10986780039571,11.10986451083145,-0.008549458302525553,6.0608708295638984e-06,-3.986122967697149e-08,0.6526511912642237,-104.95971924279289,0.00978350040269292,11.10939937993148,11.108328127497735,0.154275061706676,0.0032506370734599497,4.852738530908803e-05,7.854482841053699,S,1.0,1.0,1.0,1.7320508075688772,99.93240745117436,96.7947699290929,36.11224489795919,-14.893939393939394,2.8544828410536986
5520,-7.090728765179125,-104.95160787455336,-0.0003581030515689975,11.109867791676068,11.109864126366736,-0.009024532717110179,2.312138290388257e-05,-6.56233626519871e-08,0.7637386953714931,-104.95867951526353,0.010229615224621035,11.109355225952166,11.108181534821494,0.16148227717467642,0.003503977782060474,5.587960716074568e-05,7.854470643967727,S,1.0,1.0,1.0,1.7320508075688772,99.88433603674798,96.7531617254756,36.11224489795919,-14.893939393939394,2.854470643967727
5530,-6.979630107707274,-104.95164842275766,-0.00040004303743948775,11.10986778351097,11.109863723245143,-0.009498316510503625,3.722854773526616e-05,-8.847491779913108e-08,0.874825058393198,-104.9575957042384,0.010704265704264436,11.109297534201936,11.108003925020007,0.16953024852604226,0.004114909699936066,6.966744224836551e-05,7.854457417698527,S,1.0,1.0,1.0,1.7320508075688772,99.83636936018496,96.71162259485413,36.11224489795919,-14.893939393939394,2.8544574176985273
5540,-6.868531452142946,-104.95169367492777,-0.0004419905316241108,11.109867775965954,11.109863301701292,-0.009970805261229516,4.8412477046272686e-05,-1.0814911171678162e-07,0.985909992737142,-104.95645452901105,0.011200908522074974,11.109228818440464,11.107802576659516,0.1780080291006853,0.005221371350132772,9.12268530728583e-05,7.854442887740772,S,1.0,1.0,1.0,1.7320508075688772,99.78850756370886,96.67014035537981,36.11224489795919,-14.893939393939394,2.854442887740772
5550,-6.757432804306855,-104.95175579012502,-0.0004745964721781654,11.109867763394803,11.109862902401378,-0.010392784258837523,-0.0004784741144050823,1.965120863840777e-07,1.096993527731349,-104.95525397724953,0.01171313830042546,11.109164496636211,11.107608911454093,0.18590342521882047,0.005855950253990434,0.00010568464530911212,7.8544271110456085,S,1.0,1.0,1.0,1.7320508075688772,99.74076177945128,96.62871319123624,36.11224489795919,-14.893939393939394,2.8544271110456085
5560,-6.646334145274913,-104.95182969672373,-0.0004909708558091404,11.109868939998771,11.109864884055698,-0.009493259475979376,-0.00021218948826582263,-1.18744660111983e-07,1.2080757508766837,-104.95399661351473,0.01224057205003836,11.109106754831679,11.107420712505407,0.1935407079988893,0.006009871981773664,0.00011212833676079551,7.854410195061913,S,1.0,1.0,1.0,1.7320508075688772,99.69312758452729,96.58734353030593,36.11224489795919,-14.893939393939394,2.854410195061913
5570,-6.5352354681169516,-104.95191018527528,-0.0004901185282395346,11.109870568800051,11.109867702515254,-0.007980482317113,0.00042176809223941553,-6.396670001783503e-07,1.3191566410018818,-104.95268289930047,0.012785912020031332,11.109050098408213,11.107222573799266,0.20149636479977487,0.006022644299324087,0.00011586018078057019,7.854392147128584,S,1.0,1.0,1.0,1.7320508075688772,99.64560042785611,96.54603188231422,36.11224489795919,-14.893939393939394,2.854392147128584
5580,-6.424136771655304,-104.95198462757826,-0.00047994068654348937,11.109871909736304,11.109870133978532,-0.006281471135506242,0.0015734336540366646,-1.378980690646986e-06,1.430236110521182,-104.951312406127,0.01335271864892797,11.108990035960419,11.107005730714882,0.2099602746584493,0.005998310260534539,0.00011910806654830372,7.854372910942734,S,1.0,1.0,1.0,1.7320508075688772,99.59816904364888,96.50477795108502,36.11224489795919,-14.893939393939394,2.8543729109427343
5590,-6.313038062852588,-104.95205367084863,-0.00046701287106389413,11.109872818372022,11.109871484644719,-0.005443811133284731,0.00216267914611778,-1.7384959552921772e-06,1.5413140520868893,-104.94988705156912,0.013947245751353868,11.108922091280567,11.106762170537767,0.21905277275712984,0.00588033749296905,0.00012186398343357115,7.854352413769918,S,1.0,1.0,1.0,1.7320508075688772,99.55083415731778,96.46358363685142,36.11224489795919,-14.893939393939394,2.8543524137699183
5600,-6.201939348105556,-104.952118971876,-0.00045336380128597575,11.109873220240058,11.10987209490212,-0.005000472216857434,0.0024070243722165534,-1.8133850923965112e-06,1.652390021863216,-104.94839381127252,0.01456765024316592,11.108836142425194,11.106472776500413,0.22913512194219068,0.006496777757226504,0.0001389598406075433,7.854330253355506,S,1.0,1.0,1.0,1.7320508075688772,99.50359740884645,96.42243700760278,36.11224489795919,-14.893939393939394,2.8543302533555064
5610,-6.090840631936657,-104.95218173792901,-0.00043891661988945685,11.109873244806263,11.109872272923813,-0.004647039994673061,0.0024428568636129942,-1.7035836829842408e-06,1.7634638887268492,-104.94682623442561,0.015207398508049065,11.108748537057862,11.106176654355234,0.23902757548018677,0.006988428205136678,0.0001538357945376308,7.854306346503996,S,1.0,1.0,1.0,1.7320508075688772,99.45646003318473,96.38133214023148,36.11224489795919,-14.893939393939394,2.8543063465039964
5620,-5.979741916945665,-104.95224244408284,-0.00042304079927413864,11.1098730433805,11.109872231106626,-0.0042483548081550075,0.002368903509937669,-1.4988143941079978e-06,1.8745356444095291,-104.94517995027041,0.015859871730292636,11.108668155233557,11.105887844354207,0.2485223767099693,0.007242531723104415,0.00016277355172107793,7.854280736619143,S,1.0,1.0,1.0,1.7320508075688772,99.40942260317983,96.3402650020478,36.11224489795919,-14.893939393939394,2.8542807366191427
5630,-5.868643204292679,-104.95230102248725,-0.000405221727029276,11.109872735565549,11.109872095641544,-0.0037708020513938212,0.0022415968516416515,-1.258882783151917e-06,1.9856055786283795,-104.9434648891439,0.01652881011100608,11.108601999450045,11.105614910899263,0.25759625967297256,0.006625163532660723,0.00015286324258122287,7.8542537533026895,S,1.0,1.0,1.0,1.7320508075688772,99.36248519975783,96.29924482125071,36.11224489795919,-14.893939393939394,2.8542537533026895
5640,-5.757544494267424,-104.95235713455716,-0.0003852180108480944,11.10987239886604,11.10987193067815,-0.003225370554109784,0.002087183002261054,-1.0164323289617888e-06,2.0966735830201744,-104.94168464736626,0.017224136956919177,11.108528473155275,11.105304979582266,0.2675932535898061,0.006048320325636155,0.00014421807050527552,7.854225328291399,S,1.0,1.0,1.0,1.7320508075688772,99.31564765782393,96.25827505782432,36.11224489795919,-14.893939393939394,2.854225328291399
5650,-5.646445786748769,-104.95241036997821,-0.0003630054614119509,11.109872073476012,11.109871761212075,-0.002634088964211978,0.0019159573152936538,-7.863930758286878e-07,2.2077390635352963,-104.93982520130714,0.017945388320125735,11.108432000863003,11.104931757907739,0.27884076102563016,0.006386687396003744,0.0001567907553277653,7.854194933212582,S,1.0,1.0,1.0,1.7320508075688772,99.26890974642131,96.21734285829139,36.11224489795919,-14.893939393939394,2.8541949332125824
5660,-5.535347081504895,-104.95246034917456,-0.0003386763986257747,11.109871773087294,11.109871590252688,-0.0020155738663508913,0.0017322301801342525,-5.743964662341845e-07,2.3188017692052516,-104.93787612029212,0.018683315666540485,11.108332728337777,11.10454868423448,0.28992158064982493,0.006827230147814846,0.0001714858302226026,7.854162391295689,S,1.0,1.0,1.0,1.7320508075688772,99.22227126171046,96.17643858906266,36.11224489795919,-14.893939393939394,2.854162391295689
5670,-5.424248378352915,-104.95250675693312,-0.0003123621895884071,11.109871496229907,11.109871410315685,-0.0013816627313485619,0.0015393678738941736,-3.8209684148213114e-07,2.4298617676948657,-104.9358323083984,0.01942742216263741,11.108249583073318,11.10419282880182,0.30018397797818863,0.00693427668133548,0.00017585007834705561,7.854127846138273,S,1.0,1.0,1.0,1.7320508075688772,99.17573205763595,96.13555748500562,36.11224489795919,-14.893939393939394,2.8541278461382733
5680,-5.3131496772197275,-104.95254934098264,-0.00028419145201615675,11.109871235062567,11.109871210504334,-0.0007386999460104314,0.0013414383934835766,-2.098258829811881e-07,2.5409196239293275,-104.9337081872435,0.020181315238671546,11.108194128926169,11.103879111307748,0.30958922360645846,0.005868384372853975,0.0001490128699243459,7.854091900170651,S,1.0,1.0,1.0,1.7320508075688772,99.12929204479845,96.09471288789189,36.11224489795919,-14.893939393939394,2.8540919001706513
5690,-5.2020509781453,-104.95258789888025,-0.00025427480776510716,11.109870980805038,11.109870980442055,-8.980740663136575e-05,0.0011431736000578447,-5.761387040935568e-08,2.6519751866190044,-104.93150460652133,0.02095297876961863,11.108134242187552,11.103526446654064,0.31991684999915304,0.005081012315018133,0.00012845455357062425,7.854054462633869,S,1.0,1.0,1.0,1.7320508075688772,99.08295117867044,96.05390569136465,36.11224489795919,-14.893939393939394,2.8540544626338686
5700,-5.09095228125962,-104.95262226473069,-0.0002227037379716106,11.10987072634466,11.109870712061245,0.0005633593910331147,0.0009494070170595409,7.457427206869731e-08,2.763028274123744,-104.92922495048713,0.02175181922480682,11.10806051617016,11.103124242327421,0.3311200542697859,0.004349626299720456,0.00011106499202914516,7.854015406061652,S,1.0,1.0,1.0,1.7320508075688772,99.03670944761515,96.01313917726362,36.11224489795919,-14.893939393939394,2.8540154060616523
5710,-4.97985358675307,-104.95265229936788,-0.00018955456449941003,11.109870466977032,11.109870400029719,0.0012196523966739254,0.0007645520276478384,1.8689126421040347e-07,2.874078283182204,-104.92686257659047,0.02258292665776344,11.107955569644218,11.102640705395748,0.3435786723290773,0.0043045454316320295,0.00011564906604980932,7.853974212294431,S,1.0,1.0,1.0,1.7320508075688772,98.99056686401833,95.97240737172754,36.11224489795919,-14.893939393939394,2.853974212294431
5720,-4.868754894850462,-104.95267788387451,-0.00015489289500962,11.109870200158369,11.109870041419338,0.0018780681657328798,0.0005922909964259822,2.797178662193716e-07,2.9851245153244315,-104.92440306174058,0.023440613676461317,11.107824212803706,11.10209640990345,0.3566707834364986,0.004969841908564978,0.0001428155381548567,7.853930306231133,S,1.0,1.0,1.0,1.7320508075688772,98.94452345843496,95.93169701972776,36.11224489795919,-14.893939393939394,2.853930306231133
5730,-4.757656205792497,-104.95269891523148,-0.00011877688343744928,11.10986992488824,11.109869635059356,0.002537700203200579,0.0004354583694657218,3.537464276477593e-07,3.0961667865054787,-104.92183844437078,0.024314507671758506,11.107695341687029,11.10155708274655,0.36922370218553574,0.005536063881304812,0.00016683282357404068,7.853883622960685,S,1.0,1.0,1.0,1.7320508075688772,98.8985792756618,95.89100073154037,36.11224489795919,-14.893939393939394,2.8538836229606854
5740,-4.646557520572793,-104.95272400135899,-7.457647625365678e-05,11.10986964883432,11.109869178428282,0.003233001589137569,-8.655607625237909e-05,3.7548115857855616e-07,3.207205357169568,-104.91917052163488,0.025199268368552703,11.107588579338627,11.101053551202254,0.38096469809381245,0.0054978310480054,0.00017009903090072666,7.853834552357566,S,1.0,1.0,1.0,1.7320508075688772,98.8527422966026,95.85032011827566,36.11224489795919,-14.893939393939394,2.853834552357566
5750,-4.535458854376569,-104.95274973086069,-1.7193560302008244e-05,11.10986817727155,11.109867108487881,0.004873201228989289,-3.371840895938737e-05,6.286345555375463e-07,3.318240754397583,-104.91641503613289,0.02610521113743657,11.107500344473525,11.100561256889064,0.39256042150601206,0.004542839427355685,0.00014351796455178855,7.853783658524102,S,1.0,1.0,1.0,1.7320508075688772,98.8070095673339,95.80966980695246,36.11224489795919,-14.893939393939394,2.853783658524102
5760,-4.424360222817541,-104.95277246329576,5.440979889542741e-05,11.109865404782857,11.10986321023342,0.006983000280537168,0.00030980294703599756,1.1840242259511438e-06,3.429272383560244,-104.91356805145927,0.02704261583427554,11.1073843837238,11.099968834452019,0.40580749375193625,0.004336464595466681,0.0001428175919132375,7.853730457678553,S,1.0,1.0,1.0,1.7320508075688772,98.76137791936672,95.76904633551871,36.11224489795919,-14.893939393939394,2.8537304576785534
5770,-4.313261641581312,-104.95278064653925,0.0001330112363812259,11.109861366758734,11.109857507908629,0.009259728101399035,0.0011684776231530082,2.1033121452166686e-06,3.540299371015694,-104.91061525870944,0.028009241402386482,11.107236607246325,11.099288794257637,0.42011106986092694,0.0049642792864662165,0.00017246625853360297,7.853674203741491,S,1.0,1.0,1.0,1.7320508075688772,98.71583696013226,95.72843657531052,36.11224489795919,-14.893939393939394,2.853674203741491
5780,-4.202163095658598,-104.95277555576605,0.0002127255651878413,11.109858364527012,11.109853213902083,0.010697915701184568,0.001504075966983163,2.649784187089586e-06,3.6513215346079178,-104.90755338432729,0.029000675607755263,11.107085292839768,11.098595463188564,0.434191716765375,0.005370342597532331,0.00019562688485649132,7.853614829021222,S,1.0,1.0,1.0,1.7320508075688772,98.6703879727784,95.68783751978054,36.11224489795919,-14.893939393939394,2.8536148290212218
5790,-4.091064572852871,-104.95275919600736,0.00029202610030613923,11.109856357293763,11.109850126359401,0.011766457947830832,0.0015509311774496875,2.8573921095343215e-06,3.7623386655871256,-104.9043779765482,0.03001317596901642,11.106934321504394,11.097886085308707,0.4482348265403493,0.005747618494232894,0.00021739632295167502,7.8535522642901014,S,1.0,1.0,1.0,1.7320508075688772,98.62503291024666,95.64724505743413,36.11224489795919,-14.893939393939394,2.8535522642901014
5800,-3.979966065516736,-104.95273298913463,0.00037130583457722894,11.109855096591414,11.109847770318419,0.012758824751917038,0.0014473967339250974,2.8029176702982304e-06,3.8733508620726536,-104.90109198850742,0.031047886500590476,11.106792110865111,11.097172043730533,0.46217272293048794,0.005703264025665985,0.00022294261191141106,7.853486713435494,S,1.0,1.0,1.0,1.7320508075688772,98.57977319796306,95.60666193753956,36.11224489795919,-14.893939393939394,2.853486713435494
5810,-3.8688675701353104,-104.95269757660381,0.00045138923521625843,11.10985427229411,11.10984570198375,0.01379962770862081,0.0012874095455737344,2.5871089576463534e-06,3.9843580256002844,-104.89769866916251,0.03211148171555761,11.106644393101117,11.096411161404108,0.47666446466127466,0.005520066942455727,0.0002239295995093012,7.8534181817433115,S,1.0,1.0,1.0,1.7320508075688772,98.53460955212664,95.56609125916683,36.11224489795919,-14.893939393939394,2.8534181817433115
5820,-3.757769086189442,-104.95265304338537,0.0005329223039976068,11.109853622040774,11.109843608437734,0.014916408003735858,0.0011205662406260815,2.2963922721161126e-06,4.09535956634435,-104.89419406979118,0.03320946993973897,11.106470433908038,11.095557555852201,0.4922276140613503,0.005706865181647322,0.00024203556660999372,7.853346234875991,S,1.0,1.0,1.0,1.7320508075688772,98.48954218235109,95.52552950942463,36.11224489795919,-14.893939393939394,2.853346234875991
5830,-3.6466706149281203,-104.95259919591464,0.000616252305929693,11.109852974730332,11.109841314271502,0.01609632971992158,0.0009662879919277209,1.9877313153211867e-06,4.2063543859438814,-104.89055944184807,0.034333982968545035,11.106267655896955,11.094618010186688,0.5085591926846138,0.0067520771186993615,0.00029623135785931395,7.853270057460481,S,1.0,1.0,1.0,1.7320508075688772,98.44457104426239,95.48495938844162,36.11224489795919,-14.893939393939394,2.853270057460481
5840,-3.5355721583889443,-104.95253575562342,0.0007015007106371869,11.109852245666934,11.109838747722836,0.017318202761995753,0.0008286140818892762,1.6903727056355775e-06,4.317342417410636,-104.88678727581507,0.035472129206761085,11.10608611319744,11.093717314812595,0.524008485412443,0.007413480751461251,0.0003315236608462628,7.853189810351117,S,1.0,1.0,1.0,1.7320508075688772,98.39969601564009,95.44437381866993,36.11224489795919,-14.893939393939394,2.8531898103511173
5850,-3.424473718769244,-104.95246245456258,0.0007886687600547784,11.10985141154608,11.109835899252863,0.018565513856107836,0.000706118202310941,1.4147381285519368e-06,4.4283245625457655,-104.88289055416838,0.03662537110003484,11.105949697638005,11.0928880288835,0.5384736438478996,0.006825341296937192,0.00030903069695981296,7.853106461544273,S,1.0,1.0,1.0,1.7320508075688772,98.35491698354058,95.40378471915515,36.11224489795919,-14.893939393939394,2.8531064615442734
5860,-3.313375290687558,-104.95238776263113,0.0008843970798319694,11.109850495572582,11.109832737346624,0.019864092115358667,0.00021419162300280784,7.265972347575437e-07,4.539300851813207,-104.87887604699225,0.037805289894745533,11.105813110345515,11.091997929219394,0.5537750266263523,0.006111176240766243,0.00028037524196560236,7.8530202197203645,S,1.0,1.0,1.0,1.7320508075688772,98.31024183591323,95.36319845828892,36.11224489795919,-14.893939393939394,2.8530202197203645
5870,-3.2022769122517154,-104.9523081578589,0.0009937873582311347,11.109846940352242,11.109824920087657,0.022119743518431212,0.00029057246366909987,1.1833869478476497e-06,4.650270412596363,-104.87473831598977,0.03901974032198402,11.105638981414584,11.09097206760534,0.5705749566124426,0.00602343499369826,0.00028364729788725766,7.852930444703195,S,1.0,1.0,1.0,1.7320508075688772,98.26566750184756,95.32261018860154,36.11224489795919,-14.893939393939394,2.852930444703195
5880,-3.0911786172290623,-104.95221990620797,0.001117888493918104,11.109840893725815,11.109813087468895,0.02485649627928528,0.0006504279920878163,2.49686416220183e-06,4.7612326526696265,-104.87047765568282,0.04027640839443792,11.10542685325298,11.089831818181338,0.5883331007220364,0.006011603886105959,0.00029651597432569116,7.852836719756298,S,1.0,1.0,1.0,1.7320508075688772,98.22119070820547,95.28202037305503,36.11224489795919,-14.893939393939394,2.852836719756298
5890,-2.9800804431984687,-104.95211137011994,0.0012494979676134041,11.109832775074368,11.109798063290219,0.027771982816225924,0.0015185587022382178,4.939604717174456e-06,4.872186370938383,-104.86608559725262,0.0415794032422215,11.105156546886791,11.088532776670629,0.6074066113928202,0.006629470476262857,0.0003473752768193679,7.85273802912031,S,1.0,1.0,1.0,1.7320508075688772,98.17680092705316,95.24142139427602,36.11224489795919,-14.893939393939394,2.85273802912031
5900,-2.8689823606407767,-104.95198374107332,0.0013827551667595177,11.10982665559159,11.109786525070886,0.029861089175682778,0.0018575833211154809,6.147309219723091e-06,4.983130294931817,-104.86154832401034,0.042924408413624826,11.104839308028998,11.087110431534521,0.6272466310027923,0.007793154561577656,0.0004311143282585164,7.852633425830002,S,1.0,1.0,1.0,1.7320508075688772,98.1324993578425,95.20080058782382,36.11224489795919,-14.893939393939394,2.8526334258300023
5910,-2.7578843448054773,-104.95183894063616,0.001516159574557451,11.10982249489479,11.10977757487434,0.03159279806422488,0.0019027890433294659,6.435513158421803e-06,5.094063337127684,-104.85684585442958,0.04429497888724929,11.10451303818283,11.08565346014647,0.6469135774700535,0.009347730233356749,0.0005339680856252701,7.852522275437529,S,1.0,1.0,1.0,1.7320508075688772,98.08828787430309,95.16013937652474,36.11224489795919,-14.893939393939394,2.8525222754375292
5920,-2.646786380351776,-104.95167830712306,0.0016501296335314042,11.109819785576503,11.109769998234407,0.03326040164843062,0.0017934665420107866,6.103446172413534e-06,5.204986583327629,-104.851987139915,0.045685106362401064,11.104251912151522,11.084318312134227,0.6650549479603594,0.009412525521216908,0.0005512175231756782,7.852405809813078,S,1.0,1.0,1.0,1.7320508075688772,98.04416782138672,95.11944580786091,36.11224489795919,-14.893939393939394,2.852405809813078
5930,-2.5356884607280286,-104.95150239866183,0.0017855134510777104,11.109817912307614,11.109762818026782,0.03498816686723021,0.001624422262287499,5.442096421721894e-06,5.3159002899092895,-104.84697596848754,0.04709901276853545,11.104020029843223,11.082969963428738,0.6834015019707717,0.009099283336003204,0.0005422856722753816,7.852284488207204,S,1.0,1.0,1.0,1.7320508075688772,98.00013983279351,95.07872333072085,36.11224489795919,-14.893939393939394,2.8522844882072036
5940,-2.4245905857349284,-104.95131121750337,0.0019229785693810192,11.109816364094343,11.109755405351068,0.036803222293247145,0.0014460462878207558,4.6646998444090325e-06,5.426804348762842,-104.8418159343022,0.048545499214474486,11.103789118679762,11.081541494598767,0.7025460095942457,0.008604766557355224,0.00052181432654043,7.8521584061008705,S,1.0,1.0,1.0,1.7320508075688772,97.95620403458355,95.03797533522383,36.11224489795919,-14.893939393939394,2.8521584061008705
5950,-2.3134927412764767,-104.95111318580169,0.002069573915124332,11.109814830821382,11.10974733084392,0.038727508893853575,0.0008959064897344072,2.9697294730006495e-06,5.537697810129186,-104.83650228343238,0.050031147962747935,11.103522372051762,11.079960014049743,0.7229765927834843,0.008517739562411041,0.0005279063822755492,7.852027046146967,S,1.0,1.0,1.0,1.7320508075688772,97.91236829173862,94.99719758369895,36.11224489795919,-14.893939393939394,2.852027046146967
5960,-2.202394990745896,-104.95090461363313,0.0022305852096683437,11.109809180332771,11.10973111142034,0.04164919381361263,0.0009174497972181635,3.456757435201415e-06,5.648579786432711,-104.83103195262393,0.051561130197453946,11.103213894442264,11.078234397194215,0.7443664598560733,0.008584307012212047,0.0005487982128673487,7.851889862112948,S,1.0,1.0,1.0,1.7320508075688772,97.86862936805787,94.95638740988741,36.11224489795919,-14.893939393939394,2.851889862112948
5970,-2.0912973895155043,-104.95068158617764,0.0024071122459134483,11.109799718686117,11.10970827287009,0.04507639116008105,0.0012251305487325208,5.443845244829978e-06,5.75944805321104,-104.82537918386264,0.05312384029062471,11.102851527318649,11.076347311202055,0.7667087317287115,0.009835107901747912,0.0006453111323707074,7.851745328174973,S,1.0,1.0,1.0,1.7320508075688772,97.82498381083501,94.91552106471914,36.11224489795919,-14.893939393939394,2.8517453281749727
5980,-1.980200002477637,-104.950432313448,0.0025919471672470524,11.109787224835069,11.109680499629455,0.048696789026837405,0.0020419273563934484,9.478765209209629e-06,5.870302669705684,-104.8195371023992,0.05470321333082026,11.102534650544609,11.07455470220313,0.7877269923356972,0.010379595536698503,0.000691616495298111,7.851593835791111,S,1.0,1.0,1.0,1.7320508075688772,97.78142091140995,94.87459192513438,36.11224489795919,-14.893939393939394,2.8515938357911113
5990,-1.8691027877653466,-104.95015786575077,0.0027792107976965484,11.109777568907758,11.109658200293097,0.05150051714600937,0.002329614730825038,1.132533447316862e-05,5.981144439917334,-104.81350764122809,0.05629084705354936,11.102294896777954,11.072886403666717,0.8075510302851278,0.010041721039977027,0.000669925750966441,7.851436481281735,S,1.0,1.0,1.0,1.7320508075688772,97.73794174969368,94.8336014743267,36.11224489795919,-14.893939393939394,2.851436481281735
6000,-1.7580057095588455,-104.94986006707651,0.0029673896126258797,11.109770742606182,11.109639725139685,0.05395489659463778,0.002323698277434331,1.1615928403748339e-05,6.0919747038597265,-104.80730574790519,0.05789396596644075,11.102123674927945,11.071284740757811,0.8269245929701474,0.008607872962246304,0.0005667258192878779,7.851274687907028,S,1.0,1.0,1.0,1.7320508075688772,97.69454810460299,94.79256337724604,36.11224489795919,-14.893939393939394,2.8512746879070283
6010,-1.6469087460219018,-104.94954017193068,0.003156898148640977,11.109766015798288,11.109623093194564,0.05635293199664635,0.0021643747385628057,1.0893591982897072e-05,6.202793142579825,-104.80093587441309,0.05952604962096436,11.10194071948576,11.06953913856884,0.8475794940113975,0.0073506399529704725,0.0004751160808597033,7.851108391632242,S,1.0,1.0,1.0,1.7320508075688772,97.65124123837195,94.75148189050805,36.11224489795919,-14.893939393939394,2.851108391632242
6020,-1.5358118600391049,-104.9492073585122,0.003355269043278848,11.109762521871822,11.109606630337748,0.05885415485185504,0.0015650303966620906,8.199096637674538e-06,6.313597880412624,-104.79438509599363,0.061189748953332075,11.101697915983745,11.06757434354189,0.8697670768264002,0.007107006397969889,0.0004593684881720358,7.85093645410978,S,1.0,1.0,1.0,1.7320508075688772,97.60802972002085,94.71034527180407,36.11224489795919,-14.893939393939394,2.85093645410978
6030,-1.424715133402513,-104.94885822534485,0.0035683228572189175,11.10975416286976,11.109578946426046,0.062395452791824915,0.0015158131302094287,8.506077470205931e-06,6.424388412618527,-104.78765366772234,0.06288670177341772,11.101431464171187,11.065524605979869,0.8921579165955363,0.006677662412466569,0.00043555154878577394,7.850758777695207,S,1.0,1.0,1.0,1.7320508075688772,97.56491056792433,94.66915383920313,36.11224489795919,-14.893939393939394,2.850758777695207
6040,-1.3136186410310875,-104.94848885833383,0.0037975162615321604,11.109741021540737,11.109542063107519,0.06648844824319133,0.0017530030935297696,1.0881513377954181e-05,6.535163001205829,-104.78072680264911,0.06461106042222894,11.101123208109064,11.06333404930826,0.9151918897336078,0.007015178323534464,0.00047202605411232975,7.850574334075361,S,1.0,1.0,1.0,1.7320508075688772,97.52188031859407,94.627894006925,36.11224489795919,-14.893939393939394,2.850574334075361
6050,-1.2025224768343277,-104.94808734509203,0.00403581542396206,11.109723975379978,11.109498320335192,0.07080875371209434,0.002506336258829665,1.6269736896273117e-05,6.645922048875388,-104.7736104581112,0.06636258222165792,11.10083469683196,11.061161809569343,0.9376728581509427,0.006593061809857041,0.0004515053253001017,7.850383663059617,S,1.0,1.0,1.0,1.7320508075688772,97.47892812009704,94.58657120781025,36.11224489795919,-14.893939393939394,2.850383663059617
6060,-1.0914265883601288,-104.94765460680748,0.004277395875923839,11.10971055200083,11.109461870577917,0.07433367617721112,0.002737780328916825,1.8494829597469323e-05,6.756664284145556,-104.76629425970171,0.06813830115812365,11.10052894661165,11.058874469005861,0.9607488606985096,0.006737871231219996,0.0004746290191065167,7.850186107259455,S,1.0,1.0,1.0,1.7320508075688772,97.43605490629389,94.54517588058961,36.11224489795919,-14.893939393939394,2.8501861072594554
6070,-0.980330930840881,-104.94719233458868,0.0045207433422544095,11.109700719255317,11.109430247769485,0.07752187669655468,0.0026812553688403094,1.8538187739785396e-05,6.867390193375229,-104.75878540888651,0.069941220880904,11.100247465141784,11.056586363723172,0.9835607601553715,0.006190246404879075,0.00044152373113011666,7.849982421198172,S,1.0,1.0,1.0,1.7320508075688772,97.39326232757502,94.50371461473027,36.11224489795919,-14.893939393939394,2.849982421198172
6080,-0.8692354780264532,-104.94670167459576,0.004766255761840312,11.109693521597638,11.109400694472532,0.08066197048010922,0.0024757489477231576,1.719689834827754e-05,6.978098488527332,-104.7510758819029,0.07177234703898894,11.099940842853467,11.054145918620273,1.0072461092986678,0.006212311276453096,0.00045560260204769316,7.849771960598312,S,1.0,1.0,1.0,1.7320508075688772,97.35055154017267,94.46218007659317,36.11224489795919,-14.893939393939394,2.8497719605983116
6090,-0.7581401783859002,-104.94619171491841,0.005021450653095271,11.1096878466869,11.109370947360283,0.08391188694033701,0.001834284974808323,1.3026556354061257e-05,7.088788745262022,-104.74316479997864,0.07363218457120377,11.09963261534903,11.051637105053377,1.0310972281639403,0.006086574187603173,0.00045801050922087,7.849554984900245,S,1.0,1.0,1.0,1.7320508075688772,97.30793104243477,94.42057145089085,36.11224489795919,-14.893939393939394,2.8495549849002453
6100,-0.6470451422425758,-104.94565897652394,0.005292141246090314,11.109675870564896,11.109325688463493,0.08820825730638579,0.0017471160846102608,1.3125566126988157e-05,7.199459542114347,-104.73504033797707,0.0755150614315178,11.099311091443868,11.049024990000227,1.0553451923419894,0.0064581797521955486,0.0005022879532718263,7.849330925151421,S,1.0,1.0,1.0,1.7320508075688772,97.26539777351512,94.37887780573534,36.11224489795919,-14.893939393939394,2.8493309251514214
6110,-0.5359504701771184,-104.94509947262654,0.005579782684413947,11.109657787457206,11.109267997712935,0.09306293246911407,0.0019509216130700609,1.6089636165666157e-05,7.3101113050079025,-104.72670636369574,0.0774193253084346,11.099026973314027,11.046449133917081,1.0790557381965509,0.006178280497666975,0.00048629416562827755,7.8491006446629275,S,1.0,1.0,1.0,1.7320508075688772,97.22294819258684,94.33710256812407,36.11224489795919,-14.893939393939394,2.8491006446629275
6120,-0.4248562917935781,-104.94450122047913,0.005877343670703926,11.109634800216899,11.10920121426832,0.0981517961611187,0.002675750687246055,2.3293576346807853e-05,7.420743277265245,-104.71815776753726,0.07934360491569137,11.09874957653635,11.043797478690173,1.1030772467703347,0.006104328885957049,0.0004860552393352634,7.848863864070114,S,1.0,1.0,1.0,1.7320508075688772,97.1805713536697,94.2952409810701,36.11224489795919,-14.893939393939394,2.848863864070114
6130,-0.31376254235750023,-104.94386506881831,0.006179002434229834,11.109616368889121,11.109143953427514,0.1024523592407824,0.0028838424659652535,2.613079745153231e-05,7.531355654684985,-104.70939881571421,0.08129066716323406,11.09849361368725,11.041117486569593,1.1270692706412568,0.005615144972699368,0.0004460450446341312,7.8486211495658145,S,1.0,1.0,1.0,1.7320508075688772,97.13826811351551,94.25329692419669,36.11224489795919,-14.893939393939394,2.8486211495658145
6140,-0.2026691107140004,-104.9432013308033,0.006489927781643171,11.109602521288572,11.10909243646751,0.10645853202900045,0.002426618382576525,2.3274294592815566e-05,7.6419476584656785,-104.70042830209002,0.08326504513918594,11.098220285245251,11.03829575817404,1.1517466105468541,0.005315039376539883,0.00042564794145050986,7.848372506371345,S,1.0,1.0,1.0,1.7320508075688772,97.0960480906986,94.21126936261336,36.11224489795919,-14.893939393939394,2.848372506371345
6150,-0.091576094941902,-104.9425077499784,0.0068156673543593935,11.109583739713024,11.10902551483514,0.11136866901351974,0.0023814313979466624,2.420318271197494e-05,7.752518587992057,-104.69124758746145,0.08527322398810515,11.097915925471478,11.035312665798942,1.1771203238798056,0.005044546762173681,0.000413530344649157,7.848117803913296,S,1.0,1.0,1.0,1.7320508075688772,97.05390933629751,94.16915968181209,36.11224489795919,-14.893939393939394,2.848117803913296
6160,0.019516405282721028,-104.94178107786227,0.007158142692458852,11.109559579020104,11.108945253708956,0.11683060341625245,0.00255882999407639,2.7718166303869172e-05,7.863066501058993,-104.68184810541517,0.08731713476846108,11.097549391635035,11.032094338700384,1.2035352100350245,0.005391523393484603,0.0004696683490161622,7.84785596549256,S,1.0,1.0,1.0,1.7320508075688772,97.01184897721978,94.12696017018823,36.11224489795919,-14.893939393939394,2.8478559654925597
6170,0.1306082397476862,-104.94100960977421,0.007510843643979778,11.10953070213297,11.108854545413266,0.12256879899104667,0.003234411688209567,3.607268502556256e-05,7.97359023209582,-104.67222576451451,0.08939660298763044,11.097147917459056,11.028734602401943,1.2303271807726297,0.005798459176159473,0.0005378994414680532,7.8475863351587085,S,1.0,1.0,1.0,1.7320508075688772,96.96985630111574,94.08466713573317,36.11224489795919,-14.893939393939394,2.8475863351587085
6180,0.24169948727997825,-104.9401941857996,0.007868295424047253,11.109507708907998,11.108775304982577,0.12756471963474206,0.003391719433322179,3.881072094275987e-05,8.08408817021883,-104.66237121333192,0.0915076472848769,11.096717799102368,11.025235864443337,1.257505485597464,0.006514289789360097,0.000640897069634234,7.847308191878165,S,1.0,1.0,1.0,1.7320508075688772,96.92793214600323,94.04227198907788,36.11224489795919,-14.893939393939394,2.847308191878165
6190,0.35279028177340166,-104.93934498599549,0.00823583340621753,11.109490217059024,11.108702418373054,0.13230065367494853,0.0028886826506525076,3.4441174195842095e-05,8.19455969697375,-104.65228049558657,0.09364577793083936,11.096300687665318,11.021701473768871,1.284517642620324,0.007014556457669115,0.0007196310073845761,7.8470219563109,S,1.0,1.0,1.0,1.7320508075688772,96.886086011795,93.9997709800453,36.11224489795919,-14.893939393939394,2.8470219563108996
6200,0.46388050008708004,-104.93845959716843,0.00861905696035645,11.109466724818612,11.108610051496305,0.1379624356382185,0.002802506492513037,3.484316268289197e-05,8.305003981028685,-104.6419466419978,0.09580489465227879,11.095909024299397,11.018136314664957,1.3114378471700883,0.007494120126281261,0.0007906601544817662,7.8467278132963045,S,1.0,1.0,1.0,1.7320508075688772,96.84431580053214,93.95715753687827,36.11224489795919,-14.893939393939394,2.8467278132963045
6210,0.574970016892479,-104.93753462943818,0.009019884954689047,11.109436685774176,11.108500928108253,0.14418947757446288,0.0029420880240362485,3.848504527011933e-05,8.415421751160043,-104.63137506813018,0.09798548586611637,11.09557477114125,11.014611757884799,1.337948924679917,0.007250295436659596,0.0007754445566899091,7.846427026001042,S,1.0,1.0,1.0,1.7320508075688772,96.80261850232583,93.91443645044461,36.11224489795919,-14.893939393939394,2.8464270260010416
6220,0.6860586434221201,-104.93655826191261,0.00943179009609661,11.109400947350643,11.10837874394439,0.15070199096167614,0.0035817489906670745,4.81693323021026e-05,8.52581283823507,-104.62056917864386,0.10019444917889299,11.095249073216575,11.010961208770723,1.3650220714917445,0.006852169236453345,0.0007411160137846332,7.846119737541117,S,1.0,1.0,1.0,1.7320508075688772,96.76098327913084,93.87161086455899,36.11224489795919,-14.893939393939394,2.846119737541117
6230,0.7971465522992811,-104.93553992727341,0.009855959413981624,11.109372031952788,11.10826944122448,0.15651506474835974,0.0033224299598186902,4.6868469383834866e-05,8.636175413773529,-104.60952184430631,0.10243467514790769,11.094883024757808,11.007071491369565,1.3931283203417888,0.006944135087145064,0.0007659514291612839,7.845805330330837,S,1.0,1.0,1.0,1.7320508075688772,96.7194189279905,93.82867434163387,36.11224489795919,-14.893939393939394,2.845805330330837
6240,0.9082336340884538,-104.93447769650581,0.01029618742978551,11.109338176902725,11.108142534589902,0.16298515276845893,0.0033430718376512613,4.936597802971334e-05,8.746508049389007,-104.5982270998128,0.10470477032609449,11.09449288941521,11.003032662808485,1.4216345150756244,0.007162630508970265,0.000808603767090725,7.8454834314611634,S,1.0,1.0,1.0,1.7320508075688772,96.67792378243685,93.7856214250527,36.11224489795919,-14.893939393939394,2.8454834314611634
6250,1.0193197736081372,-104.93336883769089,0.010754006166011947,11.109298956886743,11.107999490040644,0.16991363318367678,0.003498304094059335,5.417595747678269e-05,8.85680948741849,-104.58667878202081,0.10700102457127826,11.094095219855088,10.99889391335683,1.4502694335652124,0.007430050943990756,0.000857791324951991,7.845153855010341,S,1.0,1.0,1.0,1.7320508075688772,96.6364954266224,93.74244640693162,36.11224489795919,-14.893939393939394,2.8451538550103406
6260,1.1304047693438235,-104.93220197085964,0.011223076037233775,11.109254898094619,11.107842973995067,0.17711255152502137,0.004106505156049768,6.516390146076268e-05,8.967079553962291,-104.57487826217728,0.10932350350173854,11.09371467082088,10.994709021678876,1.4788099019818437,0.007315211704542058,0.0008593718655873341,7.844816882035005,S,1.0,1.0,1.0,1.7320508075688772,96.59512341031736,93.6991504648871,36.11224489795919,-14.893939393939394,2.844816882035005
6270,1.2414888309364727,-104.93098670071403,0.011704876244500806,11.109219627707088,11.107701793768705,0.18363441218872398,0.00379868426997146,6.273678692790564e-05,9.077318138844266,-104.56283098045395,0.11167999393724005,11.093326468801232,10.990374204257773,1.5078352011381648,0.006907722863660186,0.0008270401491002078,7.844473186710943,S,1.0,1.0,1.0,1.7320508075688772,96.55381668483217,93.65573865612726,36.11224489795919,-14.893939393939394,2.8444731867109434
6280,1.3525718334876486,-104.92972109203765,0.01220342135112554,11.109179218117275,11.107539871699096,0.1908426023286724,0.003769027986428298,6.461045774042936e-05,9.187522805235115,-104.5505290569216,0.11407492850711798,11.092867225673917,10.985708628961495,1.5381512298832887,0.007134227911561307,0.0008825688747153247,7.8441215779194815,S,1.0,1.0,1.0,1.7320508075688772,96.51257357223749,93.61220395742637,36.11224489795919,-14.893939393939394,2.8441215779194815
6290,1.4636536408221033,-104.92840231910775,0.01272036097712165,11.10913282913437,11.107358673653875,0.19853339808970463,0.00387794543694355,6.918519435961153e-05,9.297692948959234,-104.53797728320093,0.1165168938280489,11.09235961162524,10.980815453973277,1.5691187716028634,0.007058615137649429,0.0009088481898032361,7.843762081431367,S,1.0,1.0,1.0,1.7320508075688772,96.47139156417136,93.56855094163303,36.11224489795919,-14.893939393939394,2.8437620814313673
6300,1.5747338987065325,-104.92701019343798,0.013242723077891922,11.109080794566015,11.107161812203923,0.2064765790939627,0.004827083947977053,8.657961321221309e-05,9.407824401500458,-104.52515809181523,0.11900527478150115,11.091734848206318,10.97548713364923,1.6016441933259242,0.008110070662958529,0.0010961382402604023,7.843391609280962,S,1.0,1.0,1.0,1.7320508075688772,96.43025201466095,93.52476377579434,36.11224489795919,-14.893939393939394,2.843391609280962
6310,1.685812950676295,-104.92554883767473,0.013760166184616273,11.109052314993114,11.107014460845805,0.21277477250848814,0.0046911101128040466,8.34506562988883e-05,9.517916496923448,-104.51207261124561,0.12154094169365882,11.091085154602878,10.97002811991252,1.6342132526022772,0.008645316580061013,0.001220422417373767,7.843010171417559,S,1.0,1.0,1.0,1.7320508075688772,96.38915870392371,93.48084351596846,36.11224489795919,-14.893939393939394,2.843010171417559
6320,1.7968909406523088,-104.92401440841623,0.014263785204488266,11.10904363558969,11.106898192251595,0.21831867623744833,0.00439229780301924,7.413289991419175e-05,9.627965136003375,-104.49869911199815,0.12411438122800234,11.090374086245127,10.964278813194328,1.6676292991535642,0.010119178221871429,0.0014759415853484203,7.842615389935971,S,1.0,1.0,1.0,1.7320508075688772,96.34810804747326,93.43677027081249,36.11224489795919,-14.893939393939394,2.842615389935971
6330,1.907968245538374,-104.92241365966176,0.014749487176550061,11.109061421961131,11.1068282711175,0.22273624045073204,0.00329492722926354,4.7361149254906004e-05,9.737969493251793,-104.48502789969278,0.12671003548365076,11.089739596309954,10.958655394537569,1.7000577218840291,0.011077363617388236,0.0016459743015171937,7.842207969839701,S,1.0,1.0,1.0,1.7320508075688772,96.307106279491,93.3925347271884,36.11224489795919,-14.893939393939394,2.842207969839701
6340,2.0190450977854697,-104.92075203372897,0.01521776351513153,11.109096564382789,11.106783114897716,0.22670534930709388,0.0018774252275374488,1.2414841128187826e-05,9.847931092997355,-104.47106260468733,0.12932081926677616,11.089247775619159,10.953262928389746,1.7313137932325673,0.010964631263609706,0.0016412837776878563,7.841790389229783,S,1.0,1.0,1.0,1.7320508075688772,96.26615847063984,93.34813968344001,36.11224489795919,-14.893939393939394,2.841790389229783
6350,2.130121605366461,-104.91903319082752,0.015670177207622357,11.109140391659858,11.106748486466076,0.23051746136048215,0.0003970114843938131,-2.4704596628965463e-05,9.957850974653217,-104.45680824778483,0.1319487392688503,11.088860311680609,10.947914216210984,1.7623839895013818,0.010227472506890815,0.0015276567793534182,7.841364611900486,S,1.0,1.0,1.0,1.7320508075688772,96.22526807762854,93.30358942091446,36.11224489795919,-14.893939393939394,2.8413646119004863
6360,2.241197657873407,-104.91725086205736,0.01610117478284705,11.109186662417507,11.10671792526518,0.234190582705987,-0.0006264458687085526,-5.341647365423843e-05,10.067729601492454,-104.44227178827346,0.13460320769264733,11.088512270642514,10.942425043867054,1.7940007066723007,0.00911784873184101,0.0013513957560104106,7.840931538090481,S,1.0,1.0,1.0,1.7320508075688772,96.18442934709289,93.2588902552139,36.11224489795919,-14.893939393939394,2.840931538090481
6370,2.3522733092493278,-104.91540153238036,0.016499319026548734,11.10924321332712,11.106720523350418,0.23673611689244137,-0.0016910479421853133,-8.317801973551382e-05,10.177563718332042,-104.42744136376093,0.13728559821637265,11.088108012621626,10.936572022502828,1.826891265558053,0.008836929917214157,0.001303484079274119,7.840489468945227,S,1.0,1.0,1.0,1.7320508075688772,96.14363903666876,93.21403146988625,36.11224489795919,-14.893939393939394,2.8404894689452274
6380,2.4633490335710366,-104.91350252632152,0.01686489517420395,11.109315972432318,11.106772874465534,0.23769242810077348,-0.0038172981752317287,-0.00013354353845067347,10.287352657320296,-104.41231767097584,0.1399964995998569,11.087700558503732,10.930608383969394,1.8598129022409642,0.008240501312303214,0.001209540746773714,7.8400394746244375,S,1.0,1.0,1.0,1.7320508075688772,96.10291327237364,93.16901367188127,36.11224489795919,-14.893939393939394,2.8400394746244375
6390,2.5744251576969988,-104.91157609239548,0.017215361564052522,11.109388420284382,11.106823028039003,0.23873268852681162,-0.006390045710228487,-0.00019133179361639026,10.39709357902662,-104.39688953406669,0.14273136156423885,11.087257125548781,10.92442358439764,1.893208894097223,0.008167125580828853,0.0012009778044998966,7.839581843656715,S,1.0,1.0,1.0,1.7320508075688772,96.06227287393084,93.12382665645626,36.11224489795919,-14.893939393939394,2.839581843656715
6400,2.685501293004017,-104.90961877677412,0.01756271517523472,11.109438261191627,11.106812304893994,0.24153447597351618,-0.007565794402394814,-0.00021826430060822952,10.506786255011084,-104.38115750583678,0.1454869230490891,11.086847849663192,10.918244736548626,1.9261690253997836,0.007652006637565685,0.0011191206295189814,7.839117920518775,S,1.0,1.0,1.0,1.7320508075688772,96.02171485026035,93.07847075302656,36.11224489795919,-14.893939393939394,2.839117920518775
6410,2.7965769691277718,-104.90761758663851,0.01790245903777013,11.109468497181473,11.106768123090442,0.244932949538469,-0.0075473884610141595,-0.00021776717501712715,10.616429546853372,-104.3651181405916,0.14826096393215146,11.086457440095355,10.911973028919288,1.959179212625455,0.007175037631839444,0.0010401187975869256,7.8386478417086005,S,1.0,1.0,1.0,1.7320508075688772,95.98122728598005,93.03294269630018,36.11224489795919,-14.893939393939394,2.8386478417086005
6420,2.907652022371847,-104.90556461805006,0.018220976888516004,11.109494839461748,11.106741406099319,0.24732756835040628,-0.007244263429793374,-0.00020963214562341655,10.726024005057416,-104.34877806865072,0.15105782313834099,11.086101138579078,10.905644215841676,1.9921251698332942,0.006217403872746966,0.0008788008025304066,7.838172728463868,S,1.0,1.0,1.0,1.7320508075688772,95.94080291262557,92.98724844591236,36.11224489795919,-14.893939393939394,2.838172728463868
6430,3.0187268512508196,-104.9034748533022,0.018516281204486937,11.109529830129155,11.10675996685911,0.24806467927809644,-0.007925360385561667,-0.00022119601121484904,10.835567534008982,-104.33213315912103,0.15388131049151765,11.085705489454675,10.899014243627004,2.0259207082561717,0.00571332552326261,0.0007983434918137513,7.837692874254062,S,1.0,1.0,1.0,1.7320508075688772,95.9004557357164,92.94138433733063,36.11224489795919,-14.893939393939394,2.8376928742540617
6440,3.12980195423995,-104.90137601308413,0.018809561393411132,11.109565613008309,11.106778054232798,0.24885611053250264,-0.009391249620713908,-0.00024812658102908817,10.945058476030727,-104.31518093905488,0.15673315580245603,11.085277726004216,10.892158153165699,2.060163350094159,0.005354354471109116,0.0007484238154889,7.837209909541114,S,1.0,1.0,1.0,1.7320508075688772,95.86021171103813,92.89534817129429,36.11224489795919,-14.893939393939394,2.837209909541114
6450,3.240877485727065,-104.89929235476602,0.01914007054166401,11.109580618898022,11.106715914797462,0.2522758723685725,-0.010494334924693649,-0.00026404568137445515,11.054463942229283,-104.29794097663871,0.159621775381239,11.081451227927879,10.881860644807777,2.0937216204471794,0.0029789470272361986,0.0011676513945125585,7.836692975561215,S,1.0,1.0,1.0,1.7320508075688772,95.82009370248464,92.84916739219929,36.11224489795919,-14.893939393939394,2.836692975561215
6460,3.3519524189284753,-104.89720422567545,0.019529224585622344,11.109545484317124,11.106499154705647,0.26014879325832835,-0.00870530994609229,-0.00021128428095014824,11.163816421869104,-104.28037271553563,0.16253335170119232,11.081489328731823,10.875012293387124,2.1292048660183465,0.004119085052890907,0.001159113646879407,7.836178935702078,S,1.0,1.0,1.0,1.7320508075688772,95.78008375274713,92.80279384470467,36.11224489795919,-14.893939393939394,2.836178935702078
6470,3.46302616089349,-104.89510693227886,0.019989459538488987,11.109466758038947,11.106184712495008,0.270023665471289,-0.006117283446815079,-0.00013258687898985022,11.27311866665141,-104.2624772930303,0.16547052555068054,11.081875994201615,10.868349760339534,2.164936266449809,0.004945493378833824,0.001069830101504915,7.835672607310223,S,1.0,1.0,1.0,1.7320508075688772,95.74017778553063,92.75622759769874,36.11224489795919,-14.893939393939394,2.835672607310223
6480,3.5740972671668088,-104.89295980085777,0.020507308642290684,11.109334368622905,11.105755102914479,0.28198175110292545,-0.0011535159202015841,7.1807067899316444e-06,11.38236967817763,-104.2442567445579,0.16843300267127442,11.082217356486712,10.861561248176354,2.200461039993452,0.005346254641180208,0.0009354156589972244,7.835172857046967,S,1.0,1.0,1.0,1.7320508075688772,95.70033816788815,92.70947060059294,36.11224489795919,-14.893939393939394,2.8351728570469668
6490,3.6851659957590033,-104.89077627570055,0.021081761940418168,11.109194052452178,11.105338769376585,0.29264878680797873,0.001964350741084542,0.0001086117819339024,11.491535223048205,-104.22573817984824,0.1714300999804854,11.07888381036086,10.851162747369276,2.234711058186552,0.003220223959902561,0.001225807278512952,7.834645887447796,S,1.0,1.0,1.0,1.7320508075688772,95.66057753772888,92.66255780638888,36.11224489795919,-14.893939393939394,2.834645887447796
6500,3.7962311535644284,-104.8885210318725,0.02169822277891994,11.10901799701575,11.104836008394058,0.3047918711097326,0.006715903788296744,0.00025274653788247964,11.60064425232234,-104.20687050735636,0.17444063013195632,11.079303762584985,10.844062509878745,2.270964584812392,0.004973277535171619,0.0012385869083614209,7.83412479180905,S,1.0,1.0,1.0,1.7320508075688772,95.6208631445801,92.61543192298542,36.11224489795919,-14.893939393939394,2.8341247918090504
6510,3.9072932886332086,-104.88620772144502,0.02235334107631111,11.108859357529859,11.104382194040499,0.3153606095488826,0.009212391979681425,0.0003401946057922377,11.709700874425783,-104.18766588441642,0.17746658210468746,11.079992497556958,10.837288736505482,2.3063838768795395,0.005388445374896,0.0010079595290833146,7.833615055190854,S,1.0,1.0,1.0,1.7320508075688772,95.58120770783763,92.56810328280797,36.11224489795919,-14.893939393939394,2.8336150551908537
6520,4.018351963344384,-104.88382477113407,0.023046098177373183,11.108690536866298,11.10387854681286,0.32693525581063776,0.011899758747380125,0.0004328365362834867,11.818670871492266,-104.16815219946015,0.1805179634107668,11.07698692403277,10.826891389306573,2.3405260432971433,0.003398607860668167,0.0012091937386727073,7.833081277419233,S,1.0,1.0,1.0,1.7320508075688772,95.54160054080712,92.5206074938164,36.11224489795919,-14.893939393939394,2.8330812774192333
6530,4.129407314121885,-104.88137810414247,0.023781901357825635,11.108524630509503,11.103358953093615,0.338732084975987,0.013450932754709405,0.000495323224836021,11.927587126375496,-104.14829891992458,0.18358750799484874,11.077791858249864,10.819873224426921,2.376513383517199,0.004123289856362722,0.0009491936238777655,7.832561105703122,S,1.0,1.0,1.0,1.7320508075688772,95.50204723217546,92.47290611807573,36.11224489795919,-14.893939393939394,2.832561105703122
6540,4.240458893931693,-104.8788628214329,0.024568325665345826,11.1083372867419,11.102758710409004,0.3520032591573214,0.01497658222481145,0.00055971816563489,12.036449945762003,-104.1281128172866,0.18668769752085085,11.0786397841404,10.812567241860904,2.4134309824345346,0.004607319377594279,0.0007011543428070722,7.832056055017988,S,1.0,1.0,1.0,1.7320508075688772,95.46254337350537,92.4250053239287,36.11224489795919,-14.893939393939394,2.832056055017988
6550,4.351506005040529,-104.87626750810588,0.025407074046462003,11.108120454587134,11.102068628112118,0.36662270838803634,0.01663822024327373,0.0006313627165317905,12.145220847709801,-104.10761565044503,0.1898288482717113,11.075493107317241,10.801188394142281,2.4496687213739348,0.003177011230860248,0.0010290893716130719,7.831527100580627,S,1.0,1.0,1.0,1.7320508075688772,95.4230784866516,92.37693582829986,36.11224489795919,-14.893939393939394,2.831527100580627
6560,4.462548324921228,-104.87359160561313,0.02630312919907766,11.10788170584638,11.101311105280946,0.3820048885062176,0.017686753305962095,0.000688317329973863,12.25393042803557,-104.08676662365058,0.19299703138881824,11.076151872183718,10.793125796070065,2.4878858184984702,0.004873696144994437,0.001005037460024625,7.83101070290233,S,1.0,1.0,1.0,1.7320508075688772,95.38365219102869,92.32864993367376,36.11224489795919,-14.893939393939394,2.83101070290233
6570,4.573584630909228,-104.87081076209243,0.02724934599084904,11.107601621456059,11.10043963275029,0.3988154217679001,0.019533595224743593,0.000773260015091977,12.362545942709804,-104.06559014823851,0.19620069553201708,11.07330613426605,10.781588999671094,2.5249648285363033,0.004195388202839439,0.0013830664725823815,7.830472434898257,S,1.0,1.0,1.0,1.7320508075688772,95.34424194801464,92.28017933831549,36.11224489795919,-14.893939393939394,2.8304724348982573
6580,4.684615099452022,-104.86793019580328,0.028245293728399953,11.1073271165316,11.099564561447504,0.4151893783526456,0.019963668751169148,0.0008123152154159321,12.471099504971406,-104.04405237875163,0.19942758992065718,11.074296840496942,10.77348376586432,2.563610356138096,0.005983820065416614,0.0013008405742987246,7.829949811769317,S,1.0,1.0,1.0,1.7320508075688772,95.30485263388168,92.23148269813933,36.11224489795919,-14.893939393939394,2.8299498117693167
6590,4.795638621597847,-104.8649257000573,0.029281125360900582,11.107028211564572,11.098599223670213,0.43263259798381276,0.02113475472208787,0.0008754825144564195,12.579558429773902,-104.0221853411852,0.20269120014078135,11.071633545625234,10.761771614682356,2.601026928355629,0.005081617916854008,0.001572063946629934,7.829407314259964,S,1.0,1.0,1.0,1.7320508075688772,95.26546176639407,92.18259899808993,36.11224489795919,-14.893939393939394,2.8294073142599636
6600,4.906655470658623,-104.86179600519277,0.030347797030735545,11.106761268674301,11.097675758186208,0.4491532539008641,0.021070315815092666,0.0008894867049591883,12.687951932647113,-103.99994233400709,0.20597339326250633,11.072820977084866,10.753381289088317,2.6404839030101876,0.007304983746646239,0.0015465897360134799,7.828880276252208,S,1.0,1.0,1.0,1.7320508075688772,95.22606804194061,92.1334752458634,36.11224489795919,-14.893939393939394,2.8288802762522076
6610,5.017665811055015,-104.85854061281614,0.03144320938824638,11.106521539158752,11.096761230508342,0.4655221722800143,0.020294728270839602,0.0008710718666002004,12.79624886352903,-103.97735632817862,0.20927983457403163,11.070439568570343,10.741728988073941,2.677665137417279,0.006420731816978735,0.0017470634785092128,7.8283357137854095,S,1.0,1.0,1.0,1.7320508075688772,95.18667092121281,92.08415088253278,36.11224489795919,-14.893939393939394,2.8283357137854095
6620,5.128669723816859,-104.85516127834015,0.032570681156859654,11.106298745942803,11.095825978562683,0.48220087887118884,0.018962669473285242,0.0008264733107294063,12.904447540317953,-103.95441686966566,0.21260218627587563,11.068205480854516,10.730104437127318,2.71478016324685,0.005969934406426305,0.0019349705407184184,7.8277749802449526,S,1.0,1.0,1.0,1.7320508075688772,95.14727202345907,92.03461580512892,36.11224489795919,-14.893939393939394,2.8277749802449526
6630,5.239667196545721,-104.85166518062141,0.033742055949811695,11.106071178544294,11.094821867897112,0.4997446773346194,0.017147529338249073,0.0007616100737173393,13.012550554245113,-103.93112363480142,0.21594081385398342,11.066336115521382,10.718695094339143,2.7519757441305446,0.005410210719361566,0.001983932400220951,7.827203359436934,S,1.0,1.0,1.0,1.7320508075688772,95.10787813131827,91.98486862693356,36.11224489795919,-14.893939393939394,2.8272033594369343
6640,5.350656539442258,-104.84802757928111,0.034953276272785785,11.10579114217871,11.093653127882785,0.5190926428987096,0.01676292421379745,0.0007564238242756054,13.120561146328852,-103.90748303835241,0.219305678624774,11.064771439298516,10.707295241182212,2.789802075788337,0.0046479210902002095,0.0018929238813223646,7.826623897542816,S,1.0,1.0,1.0,1.7320508075688772,95.06846637868458,91.93491433547324,36.11224489795919,-14.893939393939394,2.8266238975428157
6650,5.4616376067349535,-104.8442432275333,0.03619515803001101,11.105522193287191,11.092491355121528,0.5378277811237608,0.015840269536813355,0.0007259371683535804,13.228481115515075,-103.88349172960459,0.22270620691074583,11.063604494110418,10.695774938064805,2.8290887006888026,0.004436166236186636,0.0018226734192662525,7.826039964800344,S,1.0,1.0,1.0,1.7320508075688772,95.02903181174007,91.88474884197484,36.11224489795919,-14.893939393939394,2.8260399648003443
6660,5.572610472201886,-104.84031167689491,0.037464064273075186,11.105273411857867,11.091337222750662,0.5561799738779806,0.014473829086815148,0.0006713989643688573,13.336310553620502,-103.85913658828997,0.22614274532553333,11.062879139221963,10.684217851571036,2.8696312915082443,0.0050692112925571214,0.00184676567621617,7.825454843567774,S,1.0,1.0,1.0,1.7320508075688772,94.98957394221183,91.8343590225756,36.11224489795919,-14.893939393939394,2.8254548435677744
6670,5.68357542818476,-104.83624157283872,0.03876714157392733,11.105038380344453,11.09016014579015,0.5746523902770787,0.012514636539016504,0.0005866467612476605,13.444048361402706,-103.83439923514837,0.22960323437112157,11.062574617698028,10.672866769724529,2.9104075466928316,0.0063523193619509765,0.0019388705073764066,7.824872408978769,S,1.0,1.0,1.0,1.7320508075688772,94.95010082638787,91.78372693994103,36.11224489795919,-14.893939393939394,2.824872408978769
6680,5.794531635135062,-104.83202801366984,0.040111243060017426,11.104770977377123,11.088849109161606,0.5944441893425432,0.011135606031853646,0.0005295610699340108,13.55169321841364,-103.80926602116237,0.23306768531203673,11.062535328361246,10.661944378279246,2.950022028005932,0.007547400645343656,0.001966926182968007,7.824295362677131,S,1.0,1.0,1.0,1.7320508075688772,94.91060805862172,91.73283927422716,36.11224489795919,-14.893939393939394,2.824295362677131
6690,5.9054778430812025,-104.8276557332402,0.04149180565442628,11.104468404562953,11.087420026521679,0.6150899961980365,0.01055765204112261,0.0005122284653767209,13.659245098417092,-103.78375753058647,0.23653456965176828,11.062093979330276,10.65102650037979,2.987567186816491,0.006859532739320913,0.001637314857430533,7.823722266761695,S,1.0,1.0,1.0,1.7320508075688772,94.8710815291229,91.68171556185251,36.11224489795919,-14.893939393939394,2.8237222667616946
6700,6.016413533517997,-104.82311344973786,0.042896770336076424,11.104174279802763,11.085986275685569,0.6352910604946446,0.010070764884871282,0.0004961206616440736,13.76670255146314,-103.75787789431565,0.24000768806494682,11.061556652269445,10.639843850472811,3.0251873345170446,0.006019106782393726,0.0012987771654536543,7.823151963896441,S,1.0,1.0,1.0,1.7320508075688772,94.83151064849162,91.6303597535102,36.11224489795919,-14.893939393939394,2.823151963896441
6710,6.127339575278475,-104.8184115105201,0.04432567907581788,11.103928514577108,11.084622587090687,0.6545002357505803,0.00855266314040421,0.00042051447272298313,13.87406438135935,-103.73163824250895,0.24349862958143975,11.060790645766158,10.628168440456127,3.063188748797647,0.004753395883080994,0.0009123395780574607,7.822584058814095,S,1.0,1.0,1.0,1.7320508075688772,94.79190488989988,91.57878252847664,36.11224489795919,-14.893939393939394,2.822584058814095
6720,6.238256058417958,-104.81355803905787,0.04578976067587634,11.103684422261646,11.083187303058983,0.6743641112100038,0.006903623990819878,0.0003356309405615919,13.98132787820657,-103.70502470576378,0.247008255131364,11.060267738494879,10.616196361423562,3.1025630151356722,0.004598925628204628,0.0007670688266209454,7.8220206697137185,S,1.0,1.0,1.0,1.7320508075688772,94.75227188024871,91.52697068295949,36.11224489795919,-14.893939393939394,2.8220206697137185
6730,6.349161780770304,-104.80854693100807,0.047297007160896964,11.103390103622283,11.081567992678288,0.6957892043322941,0.006088251807001201,0.0002998749547845306,14.088491422441216,-103.67803541632195,0.2505356482152953,11.059766755336618,10.604068912836548,3.1419998685968458,0.004418011085432769,0.0006274237090994543,7.821462752406605,S,1.0,1.0,1.0,1.7320508075688772,94.71260615771155,91.47492237581858,36.11224489795919,-14.893939393939394,2.821462752406605
6740,6.460055190264556,-104.80336307965716,0.04884348204842949,11.10304631111089,11.079798490926432,0.7181244927848598,0.006161793171604575,0.0003184919792558553,14.195553169993977,-103.65066406221545,0.25407664471249486,11.059377685504892,10.591876183919085,3.1815080850394235,0.004491331454220733,0.000547721746497373,7.820910689888296,S,1.0,1.0,1.0,1.7320508075688772,94.67289380788473,91.42263149865477,36.11224489795919,-14.893939393939394,2.8209106898882963
6750,6.570935498292634,-104.79799422929388,0.050417209234114156,11.102701111238092,11.078005589997401,0.7401108791754775,0.0064500699338102515,0.0003486033602427916,14.302511986591263,-103.62291311629194,0.25763014748016844,11.058942255873852,10.579583908232056,3.2206533727536684,0.004242294267413354,0.00041116919687507816,7.820363841698545,S,1.0,1.0,1.0,1.7320508075688772,94.633123360086,91.37010029264023,36.11224489795919,-14.893939393939394,2.820363841698545
6760,6.681803648787709,-104.79245112397118,0.052018234733217206,11.10240394010893,11.076283273238943,0.7611321175154191,0.00569208591385797,0.00031106037920580005,14.40936640818201,-103.59478183891925,0.2611958100390068,11.058522967318192,10.567143241337865,3.2598180832297126,0.004004237493919358,0.0002915636282870225,7.819823394216423,S,1.0,1.0,1.0,1.7320508075688772,94.59330464359302,91.31732795691721,36.11224489795919,-14.893939393939394,2.8198233942164226
6770,6.792659598948893,-104.78674091367797,0.0536580578997063,11.1021007984505,11.074459679664876,0.7829335491803724,0.0048621218602287394,0.00026889242480030313,14.51611488624951,-103.56626818095783,0.26477234066350586,11.058146697743094,10.554579007093247,3.299010514053119,0.0038205431729842285,0.00019561720664912986,7.819291225312254,S,1.0,1.0,1.0,1.7320508075688772,94.55344439613533,91.26431243369868,36.11224489795919,-14.893939393939394,2.819291225312254
6780,6.903501874827435,-104.78085669767651,0.05534455109516886,11.101736965676086,11.072413735820895,0.8063607864123902,0.004851531540622083,0.0002848017275862726,14.622756201568883,-103.53737460099505,0.26836092589181143,11.05772707547498,10.541836714352351,3.3381142526320597,0.0034528706163291217,7.549090623319276e-05,7.818768130957964,S,1.0,1.0,1.0,1.7320508075688772,94.51353644510517,91.21105596220099,36.11224489795919,-14.893939393939394,2.818768130957964
6790,7.014328559089883,-104.77478156994574,0.057072717719858716,11.10131574200368,11.070188863795313,0.83074046702983,0.005729530862108695,0.000364734764126591,14.729288599207107,-103.5080979632812,0.27196105353064,11.05736886226405,10.528928101412838,3.3774367783047596,0.0032907767591335013,1.625323003011519e-05,7.818254010966788,S,1.0,1.0,1.0,1.7320508075688772,94.47356522081719,91.15755546868726,36.11224489795919,-14.893939393939394,2.818254010966788
6800,7.125138785433553,-104.76850314732732,0.05882979250611833,11.100898664270392,11.067946739699957,0.8546965084550678,0.006676158385837865,0.00044814970813014204,14.83571100075238,-103.47844354528957,0.2755766144261469,11.056908066809294,10.515756550389085,3.4167353088615853,0.002847225951538303,-8.541563982565818e-05,7.817747608132184,S,1.0,1.0,1.0,1.7320508075688772,94.43351910545647,91.1038158938448,36.11224489795919,-14.893939393939394,2.8177476081321844
6810,7.235933660592945,-104.76203202811541,0.06061563814916644,11.100540664728014,11.065788031932902,0.8776891714102426,0.006462152359797981,0.0004453624824828432,14.942020670933804,-103.44839873382662,0.27920261681279235,11.05668310437976,10.502488401393968,3.4565848245431514,0.00316394219043425,-3.5226684819201256e-06,7.817250759877678,S,1.0,1.0,1.0,1.7320508075688772,94.39340773794581,91.04982516623672,36.11224489795919,-14.893939393939394,2.8172507598776777
6820,7.346713259112332,-104.7553769280778,0.062443238715273734,11.100179945850948,11.063510608169965,0.9015142002110699,0.00599793124913513,0.00042516716858491654,15.048216869299317,-103.41796988652689,0.2828390839089958,11.056338009305238,10.489120150385803,3.4958502037098516,0.0028942219870724015,-5.109428677448313e-05,7.816765024772915,S,1.0,1.0,1.0,1.7320508075688772,94.35323929875094,90.99558918675525,36.11224489795919,-14.893939393939394,2.8167650247729146
6830,7.457475510036176,-104.74852691548236,0.06431940365334021,11.09974321065924,11.060948198773733,0.9272131829412049,0.006514088703861416,0.0004847674595450608,15.154297815505934,-103.3871548068601,0.2864857038420008,11.05603299006395,10.475578171311955,3.5352690780356233,0.0027971423223162968,-4.431470412502155e-05,7.816291167818113,S,1.0,1.0,1.0,1.7320508075688772,94.31300391431542,90.94110577746731,36.11224489795919,-14.893939393939394,2.816291167818113
6840,7.5682183263827065,-104.74146502347395,0.06623764310085298,11.099252124282424,11.058203149354895,0.9536984984707655,0.007703807825415271,0.0006012611531217663,15.260262541978689,-103.35595996355566,0.2901473291749272,11.055599770905813,10.461741854634646,3.574666930140249,0.0023735541305975488,-9.739206250535613e-05,7.815828074218546,S,1.0,1.0,1.0,1.7320508075688772,94.27268594173358,90.88638100085917,36.11224489795919,-14.893939393939394,2.8158280742185458
6850,7.6789406684872255,-104.73417721153442,0.06818331009160895,11.098774753862115,11.055451594447756,0.9796892771637357,0.008896123202193481,0.0007152510900764973,15.366107796906025,-103.32437038763983,0.29381794182035514,11.05544499253663,10.447809385747997,3.6147120247786413,0.0028516294412180964,7.357005021583918e-05,7.815375470247241,S,1.0,1.0,1.0,1.7320508075688772,94.23227218170928,90.83140057462127,36.11224489795919,-14.893939393939394,2.8153754702472407
6860,7.7896435845613725,-104.7266685170652,0.0701503189418652,11.098380659963182,11.052829435150258,1.00449726277417,0.008981477576992032,0.0007310514802576416,15.471832961876869,-103.29239248261226,0.2974963663879212,11.055169889688997,10.433832961334588,3.6540266863905275,0.002675189683615696,7.98708123685599e-05,7.814933228885908,S,1.0,1.0,1.0,1.7320508075688772,94.19176698027583,90.77617040480098,36.11224489795919,-14.893939393939394,2.8149332288859084
6870,7.9003285425732575,-104.71895807259689,0.07215344123736718,11.098036104401645,11.050190763403583,1.0294121948921207,0.007953743274925906,0.0006512951005175904,15.577435814857791,-103.26001926626209,0.30117744791378387,11.055034183992076,10.41983146386822,3.693357967191263,0.0028337656175903797,0.00016788064945777784,7.814504367571477,S,1.0,1.0,1.0,1.7320508075688772,94.15118801727603,90.7206837280294,36.11224489795919,-14.893939393939394,2.8145043675714767
6880,8.01099327981148,-104.71103817590203,0.07420567539596246,11.097603911395156,11.047183277949236,1.0566712817200379,0.007970097230852503,0.0006683930666021216,15.682916708534714,-103.22726549794932,0.3048673488099214,11.05462898515324,10.405601516183886,3.7320609702658647,0.002069675040618192,2.7754879651519464e-05,7.814089227544784,S,1.0,1.0,1.0,1.7320508075688772,94.11052850831985,90.66495436974849,36.11224489795919,-14.893939393939394,2.814089227544784
6890,8.121635550369875,-104.70289927141017,0.07631099471414392,11.097082309655539,11.043879428074346,1.0853400229541652,0.00854474197737684,0.0007464471184461627,15.788272582434178,-103.19411977656944,0.30856415827158357,11.054447748106604,10.391153419897384,3.7715707098998004,0.0021769504971180073,0.00012024701337731206,7.813689202001294,S,1.0,1.0,1.0,1.7320508075688772,94.06977987601816,90.60897144481461,36.11224489795919,-14.893939393939394,2.813689202001294
6900,8.232252010659524,-104.69451452897626,0.07845528505756796,11.096487599668658,11.040351368607022,1.1147549987765588,0.01019217244329566,0.0009269982167286303,15.893503820634988,-103.16059810164995,0.31227739110548425,11.053960955023507,10.376336123243954,3.8107350278715058,0.001394508713475654,-7.475379827760531e-06,7.813301408615556,S,1.0,1.0,1.0,1.7320508075688772,94.02891734982,90.55274998681891,36.11224489795919,-14.893939393939394,2.8133014086155557
6910,8.342843218325347,-104.68588353655954,0.08062640093362143,11.095963703721191,11.036962464921205,1.142746718314484,0.01074415508965271,0.0010007684087915342,15.998605931370172,-103.12668055481734,0.3160022256450961,11.053842632790577,10.361280816107469,3.8511422721397666,0.0020191914139537147,0.0002468205929881506,7.812926254401818,S,1.0,1.0,1.0,1.7320508075688772,93.98794019743315,90.49627111235453,36.11224489795919,-14.893939393939394,2.812926254401818
6920,8.453411101923908,-104.67702565125111,0.08283516816565006,11.095510034994792,11.033614495076371,1.1703393143489356,0.009893023989254235,0.0009372601182427357,16.10357801477016,-103.09237104701491,0.31973615336139777,11.053644703484744,10.346208028555678,3.890892013501065,0.0021037875799391316,0.00034294165139861184,7.812565776307715,S,1.0,1.0,1.0,1.7320508075688772,93.9468661789449,90.43953834747643,36.11224489795919,-14.893939393939394,2.812565776307715
6930,8.563953640715969,-104.66793666039494,0.08509536306497106,11.094980311107484,11.029889175490638,1.2000553654966033,0.009784413104233034,0.0009524792678723608,16.208429597379126,-103.05771399242835,0.3235029061747783,11.053040511871584,10.330973093643674,3.929465548326503,-0.0013809266693045946,-0.0008302728577728194,7.812223095408538,S,1.0,1.0,1.0,1.7320508075688772,93.90569171456794,90.38259243334842,36.11224489795919,-14.893939393939394,2.8122230954085383
6940,8.674468217741948,-104.6586068725642,0.08741261370342798,11.094351957066264,11.025801317880532,1.2314019026637741,0.010282329528961284,0.001040213412788543,16.313139957075904,-103.02263450917738,0.3272608101978584,11.053061330903892,10.315555363244542,3.9698214484482395,0.0007805051280848794,-1.732690210970618e-05,7.811895513578297,S,1.0,1.0,1.0,1.7320508075688772,93.86440814654699,90.3253644286846,36.11224489795919,-14.893939393939394,2.811895513578297
6950,8.784950571220161,-104.64900531622423,0.08977091146032053,11.093639456334925,11.02143524853962,1.2636460934135987,0.012034638686520842,0.0012614122069443381,16.417710394924818,-102.98715096680088,0.33102193854726,11.052790173394808,10.299738566397098,4.009932179097929,0.0018154351481156033,0.00043179935722515036,7.8115800197563905,S,1.0,1.0,1.0,1.7320508075688772,93.82298691650102,90.26787144112876,36.11224489795919,-14.893939393939394,2.8115800197563905
6960,8.89540136515769,-104.63912960583642,0.09215428331198247,11.093026653256569,11.017274519749986,1.294180237188148,0.012592546094198128,0.0013468002130204353,16.52214200349697,-102.95126856178088,0.3347905004685053,11.052615151539994,10.283834442110106,4.050068006258832,0.002480929685719626,0.0007262661069079703,7.811276955052618,S,1.0,1.0,1.0,1.7320508075688772,93.78142533603643,90.2101177894653,36.11224489795919,-14.893939393939394,2.8112769550526178
6970,9.005821616132332,-104.6289825221821,0.09455761545883293,11.092526320968451,11.013243784359997,1.3238585753900496,0.012285776737925042,0.001323222426900768,16.6264354721914,-102.91499531934691,0.3385695565410147,11.052384572786648,10.267839201068224,4.089826754983513,0.0025369006420509913,0.0008148789211890928,7.810986344543321,S,1.0,1.0,1.0,1.7320508075688772,93.73972556158431,90.15211065305715,36.11224489795919,-14.893939393939394,2.8109863445433207
6980,9.116212038076014,-104.6185692070279,0.09698434218465436,11.092107029851492,11.009215040798043,1.3535222743446151,0.011381921621650772,0.001221166494826905,16.730588397068296,-102.87832461083165,0.3423545760398794,11.052300276234668,10.25179455056521,4.129654935834034,0.002873243994515077,0.000968242610358761,7.810709224582029,S,1.0,1.0,1.0,1.7320508075688772,93.69789210685406,90.09384357831014,36.11224489795919,-14.893939393939394,2.8107092245820287
6990,9.22657277403652,-104.60789716926098,0.09944593469906253,11.091705675211932,11.00502746017605,1.3839455864663348,0.010139226188040404,0.001078083902530929,16.83459929721215,-102.84125634118628,0.34614042723814875,11.05221367386946,10.235810641038913,4.1688856561030345,0.002921066774593017,0.0010152576647612344,7.81044732347414,S,1.0,1.0,1.0,1.7320508075688772,93.65593192781361,90.03531628270932,36.11224489795919,-14.893939393939394,2.81044732347414
7000,9.336900469931532,-104.59695081161314,0.10194346900140187,11.091225078749334,11.00047041704613,1.4159535130685283,0.00998434644591142,0.0010657328675695206,16.938470756080548,-102.8038192876463,0.3499452164122775,11.051545584901222,10.219242086687977,4.207582558763982,0.0015280685369148943,0.0006521811073498914,7.8101979153864765,S,1.0,1.0,1.0,1.7320508075688772,93.61383085120926,89.97655582300175,36.11224489795919,-14.893939393939394,2.8101979153864765
7010,9.44719400505515,-104.58572595983439,0.10447352779415323,11.090735736832464,10.995810989733718,1.4479502278406962,0.009652413787173068,0.0010355722127189356,17.04220936162104,-102.76603748394878,0.3537968041415358,11.050834303581246,10.20198117114234,4.247413211457671,-0.0014969820039227317,-0.00047253207610451636,7.809963150728856,S,1.0,1.0,1.0,1.7320508075688772,93.57158498445575,89.91758380927187,36.11224489795919,-14.893939393939394,2.809963150728856
7020,9.557451388668312,-104.57421039808442,0.10702737363453024,11.090242802185138,10.991045306366694,1.4800028664884157,0.009654873939589132,0.001044473707528524,17.145787263377837,-102.72781025140819,0.35763546336709034,11.051209758334934,10.184822903769426,4.2893612043719305,0.002087602137754647,0.0008435546007153613,7.809739742721877,S,1.0,1.0,1.0,1.7320508075688772,93.52918296284841,89.85830726766933,36.11224489795919,-14.893939393939394,2.8097397427218773
7030,9.667673922045307,-104.5624137076202,0.10960577850169995,11.089822612866701,10.986362293524452,1.5112938629776005,0.00864133224725292,0.000922667242218197,17.249205698698127,-102.68914660113283,0.3614503494095847,11.051498023699068,10.168246495735607,4.32924609716114,0.004132533225118942,0.001561673109562291,7.809529674227764,S,1.0,1.0,1.0,1.7320508075688772,93.4866333752766,89.79873415804308,36.11224489795919,-14.893939393939394,2.809529674227764
7040,9.777861459395945,-104.5503435468874,0.11222076766063324,11.089390773013871,10.981464759195772,1.543379233742157,0.0074768697227302755,0.0007846267335170489,17.35247463422866,-102.65009469697144,0.3652576141956268,11.05111678677702,10.151847814944823,4.366596864514161,0.0029872405504099875,0.0011959193067828098,7.809334826984709,S,1.0,1.0,1.0,1.7320508075688772,93.44394339242125,89.73890891869495,36.11224489795919,-14.893939393939394,2.809334826984709
7050,9.888012089871808,-104.53800194167427,0.11488755512657656,11.088855326878846,10.9761211853258,1.577173479833947,0.006738165950496321,0.0007165491947981127,17.455597136245952,-102.61067780344753,0.36908467794782157,11.05040604781962,10.134475360002343,4.404983881831334,0.0013674547043187068,0.000702671044746682,7.8091562775947185,S,1.0,1.0,1.0,1.7320508075688772,93.40111528474897,89.67885315338684,36.11224489795919,-14.893939393939394,2.8091562775947185
7060,9.998120973714949,-104.5253720511194,0.11760924374362393,11.088149644078213,10.970213158585592,1.6129122061250916,0.00730793862717687,0.0008420466661936642,17.55858007591154,-102.5709167343895,0.37295956801064517,11.049757658190897,10.11636827656439,4.444798892826311,-0.001662771868539479,-0.0005211290456848922,7.808997209698635,S,1.0,1.0,1.0,1.7320508075688772,93.35813402435473,89.61858531513812,36.11224489795919,-14.893939393939394,2.808997209698635
7070,10.108184309472309,-104.51243560813964,0.12037516383459619,11.087359684507724,10.96404258078956,1.649034584319147,0.008476137873611235,0.0010592949483563333,17.661394042910068,-102.53071185423605,0.3768217620215448,11.05020667139788,10.098391509886794,4.486597418272844,0.0017640312184550458,0.0007787025615520358,7.808854353494158,S,1.0,1.0,1.0,1.7320508075688772,93.3149828847668,89.55801351377261,36.11224489795919,-14.893939393939394,2.8088543534941577
7080,10.218200558763785,-104.49918080269588,0.12316964588195248,11.086609736230079,10.957916795460072,1.684332196226639,0.009447725371758106,0.0012433361610955755,17.76404161569626,-102.49007954877946,0.38066560897147694,11.050405613762022,10.080894553649577,4.526259960150491,0.00336136452143846,0.0013662300242796145,7.808726215265606,S,1.0,1.0,1.0,1.7320508075688772,93.27165067780105,89.49715265701825,36.11224489795919,-14.893939393939394,2.8087262152656063
7090,10.328171135819906,-104.4856118784543,0.12598606248981148,11.085992140713655,10.951993118380715,1.7184494403113475,0.009385324968411289,0.0012641306886654355,17.866529473374154,-102.44904810493266,0.38449794826503925,11.050293779548566,10.063687579702053,4.564119292095724,0.002964043341254242,0.0012091702811890214,7.808613092540466,S,1.0,1.0,1.0,1.7320508075688772,93.2281408070762,89.43602849382786,36.11224489795919,-14.893939393939394,2.808613092540466
7100,10.438096307476593,-104.47173013836246,0.12882479069702263,11.085464610660592,10.946059625300943,1.7525137128036847,0.008976148350807307,0.0012189242017769295,17.96887504200439,-102.4076821617097,0.38836007589674404,11.049488649158631,10.046044065749438,4.600891004675715,-0.001615059879759836,-0.0006707671208211806,7.8085160176784205,S,1.0,1.0,1.0,1.7320508075688772,93.18445417824707,89.37470023979627,36.11224489795919,-14.893939393939394,2.8085160176784205
7110,10.547978153024243,-104.45755427998398,0.13170260390143237,11.08499170140136,10.940010433783192,1.7869562750252037,0.007594576501090081,0.0010260660240986267,18.07105109959199,-102.36589864745348,0.39221496759155244,11.049577130363652,10.027736634439044,4.640867672126037,0.00020098288976056226,9.766791495091241e-05,7.808434532252679,S,1.0,1.0,1.0,1.7320508075688772,93.14060793049343,89.31309158974776,36.11224489795919,-14.893939393939394,2.8084345322526794
7120,10.657781711441196,-104.44310174923459,0.13464451166905894,11.081038465642296,10.9300578812329,1.8229778358342021,0.005044017944061158,0.0014855102137180463,18.173057998270973,-102.32370604788717,0.39606852476219623,11.049557719347199,10.009155032312306,4.68076290067362,0.0013839287254236107,0.0005871754314891553,7.808406739295532,S,1.0,1.0,1.0,1.7320508075688772,93.09662815939586,89.25121020908178,36.11224489795919,-14.893939393939394,2.808406739295532
7130,10.767538006720093,-104.42833223887939,0.13764813264285783,11.080748980518308,10.923131078381713,1.8623118465361992,0.006480756283668024,0.0015333169642972504,18.274894820956344,-102.28109664301714,0.399909365229488,11.049893041059638,9.991051679385466,4.720065948554861,0.0025451846543415625,0.0009914416948899965,7.808394651936941,S,1.0,1.0,1.0,1.7320508075688772,93.05246729407483,89.18904814967247,36.11224489795919,-14.893939393939394,2.8083946519369407
7140,10.877218814065277,-104.41323910298495,0.14071414004059954,11.077939221699333,10.913356457679999,1.90246898194916,0.007070755127027622,0.0021194628947480715,18.37656769747738,-102.23809705341505,0.40374043259225983,11.049856510415264,9.97335504987165,4.75725949996069,0.0017000862470770086,0.0006227780822170815,7.808423439526158,S,1.0,1.0,1.0,1.7320508075688772,93.00812632158939,89.12662970741702,36.11224489795919,-14.893939393939394,2.808423439526158
7150,10.986850535664539,-104.39779102309684,0.14382149396022412,11.078177101887244,10.906483806888879,1.942837839566005,0.00970697962623943,0.002198499226760237,18.478090223209367,-102.19475263498123,0.4075900532949253,11.049405427982784,9.95543735742327,4.793602750996017,-0.002272119834245056,-0.0011638419549128217,7.8084601680329895,S,1.0,1.0,1.0,1.7320508075688772,92.96356758599069,89.06399611313354,36.11224489795919,-14.893939393939394,2.8084601680329895
7160,11.09643324819519,-104.38198569677297,0.14696279498601425,11.078538467963517,10.899701221579658,1.9825558923879862,0.011550042623872882,0.002183051384614051,18.579438564543736,-102.15100055452416,0.41142571748854867,11.049487636313343,9.937024758109658,4.831843952546181,-0.0012277115083014845,-0.0006754084484384801,7.808499424949429,S,1.0,1.0,1.0,1.7320508075688772,92.91878853921071,89.00108999505053,36.11224489795919,-14.893939393939394,2.808499424949429
7170,11.205938426396436,-104.36584979870592,0.15014029596694423,11.075809591799258,10.890011466706573,2.0202000813760552,0.01025318772362698,0.002420218505638452,18.680610552574176,-102.10683792651982,0.41524991550884033,11.0496925480919,9.918292686158901,4.8706442694005565,8.367476246396843e-05,-0.00013317343788482453,7.8085759285887875,S,1.0,1.0,1.0,1.7320508075688772,92.87382221882535,88.93790837660494,36.11224489795919,-14.893939393939394,2.8085759285887875
7180,11.315391379368366,-104.34934522961014,0.15333694660308503,11.076200041481735,10.883102851389815,2.0591939405968733,0.011588152757095885,0.0022739854822535566,18.781609963964144,-102.06227661313906,0.4190617451980893,11.049894086865036,9.89995728205104,4.908258870974457,0.00032364172011417115,-6.409630663715564e-05,7.808655633936631,S,1.0,1.0,1.0,1.7320508075688772,92.82862477515762,88.87446157797818,36.11224489795919,-14.893939393939394,2.808655633936631
7190,11.424764840009926,-104.33250223320938,0.15656052828271416,11.073579012068292,10.873317584822141,2.09645339469232,0.00992222922239599,0.002385333392091329,18.882440979462718,-102.01733455216916,0.42286801546750297,11.04988903542236,9.88165720784009,4.944987211499064,-0.00044648333285079533,-0.0004022104328387804,7.808772937683401,S,1.0,1.0,1.0,1.7320508075688772,92.78323229100013,88.81076582806215,36.11224489795919,-14.893939393939394,2.8087729376834014
7200,11.534057561898765,-104.3153241735273,0.159817306928107,11.070891408076447,10.863237999113913,2.134173550587774,0.008214996465549799,0.002423489823931144,18.983117991663406,-101.97205725849226,0.42669962700932773,11.049451072878101,9.863002056384332,4.981120300463084,-0.004318079385350373,-0.0022162163605800073,7.80893085648626,S,1.0,1.0,1.0,1.7320508075688772,92.73764795715707,88.7468624763994,36.11224489795919,-14.893939393939394,2.80893085648626
7210,11.643271386347388,-104.29781027490361,0.1631207805006688,11.068541253728277,10.853014524869437,2.1736331816702124,0.0070548760654276545,0.0024322379645701875,19.08361150038567,-101.9263643015093,0.4305126548168735,11.049887045865697,9.84401597142097,5.01949731355635,-0.0022110867456903074,-0.001264326620173061,7.809123959657401,S,1.0,1.0,1.0,1.7320508075688772,92.69187015705359,88.68267779381016,36.11224489795919,-14.893939393939394,2.809123959657401
7220,11.752408716461632,-104.27994618951914,0.16647741635200472,11.066811580230066,10.842837335099114,2.2152194195824095,0.007106731979147485,0.0024801766284101956,19.18392191998422,-101.88026108158621,0.4343045406263196,11.050293159660406,9.825206782847008,5.057102983797612,-0.0007512239230526695,-0.0006372084889512285,7.8093454982710035,S,1.0,1.0,1.0,1.7320508075688772,92.64588404051648,88.61821640945732,36.11224489795919,-14.893939393939394,2.8093454982710035
7230,11.86147141245223,-104.261709323876,0.16987924072013486,11.065763035936998,10.832955009496903,2.2579188049452834,0.008263195380779919,0.002557408213274601,19.28405698441535,-101.8337737253452,0.43808189117497376,11.050421937033063,9.80676355879615,5.093055417755575,-0.001054795310033946,-0.0007724676804267202,7.809586918891949,S,1.0,1.0,1.0,1.7320508075688772,92.59966693728143,88.55350191847768,36.11224489795919,-14.893939393939394,2.8095869188919487
7240,11.97046011886982,-104.24308983204003,0.17331428612851169,11.06503216125255,10.823336248351195,2.3000715607737803,0.009289712182747916,0.002539919851039758,19.38401983235463,-101.7869160555648,0.44185540691168057,11.050418110271748,9.788045762419245,5.128927818229508,-0.001803878153960685,-0.0010893594225957195,7.80984361211219,S,1.0,1.0,1.0,1.7320508075688772,92.55320878462405,88.48854675585592,36.11224489795919,-14.893939393939394,2.80984361211219
7250,12.079374195391324,-104.2240906015247,0.17677708998208935,11.064279061356165,10.813721658456325,2.3413019969660174,0.009548671507669367,0.0023890742385193975,19.48381068264386,-101.73969511020724,0.44563641568089607,11.050320280134574,9.768731743110221,5.165409802203906,-0.00246393469958446,-0.0013434722775109344,7.810115277704624,S,1.0,1.0,1.0,1.7320508075688772,92.50651214361288,88.42335726708605,36.11224489795919,-14.893939393939394,2.8101152777046243
7260,12.18821181193541,-104.20472395650728,0.18027506013886602,11.063251279096988,10.803706774272344,2.3823200456662046,0.008943181003869129,0.002137986443965848,19.583422917215504,-101.69209371997043,0.4494203588289331,11.050552922864783,9.749058382411379,5.2029396073152565,-0.001872306452298942,-0.001065128304137434,7.810407031468799,S,1.0,1.0,1.0,1.7320508075688772,92.45958900126355,88.35791730499659,36.11224489795919,-14.893939393939394,2.8104070314687988
7270,12.296970372753943,-104.18498885369554,0.18381715674943336,11.062150547827995,10.793181831890104,2.4245413352979948,0.0086363725770842,0.001959632234445117,19.682854813763054,-101.64411128972478,0.4532012404704878,11.050789196806116,9.729543262822306,5.239840624400314,-0.0014731755041232297,-0.0008752547984469087,7.810720054580786,S,1.0,1.0,1.0,1.7320508075688772,92.4124386342851,88.29222605918935,36.11224489795919,-14.893939393939394,2.810720054580786
7280,12.405647025518679,-104.16487674311308,0.18740731007307046,11.061089806055497,10.782229174966943,2.468044107409042,0.008907269631837387,0.0018897862478505093,19.782102849356395,-101.59574006176994,0.4569680460855651,11.051185137448526,9.710320486787227,5.2762078224842,-0.0008465388142732094,-0.0006045830434490005,7.811053949913045,S,1.0,1.0,1.0,1.7320508075688772,92.3650531201368,88.22627600874792,36.11224489795919,-14.893939393939394,2.8110539499130454
7290,12.514239082965123,-104.14436934374964,0.19103794883613665,11.06025284489872,10.771140512784841,2.512314679122688,0.009955564456683628,0.0019365096499926182,19.881169456318894,-101.54699242043424,0.4607194757619655,11.051374425607595,9.691395825489375,5.311282674520413,-0.0011621546033114879,-0.0007519532918253486,7.811403843587511,S,1.0,1.0,1.0,1.7320508075688772,92.31741506709598,88.16007831668904,36.11224489795919,-14.893939393939394,2.8114038435875113
7300,12.62274422960466,-104.12346569284331,0.19470398321409643,11.059323736409137,10.759886085821348,2.556069820417803,0.010475271065705977,0.001913467205704062,19.98006842402805,-101.49790580139721,0.4644764906118868,11.051241187355346,9.672496106692282,5.345348524382843,-0.00447567719920289,-0.0024986514539271877,7.811772145001304,S,1.0,1.0,1.0,1.7320508075688772,92.26952370731853,88.09366671498093,36.11224489795919,-14.893939393939394,2.811772145001304
7310,12.731160111595567,-104.10216505010838,0.1984039008743841,11.058313712094495,10.748383877531479,2.59972040348929,0.01069859921385357,0.0018611415088926684,20.078777446646995,-101.44843302301257,0.46821078085199225,11.051429273506308,9.653242413791434,5.38042748189122,-0.003613201117428781,-0.0019884666521985703,7.812155539541075,S,1.0,1.0,1.0,1.7320508075688772,92.22137848952971,88.02699839195675,36.11224489795919,-14.893939393939394,2.8121555395410747
7320,12.83948439484453,-104.08046567658106,0.20213782485335496,11.057257537804102,10.736597883641958,2.643560126477295,0.010766676832884417,0.001800321798597153,20.17729613231962,-101.39857734945187,0.4719318871275424,11.051646478649923,9.633425635335833,5.416271819019946,-0.002554024425161657,-0.00142626892173248,7.812554389815086,S,1.0,1.0,1.0,1.7320508075688772,92.17297788288965,87.96007605713997,36.11224489795919,-14.893939393939394,2.8125543898150864
7330,12.947714759755234,-104.05836488526872,0.20590633270725686,11.056183478085586,10.724518247863088,2.6877316555683777,0.010773124244748447,0.0017444589420767577,20.275627616515123,-101.34834632159014,0.4756413703693193,11.05194441394283,9.613818413626554,5.451602593613835,-0.0020720662176537887,-0.0011802112799386903,7.812970462746506,S,1.0,1.0,1.0,1.7320508075688772,92.12431942610256,87.89290599434496,36.11224489795919,-14.893939393939394,2.812970462746506
7340,13.055856312262858,-104.03591265923356,0.20973768708425142,11.054668179462114,10.712053215968183,2.7308614861024965,0.006901339844967185,0.000826327933508822,20.373771587478508,-101.29773824894296,0.47933208239430675,11.052422599857973,9.594615860339433,5.486291262626721,-0.0016910016689175172,-0.0010248466669497435,7.81341686308908,S,1.0,1.0,1.0,1.7320508075688772,92.07544978030272,87.825486043179,36.11224489795919,-14.893939393939394,2.8134168630890803
7350,13.163894237768755,-104.01301628929156,0.2135858363544596,11.053869595235595,10.699422805840085,2.776757938737732,0.009425973905524389,0.001347574506373367,20.471732213471697,-101.24676821188278,0.4830051353714287,11.052692315814413,9.575742829325641,5.519706214526419,-0.0023087017055812425,-0.001344521685972321,7.813873834718207,S,1.0,1.0,1.0,1.7320508075688772,92.02628246703631,87.75782974694992,36.11224489795919,-14.893939393939394,2.8138738347182066
7360,13.27182730113704,-103.98968909469372,0.2174605051632527,11.052851542740797,10.686352194510583,2.8226590301958967,0.010780110638905034,0.0016366381162449027,20.569511491084025,-101.19544703302168,0.4866689150772819,11.052797021525802,9.556577245988752,5.55303100482067,-0.003170648775861598,-0.0017591237524957626,7.814344709277892,S,1.0,1.0,1.0,1.7320508075688772,91.97683018421915,87.68994687269328,36.11224489795919,-14.893939393939394,2.8143447092778917
7370,13.379663988777363,-103.9659938634258,0.22139591135022152,11.051390962480088,10.673013838674498,2.8670573424766395,0.0075200707905879,0.0008554472722501726,20.667105616616006,-101.14376774392784,0.49032428802181977,11.053069650068975,9.537029920218938,5.587075173122753,-0.0032625353370290626,-0.0018025583322519513,7.814842656684267,S,1.0,1.0,1.0,1.7320508075688772,91.92715116986739,87.62183071485417,36.11224489795919,-14.893939393939394,2.8148426566842666
7380,13.487389914455129,-103.94184398100491,0.2253482843378659,11.050667573601594,10.659550287302284,2.91397348902208,0.010071646078273697,0.0014499915962748486,20.76451204409755,-101.0917263126765,0.4939669390329974,11.053453463709289,9.517517364328796,5.621004954106225,-0.003108775675014915,-0.0017369663231516686,7.815348822224713,S,1.0,1.0,1.0,1.7320508075688772,91.87716459693188,87.55347722073355,36.11224489795919,-14.893939393939394,2.8153488222247134
7390,13.595012801512034,-103.91730883711539,0.22935619501812207,11.049251955369591,10.645584288126884,2.9593080166864616,0.007640714441254139,0.0008713711973663558,20.86173047096315,-101.039325118166,0.4975937207321563,11.053830610213717,9.498179295662773,5.654357720089948,-0.0031224278823851663,-0.00175890093494784,7.815879731293896,S,1.0,1.0,1.0,1.7320508075688772,91.82693530931691,87.4848882485644,36.11224489795919,-14.893939393939394,2.8158797312938963
7400,13.702366445351512,-103.89232156795073,0.23335177393877488,11.03372178652024,10.617391715066466,3.002334030578436,0.009272739659074781,0.0045852108612038185,20.958762995045056,-100.98657415566284,0.501208688011671,11.054055828141436,9.47880195743667,5.687219329633982,-0.003553201975127729,-0.001974883909436965,7.816563113697872,S,1.0,1.0,1.0,1.7320508075688772,91.7764385986514,87.41607274407527,36.11224489795919,-14.893939393939394,2.816563113697872
7410,13.809627835613236,-103.86693996291496,0.2374106137217451,11.033867285631823,10.604104482418174,3.049458214649771,0.007367224132175183,0.0033598052022570215,21.05556406349813,-100.9331660083363,0.5045753611642538,11.06494006269344,9.470141894890778,5.722701379736042,0.008616468920758505,0.002324851517998396,7.817328279862555,S,1.0,1.0,1.0,1.7320508075688772,91.72568646827655,87.34673522321468,36.11224489795919,-14.893939393939394,2.817328279862555
7420,13.916812192014799,-103.84114330493465,0.24152472437704667,11.036098630341606,10.59249206850787,3.09751267264974,0.006487374762695165,0.0021586239638837277,21.152240490218006,-100.87921529711102,0.507552467940085,11.07876401155042,9.48039396050312,5.7324639010883205,0.004669181101747093,-0.002879368317632536,7.81821208346063,S,1.0,1.0,1.0,1.7320508075688772,91.67465471213009,87.27696949381425,36.11224489795919,-14.893939393939394,2.8182120834606303
7430,14.023914205441523,-103.81491246727036,0.2456836244104342,11.038439287126776,10.580626588455708,3.1460265242441974,0.006650324044031734,0.0012747877135345642,21.24893374115228,-100.82484017883027,0.5101830284325021,11.099144134596493,9.501865489178416,5.736336177919488,-0.007721723446641094,-0.014022718556097064,7.819299174574369,S,1.0,1.0,1.0,1.7320508075688772,91.62332566050017,87.2068674374147,36.11224489795919,-14.893939393939394,2.819299174574369
7440,14.130922106156286,-103.78823603265248,0.2498803058379734,11.040116516362021,10.567778935556175,3.194717681433631,0.007383218590743978,0.0007646523919705356,21.34563066565098,-100.7701489677511,0.5125136544369123,11.113539054893792,9.519422262704055,5.735098090615714,-0.022879724001420257,-0.024723795627717607,7.820541485713827,S,1.0,1.0,1.0,1.7320508075688772,91.57169063945992,87.1365380690043,36.11224489795919,-14.893939393939394,2.820541485713827
7450,14.23766733268021,-103.76112519489445,0.25408278510767285,11.025707413592984,10.539414745965717,3.2383577292633534,0.007083162062842209,0.003636835574939688,21.442261294238214,-100.71522455311461,0.5145858368334653,11.11833129028758,9.52788954194851,5.730323861442399,-0.03732473514596878,-0.032381953944919536,7.82200005564516,S,1.0,1.0,1.0,1.7320508075688772,91.51980034856324,87.06607493912833,36.11224489795919,-14.893939393939394,2.8220000556451597
7460,14.344311415824556,-103.73356058703598,0.2583275752830407,11.027319413794658,10.525614397833658,3.2883453288803666,0.008307752451670026,0.0029513019135883494,21.53876075227613,-100.66010897453427,0.5164253432945081,11.115856776875004,9.52875860358404,5.724074716373042,-0.04891674329136282,-0.03657227525432157,7.823439529334771,S,1.0,1.0,1.0,1.7320508075688772,91.46759656739394,86.99553025685763,36.11224489795919,-14.893939393939394,2.823439529334771
7470,14.450866205905596,-103.70553395083328,0.26261059018407396,11.030450347220913,10.513057031467865,3.3386324618936523,0.00939824327011568,0.002124581277026096,21.635137230372845,-100.60477308959231,0.5180521984068915,11.115729941008643,9.529593271052015,5.722438659326652,-0.054117283223021076,-0.03787963554372421,7.824862175885499,S,1.0,1.0,1.0,1.7320508075688772,91.41506798432444,86.92487365088752,36.11224489795919,-14.893939393939394,2.8248621758854986
7480,14.557180636907232,-103.67706316103099,0.2668954112050124,11.018962864824115,10.486880850343056,3.3827315363594814,0.00870749993386016,0.004168438454367323,21.73139654618243,-100.54927375601851,0.5195082694804142,11.113478274949033,9.528497284204706,5.719889760534521,-0.059204126576497006,-0.03859578069697151,7.826393835925055,S,1.0,1.0,1.0,1.7320508075688772,91.3622671628763,86.85415996943595,36.11224489795919,-14.893939393939394,2.826393835925055
7490,14.66340450377137,-103.64812900866593,0.2712133527505106,11.022346802288261,10.474251319921693,3.4325192376784908,0.009325176168415106,0.0029237385144648582,21.827540162568887,-100.49365527139729,0.5208227854737764,11.109275113426502,9.525847317135892,5.716137370323805,-0.06316181083645134,-0.03834175154626316,7.827869716389751,S,1.0,1.0,1.0,1.7320508075688772,91.30913934772452,86.78343244928031,36.11224489795919,-14.893939393939394,2.827869716389751
7500,14.76954549728278,-103.61874589318204,0.2755743080512477,11.026265312153878,10.46197291543802,3.4821903237257383,0.008807553451861955,0.00148237710724566,21.923600102109724,-100.43794322078539,0.5220164950756496,11.106572591672318,9.525129944686666,5.712079680021993,-0.06596622909718536,-0.03799199840635148,7.8293041152819765,S,1.0,1.0,1.0,1.7320508075688772,91.25569629363245,86.71271090140262,36.11224489795919,-14.893939393939394,2.8293041152819765
7510,14.875435433861846,-103.58892656080579,0.2799478563196993,11.014191871936683,10.434268258855862,3.526821301692099,0.0077695881046296955,0.003577936661161508,22.01959704479176,-100.3821419067029,0.5230999513831336,11.105450999228163,9.525922777494326,5.708575753502143,-0.0664793988870308,-0.036861443035370214,7.830869232778343,S,1.0,1.0,1.0,1.7320508075688772,91.20198914905842,86.64199612414669,36.11224489795919,-14.893939393939394,2.830869232778343
7520,14.981229635330944,-103.55862882069418,0.2843611465953587,11.018157005233222,10.420756322946906,3.5787737354758864,0.009298917350469655,0.0025045720355386753,22.115552905984362,-100.3262646619825,0.5240839860584477,11.105552395511191,9.528278777831627,5.704839834856697,-0.06561386758099448,-0.03538337853299018,7.832416395002932,S,1.0,1.0,1.0,1.7320508075688772,91.14793995023865,86.57129771132537,36.11224489795919,-14.893939393939394,2.832416395002932
7530,15.08678976599003,-103.52787690594738,0.28878030677334415,11.008584797790673,10.394877908757323,3.6242864831821584,0.008620160893681528,0.0040800210129188965,22.211477001479558,-100.27031366819348,0.5249748440329151,11.106363404722709,9.531277284991383,5.70140872016479,-0.062779398854552,-0.03306742554757985,7.8340849147499725,S,1.0,1.0,1.0,1.7320508075688772,91.0936037402681,86.50061636964973,36.11224489795919,-14.893939393939394,2.8340849147499725
7540,15.19226443460101,-103.49664768653778,0.2932363334360856,11.013850085780366,10.382355417478397,3.675811433847109,0.009258046915913306,0.002442059372823927,22.307377914797804,-100.21429799157286,0.525777095427377,11.107470411849766,9.534905004126996,5.697498180113091,-0.058926583694115575,-0.03035298517952992,7.835729663286915,S,1.0,1.0,1.0,1.7320508075688772,91.03892299105132,86.42995975731765,36.11224489795919,-14.893939393939394,2.835729663286915
7550,15.297502601732198,-103.46497895966208,0.2977055814052412,11.004037997939719,10.355880818688806,3.720831187949065,0.007584806497675239,0.0037481890686413217,22.40326193439706,-100.15822870613856,0.5264974276527133,11.108580153477654,9.53878221439858,5.69317019704408,-0.05433217586339535,-0.02732131828175695,7.837500426343316,S,1.0,1.0,1.0,1.7320508075688772,90.98396862420958,86.3593379190093,36.11224489795919,-14.893939393939394,2.8375004263433157
7560,15.402652343504462,-103.43284673117032,0.30223397299058724,11.00909248617608,10.342105964220202,3.7737198616245387,0.007862939808379906,0.0020260393474792688,22.499137855100855,-100.10212449242447,0.5271508980738616,11.109529716936416,9.54258243358525,5.688652830831172,-0.049526733361219336,-0.024237840622150213,7.8392485129617935,S,1.0,1.0,1.0,1.7320508075688772,90.92868269276912,86.28876804740008,36.11224489795919,-14.893939393939394,2.8392485129617935
7570,15.507554364513638,-103.40026943491506,0.30678998369526744,10.998906420904557,10.31389616429181,3.820927684217824,0.007160936021535963,0.0037088491803925665,22.59501027101049,-100.04599848372175,0.5277570268793218,11.110241838576352,9.54561342637417,5.684957170100549,-0.04410959315190149,-0.020845888943840096,7.841120126650045,S,1.0,1.0,1.0,1.7320508075688772,90.87311884876172,86.21826256188284,36.11224489795919,-14.893939393939394,2.841120126650045
7580,15.612224493996475,-103.36721144029839,0.3113631270194022,10.991505961720609,10.287607012702425,3.8701867214303194,0.008356562965031422,0.005088698692180557,22.690871660560205,-99.9898430470461,0.5283205726522816,11.110711675935246,9.547665031862493,5.6824296198997475,-0.037351798331447174,-0.016716646336570794,7.843077391715597,S,1.0,1.0,1.0,1.7320508075688772,90.8172379185358,86.14781528347882,36.11224489795919,-14.893939393939394,2.843077391715597
7590,15.71682353701664,-103.3336302881646,0.31596721648961845,11.000601011057425,10.276460895654198,3.9252482806273217,0.010748757020112455,0.0030783055913874997,22.786719446776296,-99.93365736031907,0.5288376367376881,11.111003434769781,9.549717223444935,5.679550887148125,-0.030577516645352028,-0.012639869124645273,7.844950228326422,S,1.0,1.0,1.0,1.7320508075688772,90.76096153058589,86.07742596262695,36.11224489795919,-14.893939393939394,2.8449502283264216
7600,15.821222153841145,-103.29957225727031,0.32056400202244545,10.996289899262154,10.254124367337164,3.9713127562302457,0.009491605218985958,0.0032315054462759996,22.88256127072087,-99.87745683511639,0.5293163086236171,11.111177301628976,9.551947714604056,5.676139170748487,-0.024781076442573127,-0.009205863441025591,7.846870974224022,S,1.0,1.0,1.0,1.7320508075688772,90.70436332375843,86.00710880823546,36.11224489795919,-14.893939393939394,2.8468709742240224
7610,15.925399272863109,-103.26506337809965,0.32516710138645266,10.989443619652473,10.229144376333572,4.0165254135438655,0.007393637663155928,0.0034749698164587596,22.978397084190377,-99.82124343938622,0.5297670161086508,11.111257582759766,9.553495088718012,5.673691625412613,-0.01888740379857392,-0.005782528882588029,7.848864497293059,S,1.0,1.0,1.0,1.7320508075688772,90.64747260963918,85.9368659588131,36.11224489795919,-14.893939393939394,2.848864497293059
7620,16.029358246201504,-103.23009852131814,0.3297927011804291,10.983397376178432,10.203817832401946,4.064125928929781,0.006258323554587731,0.003769311847473579,23.074223399516292,-99.7650126038288,0.5301925759379418,11.111272892239638,9.554508012649809,5.672015684219325,-0.012964319490001337,-0.002410968202303846,7.850920038057449,S,1.0,1.0,1.0,1.7320508075688772,90.59028284338739,85.86669361511636,36.11224489795919,-14.893939393939394,2.850920038057449
7630,16.1331153097363,-103.19465859780307,0.33444319267162875,10.979743506633227,10.179953120119286,4.1137965364889055,0.006182138561554763,0.0038351937291135913,23.170041805256535,-99.70876777787106,0.530596987820726,11.111250410192742,9.55537086263584,5.670517908930224,-0.007777571808339222,0.00046107804531994676,7.853010207037868,S,1.0,1.0,1.0,1.7320508075688772,90.53277103360188,85.79659512293331,36.11224489795919,-14.893939393939394,2.853010207037868
7640,16.23668014247982,-103.1587404323268,0.33911713696195744,10.977298351930532,10.157044330016788,4.163595751915716,0.005959558701948689,0.003560038912642694,23.265850015107056,-99.65250569899591,0.5309826529152715,11.111197702569676,9.555826443882118,5.6696468461441984,-0.002893743951001679,0.003095567146321437,7.855120056591516,S,1.0,1.0,1.0,1.7320508075688772,90.47493120580621,85.72656778137588,36.11224489795919,-14.893939393939394,2.855120056591516
7650,16.34004147312073,-103.12236807894273,0.3438267484935675,10.973238915175612,10.132436260754645,4.212565454834962,0.004637774111469945,0.003235863188177973,23.361646980086817,-99.59622497836092,0.5313505010283905,11.111124703158131,9.55607559713286,5.669083819367352,0.001351882757319186,0.005301989856096629,7.857266004230551,S,1.0,1.0,1.0,1.7320508075688772,90.41678857655758,85.65661054751206,36.11224489795919,-14.893939393939394,2.857266004230551
7660,16.443197929287532,-103.08553142724232,0.34858084187642774,10.969689144597373,10.107269590323916,4.26347057660902,0.004472585467690345,0.003173948729841472,23.457432930079683,-99.53992632055454,0.5317031967697108,11.111035862447153,9.556125853128076,5.668824976638804,0.004842266302350649,0.007020364297472341,7.859440706494839,S,1.0,1.0,1.0,1.7320508075688772,90.35833284221412,85.58672425512668,36.11224489795919,-14.893939393939394,2.859440706494839
7670,16.546156836991788,-103.04820835472901,0.3533755358250268,10.96782390946033,10.082939201795533,4.315958568131133,0.005460338236244931,0.003153698720101562,23.55320798528694,-99.48361026371843,0.5320452148437436,11.110931227670259,9.555852952311401,5.669079916513753,0.007668164410096837,0.008313883189924742,7.861623582012857,S,1.0,1.0,1.0,1.7320508075688772,90.29954007646312,85.51690959121132,36.11224489795919,-14.893939393939394,2.8616235820128573
7680,16.64892690785291,-103.0103829525475,0.35819956118349644,10.967511719758404,10.059904751950054,4.368595850468508,0.006769900555805827,0.0029410163827696817,23.648977441484043,-99.42728615650044,0.5323903068199899,11.110810268026436,9.555144997837946,5.670036056532104,0.009507571248465761,0.009003358606972591,7.863796164908663,S,1.0,1.0,1.0,1.7320508075688772,90.24039213457222,85.44717520533388,36.11224489795919,-14.893939393939394,2.8637961649086634
7690,16.75150855274756,-102.97205746847246,0.3630458231643887,10.96734985018443,10.03716984576466,4.420179207183014,0.007435871639957653,0.0025126823923215112,23.74472925333281,-99.37093422585782,0.5327367508449466,11.110660658047847,9.553391374195549,5.672697198840981,0.012144275703116814,0.010150046676948896,7.865953494370114,S,1.0,1.0,1.0,1.7320508075688772,90.18089041132932,85.3775034716526,36.11224489795919,-14.893939393939394,2.865953494370114
7700,16.853907106921646,-102.93322131975502,0.36790540435813773,10.968274811199096,10.015338168581637,4.471694723808456,0.00827491012182102,0.0019764993069145056,23.84046735510214,-99.31456120439721,0.5330862725117039,11.110506402734208,9.551835175962935,5.675015180282336,0.01340671886396656,0.010475292193194805,7.868082684614933,S,1.0,1.0,1.0,1.7320508075688772,90.12102272215374,85.30790063602385,36.11224489795919,-14.893939393939394,2.868082684614933
7710,16.9561409838037,-102.89394504497096,0.37280845963373643,10.968468283998877,9.99369869088345,4.520318901684226,0.0036916329155903147,-0.0006494921725258562,23.936193217679598,-99.2581698745851,0.5334488635252499,11.110340730546067,9.549738575909815,5.678218407265688,0.014191301779175753,0.010518834434052547,7.87019633028492,S,1.0,1.0,1.0,1.7320508075688772,90.06085338120837,85.2383694066959,36.11224489795919,-14.893939393939394,2.8701963302849203
7720,17.058174898453963,-102.85412780896866,0.37769833255675594,10.96942110830736,9.971464112398028,4.571444291089775,0.006155872598509242,-0.0002685570240697236,24.031901965575912,-99.20175239349395,0.5338292784343307,11.110159320372203,9.546848620327063,5.682721315057827,0.015122027985364559,0.010656895945398885,7.872275108396133,S,1.0,1.0,1.0,1.7320508075688772,90.00029071927209,85.1689028820487,36.11224489795919,-14.893939393939394,2.872275108396133
7730,17.160005276282746,-102.8137870505832,0.38258278644627136,10.969702683368933,9.948499997461857,4.621874593929717,0.007431810342269434,-0.00016402879131423537,24.12758513530203,-99.14529466277517,0.5342201426548591,11.109970601545967,9.543605382754095,5.6877977342274315,0.016170832158800507,0.010876441866580754,7.874325716606893,S,1.0,1.0,1.0,1.7320508075688772,89.93935178021297,85.0994884488869,36.11224489795919,-14.893939393939394,2.8743257166068927
7740,17.26163122342092,-102.77294104329175,0.3874711209539028,10.969503957516451,9.924982197136456,4.671696208069771,0.007594316915172045,-0.0003189360374664244,24.223243004272415,-99.08879694018901,0.5346161402059008,11.109793459923916,9.540685834725057,5.692347892148271,0.016283833316173526,0.010554892797520516,7.876354255600558,S,1.0,1.0,1.0,1.7320508075688772,89.87805386630022,85.03012644505095,36.11224489795919,-14.893939393939394,2.8763542556005577
7750,17.363059023446645,-102.7315851548713,0.3923622900021169,10.970318790372582,9.902129447608496,4.721835105677283,0.007789761306979307,-0.0006066187535434903,24.318880853771702,-99.03226797426554,0.5350247046852575,11.109628333376506,9.53774906843421,5.696945182582014,0.015467844251895353,0.009701429883454196,7.878350394464032,S,1.0,1.0,1.0,1.7320508075688772,89.81639039607403,84.96082492401814,36.11224489795919,-14.893939393939394,2.8783503944640323
7760,17.464283228304033,-102.68973479676086,0.39725776316036243,10.970286759540768,9.878644958491492,4.770698625005158,0.00692859323538058,-0.0010472603524121068,24.414501168589876,-98.9757121441985,0.5354604310029899,11.109461624148146,9.534085767038565,5.702749000716499,0.014479013028051047,0.00877186448927126,7.8803231964950236,S,1.0,1.0,1.0,1.7320508075688772,89.7543768562125,84.89158802369181,36.11224489795919,-14.893939393939394,2.8803231964950236
7770,17.565333263324654,-102.64743041062793,0.4021820212032904,10.97152667951581,9.856666319571145,4.818768177030208,0.002608929264856021,-0.0034037284456231148,24.510094381146025,-98.91911380415539,0.535924493534043,11.10928112761784,9.529441200433752,5.710155652862857,0.014394837862648283,0.008412513599217585,7.882261839199616,S,1.0,1.0,1.0,1.7320508075688772,89.69204600631528,84.82240170663647,36.11224489795919,-14.893939393939394,2.882261839199616
7780,17.666168507066764,-102.60459441733684,0.40708167874500534,10.97240920730501,9.83360418364172,4.867647539830284,0.0038086241342881392,-0.0028985852476968886,24.605660131487767,-98.86247235186481,0.5364164455298568,11.109105338748252,9.524761539506537,5.717616552632921,0.013847111913282476,0.007808100181887762,7.884162704961251,S,1.0,1.0,1.0,1.7320508075688772,89.62932967981003,84.75326554236243,36.11224489795919,-14.893939393939394,2.884162704961251
7790,17.766798020597147,-102.56122044868974,0.41195582287962973,10.974665400428584,9.811520704028466,4.91704607724852,0.005138957634203425,-0.002623768922174986,24.701195950141965,-98.80578375459908,0.5369371373558048,11.108930991245861,9.519778610394804,5.7255709739145075,0.013318258129368538,0.007248495932601639,7.8860116287384505,S,1.0,1.0,1.0,1.7320508075688772,89.56621901511028,84.68417598404707,36.11224489795919,-14.893939393939394,2.8860116287384505
7800,17.867221484822466,-102.51733891087812,0.41681012165829723,10.97591438152737,9.78910315919295,4.964288050596777,0.004414795484229956,-0.0029210280141101514,24.79669991427541,-98.74904486159019,0.5374872981657498,11.108760315605627,9.514549526297841,5.733925623968272,0.012721340109453057,0.0066823858022759496,7.887820443326058,S,1.0,1.0,1.0,1.7320508075688772,89.50274309903003,84.6151302738973,36.11224489795919,-14.893939393939394,2.887820443326058
7810,17.96745682640337,-102.4729274899186,0.4216333771255432,10.979927802428003,9.769090825341845,5.012352640502583,0.004521614848622351,-0.0033984939122465863,24.892165201239234,-98.69224430988183,0.5380603431430813,11.108593903438617,9.509093610082381,5.742647231565253,0.012451796445622769,0.0063465565618255415,7.889559644513432,S,1.0,1.0,1.0,1.7320508075688772,89.43887572011035,84.54611815563155,36.11224489795919,-14.893939393939394,2.889559644513432
7820,18.06749222620097,-102.42802991766641,0.4264298603082951,10.981293533784898,9.747683551951011,5.05682440333553,0.0019865303052294283,-0.004340649562557409,24.987591526098445,-98.63538126630881,0.5386505936785037,11.108449550451791,9.503955495121277,5.750867878997628,0.011676444852150206,0.005738329149681228,7.891258335214107,S,1.0,1.0,1.0,1.7320508075688772,89.37466141362977,84.47713891643987,36.11224489795919,-14.893939393939394,2.891258335214107
7830,18.167339960876433,-102.38261565406692,0.4311893162871987,10.98530251251373,9.728133952866713,5.102967870418382,0.0012450746226684833,-0.005010871951981678,25.082986950711813,-98.5784689056169,0.5392682468980371,11.108326918042788,9.498892646280765,5.758989964615948,0.010041947703263417,0.004644114417197797,7.892889570478105,S,1.0,1.0,1.0,1.7320508075688772,89.31006710864312,84.40820463946466,36.11224489795919,-14.893939393939394,2.892889570478105
7840,18.267003831945928,-102.33678076353479,0.4359486089374529,10.9857913853159,9.706794448402151,5.144487719700595,-0.00579919394197197,-0.007932272780527883,25.178341586450433,-98.52149124296521,0.5399129904324709,11.108193111422406,9.492931057354404,5.768553903793252,0.009592933083907577,0.0042976804375500595,7.894493250526433,S,1.0,1.0,1.0,1.7320508075688772,89.2451855031539,84.33930086197611,36.11224489795919,-14.893939393939394,2.894493250526433
7850,18.366463926314417,-102.29040652784742,0.4406509616189042,10.989850359251928,9.68694516920204,5.190366481051506,-0.004489678476670138,-0.007412692322171123,25.273665075935828,-98.4644641625079,0.5405960744412591,11.108074047300956,9.48711427962703,5.777886437584073,0.008051373858378752,0.0033218123239054636,7.896028286691428,S,1.0,1.0,1.0,1.7320508075688772,89.17990362061319,84.27044216480826,36.11224489795919,-14.893939393939394,2.896028286691428
7860,18.46569810115377,-102.24356640638428,0.4453192151537638,10.989075194470917,9.663653849535516,5.231975526136705,-0.006846619465581211,-0.007492348042511202,25.36893730916197,-98.40735515313621,0.5413057016528335,11.107924708093877,9.480197831674664,5.788941215195872,0.008631685031204317,0.003661901708220245,7.897545716393721,S,1.0,1.0,1.0,1.7320508075688772,89.11429713051146,84.20159897362977,36.11224489795919,-14.893939393939394,2.8975457163937213
7870,18.564730441236684,-102.19621492842842,0.44994834703926695,10.992714622406574,9.643142750915846,5.277269431735552,-0.006327135042813513,-0.007243608399632853,25.464170230021875,-98.35018322570731,0.5420430592486762,11.107813653282994,9.474280003755688,5.798408623622108,0.0073563007039948326,0.0029003348000542608,7.899001788669759,S,1.0,1.0,1.0,1.7320508075688772,89.04831597008855,84.13278866554626,36.11224489795919,-14.893939393939394,2.899001788669759
7880,18.66353640568175,-102.14843600042296,0.45456084916037287,10.990739992212406,9.618903739605637,5.317241429972677,-0.010051418787991892,-0.007702893321727308,25.55935203842114,-98.29292933110837,0.5428020358603266,11.107691655860325,9.467667450453913,5.808966084363429,0.007400775003558922,0.0029647825965148787,7.900455994299459,S,1.0,1.0,1.0,1.7320508075688772,88.98204653804792,84.06399389896308,36.11224489795919,-14.893939393939394,2.9004559942994588
7890,18.762113998863875,-102.10021422608948,0.45917004007844037,10.989615769196469,9.593814233209587,5.360073060438342,-0.01147280314144032,-0.007330523552452827,25.654489803723155,-98.23560458967731,0.5435838930867927,11.107600306154811,9.461606212791638,5.818658989436752,0.006337902523324128,0.002373082799379848,7.901901788636671,S,1.0,1.0,1.0,1.7320508075688772,88.91547341332799,83.99522485956861,36.11224489795919,-14.893939393939394,2.901901788636671
7900,18.86043103098434,-102.05160907455695,0.46380898168059304,10.983326888623933,9.563630208006416,5.400967208461526,-0.014675345481724734,-0.006723065965365874,25.74958599882978,-98.17821339353097,0.5443996368913864,11.107507096072865,9.455054786743416,5.829121106049306,0.005367396743355655,0.001856470064009522,7.90339485745083,S,1.0,1.0,1.0,1.7320508075688772,88.84866046180092,83.9264856591693,36.11224489795919,-14.893939393939394,2.90339485745083
7910,18.95847831198187,-102.00259873025686,0.46849783318278027,10.977584057069837,9.531421216770262,5.446040884765331,-0.01487320643353095,-0.004942245506152108,25.844637732210526,-98.12075179435453,0.5452573632122201,11.107388944140068,9.447698055777309,5.840812495129995,0.004975810936415467,0.001713588243867441,7.904930562286943,S,1.0,1.0,1.0,1.7320508075688772,88.78158727718716,83.85777280159562,36.11224489795919,-14.893939393939394,2.9049305622869426
7920,19.056260578078962,-101.95315146015426,0.4732348958649666,10.973940319743503,9.499746156702297,5.493831914020676,-0.013009126783530306,-0.0027745826463100934,25.939636192125104,-98.06320611709457,0.5461530326636506,11.107242105237825,9.43977097962938,5.853336743816724,0.005380669280637828,0.0020764900853750376,7.9064868694026735,S,1.0,1.0,1.0,1.7320508075688772,88.71422099477722,83.78907384110018,36.11224489795919,-14.893939393939394,2.9064868694026735
7930,19.15379379492022,-101.90323228230183,0.47800182032981353,10.973438731693934,9.470663577515491,5.542823197591821,-0.009845848965020488,-0.0008117859927610441,26.03457843726301,-98.00557160683111,0.547079609592167,11.10709568521081,9.43200610085283,5.865563525689888,0.005651933377082134,0.0023684906745470476,7.908031109916759,S,1.0,1.0,1.0,1.7320508075688772,88.64652341037973,83.72038443762678,36.11224489795919,-14.893939393939394,2.9080311099167586
7940,19.251207425479937,-101.85276771104559,0.48279546442260696,10.987695297945331,9.4544145585108,5.598525994965902,-0.004390459197700378,-0.0012799997612353454,26.129464869085112,-97.94784885325113,0.5480353881461291,11.106958526473113,9.424369382570854,5.87756662656025,0.005623248625048418,0.002482268572567477,7.90941317333143,S,1.0,1.0,1.0,1.7320508075688772,88.5783969539543,83.65170514448847,36.11224489795919,-14.893939393939394,2.90941317333143
7950,19.348495466402582,-101.80177730075073,0.48758778223505045,11.000558512041309,9.439165958913778,5.649286112149732,-0.0015607788664763244,-0.002430680584348182,26.224301434713485,-97.8900477656239,0.5490316057601178,11.106823022131767,9.416526955195735,5.889867379409179,0.005086224188338633,0.002287658564641249,7.910646981748291,S,1.0,1.0,1.0,1.7320508075688772,88.50986151068483,83.58304511548226,36.11224489795919,-14.893939393939394,2.9106469817482914
7960,19.44552770396238,-101.75031620756226,0.49233670672946445,10.999718805009588,9.41371078714757,5.689979174410309,-0.0013478536431724536,-0.0014455876096835388,26.31907693920823,-97.83215138327927,0.5500677510787592,11.106643360558216,9.407663108308938,5.903676954169742,0.0057742188880778615,0.0028590445631694744,7.91187049183677,S,1.0,1.0,1.0,1.7320508075688772,88.44099533143391,83.5143888599862,36.11224489795919,-14.893939393939394,2.91187049183677
7970,19.542383571297083,-101.69836068370218,0.497068328279363,11.007153288070896,9.394500428240073,5.735920607094122,8.682135836466645e-05,-0.002007654210535962,26.413788016806805,-97.77415437926074,0.5511370707179318,11.106461572966056,9.398896013744652,5.917283362708475,0.006272970724000362,0.003313892386683671,7.913001590647427,S,1.0,1.0,1.0,1.7320508075688772,88.37175940217234,83.44573147794114,36.11224489795919,-14.893939393939394,2.9130015906474274
7980,19.638958033427706,-101.64595967684771,0.5017600846910679,11.003458455767197,9.366415805813938,5.774630112863806,-0.0006685288239642478,-0.0008166987071620427,26.508435292883163,-97.71605775588739,0.5522385861383534,11.106287580804617,9.390222750831203,5.930711636667808,0.00639693912745477,0.0035324906841344298,7.914154846004927,S,1.0,1.0,1.0,1.7320508075688772,88.3022208287384,83.37707388060026,36.11224489795919,-14.893939393939394,2.9141548460049274
7990,19.735252135380552,-101.59310491258762,0.506411058777415,11.0005221331361,9.338555894658452,5.814022790113323,-0.0007955064099573312,0.0003184395387666641,26.603016148764866,-97.65785764339223,0.5533722725637925,11.106108337603219,9.381282507452315,5.944508467648856,0.006604400449065108,0.0037992826920265907,7.915323973991612,S,1.0,1.0,1.0,1.7320508075688772,88.23237044064676,83.3084125128226,36.11224489795919,-14.893939393939394,2.9153239739916117
8000,19.831358023481616,-101.53978191416434,0.5110539941263882,11.006449931298205,9.317684452295103,5.858557547522458,-0.0006231040408444912,-0.0006716610054748355,26.697528184681108,-97.59955046233136,0.5545369893171533,11.1059265631805,9.372165688337006,5.958532968534853,0.006780919883462818,0.00404081187811761,7.916420692242172,S,1.0,1.0,1.0,1.7320508075688772,88.16217614974778,83.2397440708908,36.11224489795919,-14.893939393939394,2.9164206922421716
8010,19.9271943152068,-101.48601544528356,0.51565998456618,11.004418564375282,9.290703003315148,5.897462644575056,-0.0015380255962638536,-0.0001273797809715222,26.79196870561321,-97.54113212949125,0.5557305356445179,11.105744184526378,9.362915737402751,5.972718207519703,0.006932641637200586,0.004259004165137474,7.917526874371582,S,1.0,1.0,1.0,1.7320508075688772,88.09167666271328,83.1710647723658,36.11224489795919,-14.893939393939394,2.917526874371582
8020,20.0227557395358,-101.43181990907352,0.520231649916658,11.001457298092937,9.263063512450318,5.935294183616674,-0.0029531051411526635,0.0001590012103831783,26.886342491657143,-97.48261048522156,0.5569604296082477,11.105566277104252,9.353579356048426,5.986998878007236,0.006495891451212106,0.004098410636279694,7.918653810928775,S,1.0,1.0,1.0,1.7320508075688772,88.02088630223315,83.1023818421265,36.11224489795919,-14.893939393939394,2.9186538109287747
8030,20.11812642601456,-101.37715218230524,0.5247904517285846,11.00806571350674,9.242365224584695,5.979648468620055,-0.0022429971766804073,-0.0008228253877274219,26.9806444960549,-97.42397878489048,0.5582320940215271,11.105345450117783,9.343388506501915,6.002481885272098,0.006653691489480883,0.004310090999765987,7.919705434652097,S,1.0,1.0,1.0,1.7320508075688772,87.9497465595687,83.03368911334722,36.11224489795919,-14.893939393939394,2.919705434652097
8040,20.213230654112706,-101.32206083297844,0.5293143418511126,11.005993864290662,9.215660043768786,6.0169353410592015,-0.004056433107706424,-0.0009353925276922898,27.074870842218804,-97.36523186443719,0.559546476526196,11.105090197901385,9.332737132536911,6.01855845850916,0.006970754611918134,0.0046185951143411065,7.920770262879731,S,1.0,1.0,1.0,1.7320508075688772,87.87831831235344,82.9649818391938,36.11224489795919,-14.893939393939394,2.9207702628797314
8050,20.308139070846163,-101.26650276364619,0.5338194182430644,11.012329905405236,9.194921323501696,6.060101632819066,-0.0034409190125646487,-0.001908047202791189,27.1690137724437,-97.306358269715,0.5608971904241055,11.104805549382608,9.321755323295807,6.0350297416172705,0.007661796443355181,0.005158352536411204,7.921764076506858,S,1.0,1.0,1.0,1.7320508075688772,87.80654567883082,82.89624942010758,36.11224489795919,-14.893939393939394,2.921764076506858
8060,20.402776837135725,-101.21052726767365,0.5382849756605661,11.010029840590082,9.168204036329499,6.096293286819096,-0.005317364705294183,-0.0020228292707871937,27.263079345484154,-97.24736761391094,0.5622894751323917,11.104530974173288,9.310941400343845,6.051196443327301,0.007431833006933335,0.005099865985069187,7.922776340858321,S,1.0,1.0,1.0,1.7320508075688772,87.73448996214728,82.82750069003119,36.11224489795919,-14.893939393939394,2.922776340858321
8070,20.49721082356738,-101.15409353592665,0.5427273172080059,11.01570349007039,9.147063058172805,6.138156139343424,-0.004789743947257924,-0.0028889014907045206,27.357059224520096,-97.1882482536685,0.5637244707439076,11.104207047811954,9.299245289491267,6.068562532144756,0.00797943498088283,0.005533986077821398,7.923726956859552,S,1.0,1.0,1.0,1.7320508075688772,87.66209831930684,82.7587248988098,36.11224489795919,-14.893939393939394,2.923726956859552
8080,20.591555874489543,-101.0968135047318,0.5469310476116489,11.050837091227388,9.152060590689956,6.193608589601607,0.00909759642886376,-0.0024493078532294684,27.450953971051092,-97.12900166352249,0.5652048426329364,11.103869946728738,9.287373198071,6.086101122526482,0.008117481949656669,0.005696728003708388,7.92432161477265,S,1.0,1.0,1.0,1.7320508075688772,87.58896787109879,82.68992337040076,36.11224489795919,-14.893939393939394,2.9243216147726496
8090,20.68579536551805,-101.03874974175056,0.5506645241066936,11.080474044777175,9.170899562552192,6.218641834883293,0.010433350659261476,-0.007482298293984451,27.544757772517222,-97.06962000223984,0.5667311810960882,11.10349306682467,9.274879724261256,6.10443808925203,0.008616593110806097,0.00608664420572696,7.924604481593786,S,1.0,1.0,1.0,1.7320508075688772,87.51516265789208,82.62108882774434,36.11224489795919,-14.893939393939394,2.9246044815937857
8100,20.780064490046843,-100.98006053502398,0.5539253418225926,11.113128811641939,9.203203826862081,6.229179023384807,-0.0007606202673032351,-0.020505673488001357,27.638465518003,-97.01009608637196,0.5682999442582415,11.10309500862895,9.262101729971778,6.123086665587452,0.009161181165640837,0.00649781007407408,7.924536729918727,S,1.0,1.0,1.0,1.7320508075688772,87.44081432133545,82.55221454883151,36.11224489795919,-14.893939393939394,2.924536729918727
8110,20.87436492737732,-100.92087705115851,0.5567434884620854,11.139562307142292,9.23404951862849,6.230744568847471,-0.01723361531590781,-0.03445442564922866,27.73207343462668,-96.95042443849509,0.5699065930038535,11.102695324915627,9.249232668515459,6.141786264725414,0.009572468509517991,0.006810976496171081,7.924181971648937,S,1.0,1.0,1.0,1.7320508075688772,87.3660516944478,82.48329534895079,36.11224489795919,-14.893939393939394,2.9241819716489372
8120,20.968663115468505,-100.86131414789234,0.5591655360059699,11.157754572101275,9.258878183360686,6.226448576591189,-0.03612070408009284,-0.04724502986185604,27.82557805038421,-96.89059983983634,0.5715461948457446,11.102307328380009,9.236330944759763,6.1604722783788,0.009824868218406054,0.007006657843636856,7.923626350407413,S,1.0,1.0,1.0,1.7320508075688772,87.290993758174,82.41432625291806,36.11224489795919,-14.893939393939394,2.923626350407413
8130,21.062895769416087,-100.80152108382525,0.5612471616848915,11.16333501432575,9.274253375378452,6.213555582060298,-0.055038423254470455,-0.05626449223783071,27.918981589843042,-96.83062568405039,0.5732207649731268,11.101944660190476,9.2234543679167,6.179082841400509,0.009516122878281456,0.006820312750873733,7.922999624701032,S,1.0,1.0,1.0,1.7320508075688772,87.21579845989598,82.34531027229289,36.11224489795919,-14.893939393939394,2.922999624701032
8140,21.15697015974089,-100.7415821359124,0.5630286168268244,11.15722593132737,9.278286574585774,6.196538446789889,-0.07123660469240319,-0.060663635258549564,28.012281288000796,-96.77049863685406,0.5749335843380765,11.101568757963221,9.210058458547783,6.198358821326616,0.009331224442562704,0.006706827926010522,7.922423544707612,S,1.0,1.0,1.0,1.7320508075688772,87.14056464614526,82.27624422602896,36.11224489795919,-14.893939393939394,2.9224235447076117
8150,21.250823107649683,-100.68156805235267,0.5645505730759333,11.142459865058417,9.273739135967219,6.176744634713952,-0.08462012911177565,-0.0614053928735865,28.10547538131936,-96.71021697834743,0.5766879495409445,11.101174590152437,9.196228828029566,6.218155081980834,0.009104832980760189,0.0065603066057715155,7.921987575471665,S,1.0,1.0,1.0,1.7320508075688772,87.06537249942309,82.20712642989963,36.11224489795919,-14.893939393939394,2.9219875754716647
8160,21.344431916036168,-100.62150654872715,0.5658423533924323,11.124540508827362,9.265295166445306,6.157085918775715,-0.09408709465426959,-0.05940214497318262,28.198559594664857,-96.64977548723222,0.5784851407431533,11.100747078064424,9.181870145683401,6.23857726721115,0.009071278232567415,0.006539343266433677,7.921724172160225,S,1.0,1.0,1.0,1.7320508075688772,86.9902527329798,82.13795194910169,36.11224489795919,-14.893939393939394,2.921724172160225
8170,21.43786050090469,-100.56135601679927,0.5669555724547236,11.114229837740929,9.260034333274447,6.146370395014379,-0.09434329043377772,-0.05442022998919998,28.29152862126421,-96.58916719613727,0.5803225371765285,11.100293521518509,9.16715238039112,6.259379641670188,0.009190669598103295,0.006617596103710837,7.921556080153983,S,1.0,1.0,1.0,1.7320508075688772,86.91515304172894,82.06871418959582,36.11224489795919,-14.893939393939394,2.921556080153983
8180,21.531166384660807,-100.50112595139417,0.5679172457730876,11.108202735565119,9.258622867282057,6.13759485595605,-0.09356631373171855,-0.05023564418517601,28.38437556622151,-96.52838224448814,0.5821916249105653,11.099836844886694,9.152336979707375,6.280215425682872,0.00944724511218744,0.006781034491314819,7.921437284166895,S,1.0,1.0,1.0,1.7320508075688772,86.84007278263785,81.99940380227116,36.11224489795919,-14.893939393939394,2.9214372841668954
8190,21.62440963174343,-100.44083025307413,0.5687293549197903,11.10634531220955,9.263024779812612,6.127583383571094,-0.09189944908204296,-0.047017102891678944,28.47710740250051,-96.46743075619649,0.5840966099612831,11.099426608677579,9.137832047172791,6.300579062203869,0.008719320561617287,0.0062717713780320655,7.921323771891067,S,1.0,1.0,1.0,1.7320508075688772,86.76501545188427,81.93003001099653,36.11224489795919,-14.893939393939394,2.9213237718910667
8200,21.717630559089482,-100.38048222905914,0.5693962239196411,11.107096676269347,9.271151090260275,6.116645652443771,-0.08932091628580684,-0.04421871783915148,28.569720411881455,-96.40630884618055,0.5860440912082853,11.098978492416679,9.122489073505564,6.321986766745055,0.008414540653740732,0.00604853882085005,7.921186112440193,S,1.0,1.0,1.0,1.7320508075688772,86.68998747182721,81.86058910942273,36.11224489795919,-14.893939393939394,2.9211861124401928
8210,21.8108614178683,-100.32010945547725,0.5699371141456888,11.109056167874519,9.281170729619769,6.104997856563108,-0.08598989554020202,-0.041571996698228274,28.662215294993892,-96.34501919904632,0.5880433279042943,11.098490230508283,9.106516800240085,6.344118312550048,0.007996126954668042,0.005753002248757033,7.921009562951936,S,1.0,1.0,1.0,1.7320508075688772,86.61501082853597,81.79108351466532,36.11224489795919,-14.893939393939394,2.9210095629519364
8220,21.904109984457854,-100.25972094879783,0.5703700964720617,11.111212319059844,9.290831777848616,6.0942172651576465,-0.08047710292435617,-0.037863166783330314,28.754575249802812,-96.2835394855501,0.590085985711724,11.097909716473522,9.089520068452856,6.367434726810334,0.008844163066300733,0.006330507870560694,7.920788684239261,S,1.0,1.0,1.0,1.7320508075688772,86.54009335673301,81.72149231214344,36.11224489795919,-14.893939393939394,2.9207886842392607
8230,21.997377698703104,-100.19932591293963,0.5707056331306088,11.113017943058967,9.299993983558647,6.083525269818768,-0.07353431746820006,-0.03341565389596903,28.846801477451987,-96.22187106274266,0.5921649645356633,11.09737046063786,9.073071861518994,6.389913781605351,0.008865254864845348,0.006335230423714075,7.920527330061173,S,1.0,1.0,1.0,1.7320508075688772,86.46524414589172,81.65181649921895,36.11224489795919,-14.893939393939394,2.920527330061173
8240,22.090664154115547,-100.13893440451938,0.5709506463713727,11.114267599107723,9.308686543734076,6.072503527794766,-0.06572442258312214,-0.02852375283443728,28.93889178827008,-96.16001113141327,0.5942784161926158,11.09684912242227,9.056508888861758,6.4124649856176115,0.008804235891076002,0.006277823539559231,7.92023056119348,S,1.0,1.0,1.0,1.7320508075688772,86.39047343839442,81.58205323768541,36.11224489795919,-14.893939393939394,2.9202305611934802
8250,22.183969085636217,-100.0785565248082,0.571110887328559,11.114966832358945,9.316974719304374,6.06106176872358,-0.057490995208491734,-0.02345964342954165,29.030847832171062,-96.09796260043665,0.5964304228306828,11.096347829639894,9.0397660642047,6.435181789258721,0.008391442535467416,0.005972722182179186,7.919903822679562,S,1.0,1.0,1.0,1.7320508075688772,86.31579150327505,81.5122050328949,36.11224489795919,-14.893939393939394,2.9199038226795624
8260,22.27729295494447,-100.0182014734982,0.5711918593855112,11.115221568051819,9.324923451355534,6.049293606136501,-0.0491588389065267,-0.018442768469914536,29.12266975082893,-96.03572728246537,0.5986300769018177,11.095819517464971,9.0223478648151,6.458672446441528,0.007981251627406207,0.005673785033944133,7.9195507549277,S,1.0,1.0,1.0,1.7320508075688772,86.24120760897856,81.4422734363667,36.11224489795919,-14.893939393939394,2.9195507549277
8270,22.370636886175422,-99.95787698537194,0.5711989901927574,11.115163084381047,9.332585076032762,6.0373592067225665,-0.04096392779545457,-0.013638965914216193,29.214349205464146,-95.97329563547392,0.6008794801370124,11.095214728741636,9.003955054317904,6.483254063871661,0.008213067267962228,0.0058357260523657604,7.9191721059173465,S,1.0,1.0,1.0,1.7320508075688772,86.16672948016915,81.372249406823,36.11224489795919,-14.893939393939394,2.9191721059173465
8280,22.464002388146156,-99.89758919756697,0.5711375325432516,11.114907133219033,9.339996057872035,6.025415688483092,-0.03308383841214557,-0.009169716767782386,29.305881042488483,-95.91066174777357,0.6031761469396242,11.094573659176863,8.985199900810839,6.508129333485158,0.008507617700312857,0.006049753740035708,7.9187684655293005,S,1.0,1.0,1.0,1.7320508075688772,86.09236321268236,81.30212721627468,36.11224489795919,-14.893939393939394,2.9187684655293005
8290,22.557391073818575,-99.83734280292832,0.5710124354891813,11.114538429683446,9.347177815372827,6.013587231654018,-0.025657640911305922,-0.005121637775280034,29.39725813646143,-95.84781652265951,0.6055133296466788,11.093916211438975,8.966208511137355,6.533152519361273,0.008970811994396505,0.00638611679149549,7.91833955924991,S,1.0,1.0,1.0,1.7320508075688772,86.01811346975735,81.23189810277121,36.11224489795919,-14.893939393939394,2.91833955924991
8300,22.650804456930775,-99.77714132614614,0.5708282682268092,11.114110492172058,9.354139968900931,6.00195946957484,-0.018795478267888275,-0.0015534554687503645,29.488478954997365,-95.78475786492294,0.6078861944531354,11.09329571754941,8.947365652749127,6.5578851585709605,0.00906430023380366,0.006454846077750768,7.9178859705706,S,1.0,1.0,1.0,1.7320508075688772,85.94398378601694,81.16155979386272,36.11224489795919,-14.893939393939394,2.9178859705706
8310,22.744243840042568,-99.71698741034652,0.5705892014572015,11.113652619024768,9.360884897072928,5.990584986469019,-0.012581821537550381,0.0014992758606713805,29.57954565820113,-95.72148922624238,0.6102981967706891,11.09271022841193,8.928424861635603,6.582662812391496,0.008727897439229517,0.006212055813243532,7.91740845760159,S,1.0,1.0,1.0,1.7320508075688772,85.86997686664513,81.09111524236523,36.11224489795919,-14.893939393939394,2.9174084576015904
8320,22.837710279923293,-99.65688306030441,0.5702990256619871,11.113178545517576,9.367412466146359,5.979491706962885,-0.0070761972039979915,0.004020765543590707,29.67045549684952,-95.65800843322991,0.6127545760027512,11.092101966574043,8.908801104039961,6.608175915147247,0.00854701284816859,0.006085131013196663,7.916906307547693,S,1.0,1.0,1.0,1.7320508075688772,85.79609483136632,81.02056219547933,36.11224489795919,-14.893939393939394,2.916906307547693
8330,22.93120460715117,-99.59682982942756,0.5699611855168703,11.11269386868161,9.3737239768696,5.968690293899812,-0.0023137203177675397,0.006012164018774171,29.761203038392626,-95.59430981637755,0.6152566543366996,11.091453187689364,8.888520321745847,6.6343455068767465,0.008613451097682048,0.006144907815067681,7.916378277067529,S,1.0,1.0,1.0,1.7320508075688772,85.72233939454883,80.94989511432796,36.11224489795919,-14.893939393939394,2.916378277067529
8340,23.02472747699528,-99.53682895815508,0.5695788171438315,11.11220117886045,9.379824788690913,5.958179417651592,0.001693598554575522,0.007488969417924645,29.85178484363857,-95.53039016099268,0.6178048131695515,11.090778815895247,8.867831716254415,6.660850951290162,0.0086675759263001,0.006202944407089096,7.915823654102365,S,1.0,1.0,1.0,1.7320508075688772,85.64871199279092,80.8791107295274,36.11224489795919,-14.893939393939394,2.9158236541023648
8350,23.118279432918563,-99.47688147733491,0.5691547820372238,11.111702939061242,9.385725533347385,5.9479490934786226,0.004954649982513071,0.00847855037566151,29.942199843931363,-95.46624972769179,0.6204032787200375,11.09007571829654,8.8466736162586,6.687760863319238,0.00859736673695035,0.006178814069210841,7.915242056127062,S,1.0,1.0,1.0,1.7320508075688772,85.57521387638894,80.80820904145344,36.11224489795919,-14.893939393939394,2.915242056127062
8360,23.211865649084057,-99.41699560951187,0.5686983617529325,11.111202508687233,9.391423879026474,5.938011343329415,0.007173253142325977,0.008813221612345927,30.032442357610428,-95.40188323739396,0.623055009120336,11.089306246548345,8.824706704765045,6.715449694890952,0.008822003624628151,0.006384941394216243,7.9146316400466015,S,1.0,1.0,1.0,1.7320508075688772,85.50185270966726,80.73718487060634,36.11224489795919,-14.893939393939394,2.9146316400466015
8370,23.305489648453122,-99.357176630337,0.5682237716944295,11.110716199376798,9.396445851612752,5.92915000828985,0.008860831633994135,0.008834711539629577,30.12250274427048,-95.33727963516748,0.6257548656537053,11.08848272341,8.80215175057635,6.743632082727211,0.009424281146582258,0.006880274351224378,7.91399010615494,S,1.0,1.0,1.0,1.7320508075688772,85.42863351636109,80.66602754712582,36.11224489795919,-14.893939393939394,2.91399010615494
8380,23.399148528318293,-99.2974194000587,0.5677394460977805,11.110260914894427,9.400594770758664,5.921715592040505,0.010624510354898536,0.008940318382839894,30.21237529606118,-95.27243171293424,0.6284940065633522,11.08768133291817,8.779648878199984,6.771590870383694,0.009875855485912763,0.007260284546292104,7.9133169322472945,S,1.0,1.0,1.0,1.7320508075688772,85.35555199544525,80.59472990707341,36.11224489795919,-14.893939393939394,2.9133169322472945
8390,23.49283503305269,-99.23771197512205,0.567241319019072,11.109839316896423,9.404310427809442,5.915021134759552,0.012476362707666678,0.0091486736601517,30.302066435793463,-95.20734811657351,0.6312770894124856,11.08695020111475,8.757332710704844,6.799234409550634,0.009445521219055036,0.006971171326177133,7.912614304284354,S,1.0,1.0,1.0,1.7320508075688772,85.28259774751682,80.52329969897593,36.11224489795919,-14.893939393939394,2.9126143042843538
8400,23.58654444379765,-99.17804674482602,0.5667182184493348,11.10943941474178,9.408302588767329,5.907917273287783,0.013796091804171151,0.009079939225019854,30.39157410487028,-95.14202878283834,0.6341146862623733,11.086168172938622,8.733978805530375,6.827938120928123,0.009225722579063112,0.006849102044821125,7.911881551032313,S,1.0,1.0,1.0,1.7320508075688772,85.20976425154082,80.45173661824595,36.11224489795919,-14.893939393939394,2.9118815510323133
8410,23.680279254018068,-99.11842772517699,0.5661644825844533,11.109048966666004,9.412869144315987,5.899903678516032,0.01397451822817575,0.008362397636110214,30.480878664988243,-95.07649688356524,0.6370202678089937,11.082600686383314,8.7075398772566,6.8558578792015545,0.007367548524220233,0.006339457827805074,7.9110907766792895,S,1.0,1.0,1.0,1.7320508075688772,85.13705541320365,80.38006476252056,36.11224489795919,-14.893939393939394,2.9110907766792895
8420,23.77404684473745,-99.05886648486403,0.5655872476061049,11.108672205766418,9.41761241111936,5.891619017646839,0.01307576676751807,0.007046076062341105,30.569975554365623,-95.01069642800537,0.6399750784231256,11.082038304677837,8.68220592684732,6.887007567163267,0.009173917487858554,0.007559789073969185,7.91026724173055,S,1.0,1.0,1.0,1.7320508075688772,85.06448191472857,80.30822814091032,36.11224489795919,-14.893939393939394,2.9102672417305504
8430,23.86785241631406,-98.99937062944156,0.565001023967185,11.108330863814757,9.421850708246563,5.884194406330677,0.011839970162316476,0.005601003607295648,30.65886956342826,-94.94462955992618,0.6429773410430373,11.08179800125245,8.657372079223054,6.917814367446693,0.010057422989829977,0.008042105646804056,7.909414582206053,S,1.0,1.0,1.0,1.7320508075688772,84.99205086685667,80.23622809298855,36.11224489795919,-14.893939393939394,2.909414582206053
8440,23.961694175209146,-98.9399363099628,0.5644148720642863,11.108044979027591,9.425313549570244,5.878105795950565,0.011013217887412193,0.004497081701369489,30.747539837560186,-94.87831014853813,0.6460213679086729,11.079191341638401,8.630806231647888,6.9467736810970955,0.009314542725117359,0.008017746241845033,7.908508609618991,S,1.0,1.0,1.0,1.7320508075688772,84.91975906980859,80.16407939591261,36.11224489795919,-14.893939393939394,2.908508609618991
8450,24.05556556370763,-98.88055225669287,0.5638249426027715,11.107813993627046,9.428426656924193,5.8726742198097535,0.010668841558502834,0.003781569816675639,30.835994694469292,-94.81170513031748,0.6490897511528733,11.079250413636322,8.606431557954856,6.977042752219548,0.01019410867199568,0.008353854293916775,7.9075746050919165,S,1.0,1.0,1.0,1.7320508075688772,84.84759664673476,80.09174799256435,36.11224489795919,-14.893939393939394,2.9075746050919165
8460,24.1494669400946,-98.82121865869127,0.5632264834929819,11.10761803473985,9.43188486857642,5.86674750024212,0.009873582858555729,0.002871306465889987,30.92422510282115,-94.74484753028682,0.6521884466258276,11.076728841667881,8.580556166139388,7.004853867966442,0.008586298023433003,0.0075811369835787025,7.906589007904694,S,1.0,1.0,1.0,1.7320508075688772,84.77556405741468,80.01926692737281,36.11224489795919,-14.893939393939394,2.906589007904694
8470,24.243404137291254,-98.76194439992254,0.5626251180360824,11.107453623446697,9.43550689824257,5.8606088054259375,0.008475417016178925,0.0016709409704260031,31.01224506682468,-94.67770562558688,0.6553125533928228,11.077288644293162,8.556481825641445,7.03512206549779,0.008809198183600256,0.00724720621094883,7.905581186422272,S,1.0,1.0,1.0,1.7320508075688772,84.70366960578336,79.94660313223912,36.11224489795919,-14.893939393939394,2.905581186422272
8480,24.337381438694084,-98.70273549962843,0.5620335763925115,11.107335869102442,9.43868469599024,5.855266118523506,0.007068027060812587,0.0005479147558207747,31.100041815570663,-94.61031709048778,0.6584785122461058,11.074723909444986,8.52974039427148,7.0635004407705555,0.006935217415511353,0.006241384486202672,7.904521731796917,S,1.0,1.0,1.0,1.7320508075688772,84.63191900323007,79.87379453110928,36.11224489795919,-14.893939393939394,2.904521731796917
8490,24.43139187982204,-98.64357981403602,0.561452962158956,11.107278030569532,9.441160766157065,5.8511630156704,0.006634587173590768,0.00011205768014878163,31.187609168473045,-94.54267459112927,0.6616879865286923,11.072234307137348,8.502250412691442,7.0926800627151865,0.0057339481991627115,0.005646422365759605,7.903410384051341,S,1.0,1.0,1.0,1.7320508075688772,84.56030154704278,79.80083367722548,36.11224489795919,-14.893939393939394,2.903410384051341
8500,24.5254346974363,-98.58447566196978,0.5608802280779497,11.107257763145455,9.443773006092274,5.846907424130972,0.006075975104215854,-0.00032573582604428317,31.27494530536618,-94.47477208741967,0.6649462193034635,11.070093601067308,8.474145246689607,7.122909144050575,0.005061211915779055,0.0053229372436778815,7.90225011735442,S,1.0,1.0,1.0,1.7320508075688772,84.48881601403497,79.72771412461415,36.11224489795919,-14.893939393939394,2.90225011735442
8510,24.619509914115987,-98.5254227073633,0.5603143644923003,11.107268423880594,9.446462667833526,5.8425811851751295,0.005462191140574919,-0.0007259438658163285,31.3620473406839,-94.40660045276903,0.6682567838027337,11.06841477430287,8.445451849412615,7.154309797266197,0.005019220165604918,0.005337908265107538,7.9010447229217835,S,1.0,1.0,1.0,1.7320508075688772,84.41746240329874,79.65442640236301,36.11224489795919,-14.893939393939394,2.9010447229217835
8520,24.71362235530984,-98.46642832280065,0.5597624666410213,11.107305852796399,9.449132941934208,5.838332805966011,0.004505307386614324,-0.001274016868044542,31.448908182956767,-94.33814384176696,0.6716139303420194,11.067278252893498,8.416504831197534,7.186591288879445,0.005716766894099733,0.005776357878638481,7.899797968077737,S,1.0,1.0,1.0,1.7320508075688772,84.34624770334737,79.58095456618823,36.11224489795919,-14.893939393939394,2.8997979680777366
8530,24.807770535712827,-98.40748947295556,0.5592307596266124,11.107381990226727,9.451265828642013,5.835024328411739,0.0040462902666527295,-0.001454442221935148,31.535526117202956,-94.26939878166012,0.6750125184389926,11.066319434565104,8.387738715410931,7.218674744704175,0.006243361193864485,0.006021978282580489,7.898511868298838,S,1.0,1.0,1.0,1.7320508075688772,84.27516945937889,79.5072946830027,36.11224489795919,-14.893939393939394,2.8985118682988382
8540,24.90194801056195,-98.34859533723846,0.55871488901603,11.107491673366457,9.453100810905294,5.832259967865533,0.004201494625539981,-0.0012012275370562675,31.62189859954022,-94.200362594407,0.6784487780850235,11.065437559209265,8.358974581248596,7.25061737556182,0.006666296589029392,0.006160695880586453,7.897187525126176,S,1.0,1.0,1.0,1.7320508075688772,84.20421815395005,79.43344365398866,36.11224489795919,-14.893939393939394,2.897187525126176
8550,24.99615936873791,-98.28975323061734,0.5582170628565584,11.107614552510995,9.455211818560684,5.829071153563353,0.0037335997918322866,-0.0012887183524354449,31.708026092994327,-94.1310400339088,0.6819255062156397,11.06441257138427,8.329964124792248,7.282370714916977,0.006691357289017605,0.00601540231480281,7.895824869933367,S,1.0,1.0,1.0,1.7320508075688772,84.13340075721894,79.35940562473138,36.11224489795919,-14.893939393939394,2.8958248699333673
8560,25.090398811987743,-98.23095350039165,0.557735016170249,11.107760287464426,9.45694684758715,5.826533697292351,0.003931967759907385,-0.0009242766341190041,31.793903012879515,-94.06142583657135,0.68544291572145,11.063428091032462,8.300360894054904,7.314605263026176,0.006995626978736071,0.006092350241587323,7.8944239505322,S,1.0,1.0,1.0,1.7320508075688772,84.06270880314212,79.2851750725238,36.11224489795919,-14.893939393939394,2.8944239505322003
8570,25.1846663655033,-98.17219623812994,0.5572657126734385,11.107912212389005,9.45888128147376,5.823682565278272,0.00385000108298671,-0.0007008239529460794,31.879527766417578,-93.99152250807981,0.6890046305015338,11.062298050312371,8.270247273392313,7.346934611856287,0.007082902828762094,0.0060376643412737695,7.892984354132673,S,1.0,1.0,1.0,1.7320508075688772,83.99214270150489,79.2107539972572,36.11224489795919,-14.893939393939394,2.8929843541326727
8580,25.27896222128343,-98.11348178515469,0.5568090581422419,11.108068377551243,9.46083942370035,5.820798955410772,0.0036608578628256664,-0.0005180428740765668,31.964891082478992,-93.92131864432227,0.6926063906706471,11.061326846893643,8.239557518198387,7.379880996202478,0.00771512538160329,0.0064043388203555715,7.89150660750669,S,1.0,1.0,1.0,1.7320508075688772,83.92170308898672,79.13613090652477,36.11224489795919,-14.893939393939394,2.89150660750669
8590,25.373286281097343,-98.05480998835183,0.5563662224557783,11.10822843629501,9.462710061091041,5.818063018964254,0.0034490324763861227,-0.0003308393159861705,32.049989340254804,-93.85081240597353,0.696243995508332,11.060319270698585,8.208798899334472,7.412576002987871,0.008115566081311237,0.0066028643446441205,7.889991090793782,S,1.0,1.0,1.0,1.7320508075688772,83.8513901506426,79.06130353121294,36.11224489795919,-14.893939393939394,2.8899910907937816
8600,25.467663067825974,-97.99622028974989,0.5559749584266543,11.10839193085609,9.464343992282137,5.815716988064474,0.0014992420171104127,-0.0012093172498135916,32.13481899672229,-93.78000192031695,0.699914303805286,11.059293377834225,8.177903510269823,7.445123517694277,0.008374405155739683,0.006702329173928935,7.888438725055865,S,1.0,1.0,1.0,1.7320508075688772,83.78124021775156,78.98626955183654,36.11224489795919,-14.893939393939394,2.888438725055865
8610,25.562075999523092,-97.93768454959672,0.5556543642792673,11.108613502151368,9.46321252954228,5.817980969450971,0.002673503535248916,-0.00015827956076176915,32.219376107608525,-93.70888424254368,0.7036136902110071,11.058293767495245,8.146879799451666,7.477580529924808,0.00854717788232415,0.006738432120004112,7.886849609701347,S,1.0,1.0,1.0,1.7320508075688772,83.71122788051368,78.91102558519577,36.11224489795919,-14.893939393939394,2.886849609701347
8620,25.6565192477455,-97.87919298294752,0.555407080057601,11.108859205419705,9.46135124311386,5.821476230327316,0.004275403156180392,0.001153915113302422,32.303660702021084,-93.63746329662263,0.707343717500938,11.05718364055311,8.115670513187089,7.509807066915962,0.008323393806717677,0.006481530128113887,7.885224172146202,S,1.0,1.0,1.0,1.7320508075688772,83.64134451396941,78.83557490238779,36.11224489795919,-14.893939393939394,2.885224172146202
8630,25.75097925593429,-97.82072371606259,0.555222791594152,11.109110303362431,9.458903611137805,5.825931188014286,0.006823376676385865,0.003046513277468847,32.38767112372987,-93.5657404379931,0.7111087874439249,11.056022651064882,8.083891351980661,7.542303194000626,0.008037517982907841,0.006199965762413093,7.8835627507311,S,1.0,1.0,1.0,1.7320508075688772,83.57157042746381,78.75991829169737,36.11224489795919,-14.893939393939394,2.8835627507311
8640,25.845455609410905,-97.76227660567801,0.5550965220405797,11.109341684475936,9.456709737072979,5.829932556315187,0.008588763149922317,0.004450184038337943,32.471434474270495,-93.49375415528544,0.7149381714055194,11.054496108126456,8.052058638303958,7.574050164205251,0.005048913636265107,0.0035027042793711344,7.881870325441249,S,1.0,1.0,1.0,1.7320508075688772,83.50190581378291,78.68409229989982,36.11224489795919,-14.893939393939394,2.881870325441249
8650,25.93993892769041,-97.70383708755924,0.5550201356926555,11.109546094008413,9.454154894282857,5.834463955652233,0.010665400991518066,0.006038774700424703,32.5548916796769,-93.42142800401052,0.718784283401787,11.053755590568812,8.018756828499768,7.608222629590935,0.0070894060244693765,0.005254927811458689,7.880141335653452,S,1.0,1.0,1.0,1.7320508075688772,83.43233764422853,78.60802267786968,36.11224489795919,-14.893939393939394,2.8801413356534518
8660,26.034426559720174,-97.64540159355582,0.5549864764409247,11.109717028450536,9.45178141002961,5.838633455635186,0.012048970971896151,0.0071876724449932835,32.63804311706598,-93.3487649810369,0.7226472732375347,11.053018679584227,7.985413367954658,7.642145986182734,0.00855440720693544,0.006477087523281326,7.878377867079607,S,1.0,1.0,1.0,1.7320508075688772,83.36286294647691,78.53171165787901,36.11224489795919,-14.893939393939394,2.8783778670796067
8670,26.128916384326274,-97.58696733946032,0.554992639676107,11.109855827887069,9.44936190195863,5.8428123504224425,0.01292414093464603,0.008007108590271666,32.72093551278254,-93.27583027517251,0.7265649789729441,11.051528566082506,7.953078590079009,7.673644804586965,0.005558706938311066,0.003778330502306768,7.876586759314556,S,1.0,1.0,1.0,1.7320508075688772,83.29347945073384,78.45522160738265,36.11224489795919,-14.893939393939394,2.8765867593145558
8680,26.22340614044349,-97.52853122132365,0.5550377474446446,11.10996624651223,9.446750441738645,5.847243460824232,0.013412964706909055,0.008568597916169717,32.80351046271289,-93.20254786548944,0.7304915931266907,11.050977927226821,7.919253019508104,7.707758737860584,0.007538790520437988,0.005537243869396148,7.8747637988007675,S,1.0,1.0,1.0,1.7320508075688772,83.22418457666345,78.37847845112525,36.11224489795919,-14.893939393939394,2.8747637988007675
8690,26.317897892074235,-97.47009702298382,0.5551282156074447,11.110052319266984,9.443865890447041,5.852064557068779,0.01328641240988233,0.008726891598203324,32.88581336115555,-93.12898285845016,0.7344692210469097,11.049558829896164,7.885921250140771,7.739831805143733,0.005232398953797568,0.0034595911961079998,7.872914695239142,S,1.0,1.0,1.0,1.7320508075688772,83.1549820639057,78.30154459750823,36.11224489795919,-14.893939393939394,2.8729146952391416
8700,26.41238259619202,-97.411650615063,0.555262248683737,11.110114107550585,9.440231577747646,5.858042611768091,0.013732475706284417,0.009216376769401867,32.967792014184504,-93.05506932124,0.7384589605228244,11.048946033796485,7.851107535728289,7.774272886912161,0.007253460387999211,0.00534895901007075,7.87103507851369,S,1.0,1.0,1.0,1.7320508075688772,83.08585916897046,78.22435564100637,36.11224489795919,-14.893939393939394,2.8710350785136898
8710,26.506857406641767,-97.35318776948321,0.5554353807337793,11.110156920092264,9.436587351873442,5.863992320896762,0.013756511640147179,0.009417806855532469,33.04936254251875,-92.9809686655912,0.7424830550298471,11.031701155235778,7.805786465435672,7.795391461270671,0.002306273350427974,0.0054830380821480245,7.868969014134884,S,1.0,1.0,1.0,1.7320508075688772,83.0168122220914,78.1470753694281,36.11224489795919,-14.893939393939394,2.8689690141348843
8720,26.601315481064443,-97.29469779604206,0.555638854895339,11.110181855560302,9.432855719916267,5.870040360241515,0.013824215265792777,0.009619145223138262,33.1306128865196,-92.90650450650297,0.7465354193296145,11.032806654956872,7.769924870864954,7.832693673748187,0.005531147130104453,0.007434566255310165,7.866890424763735,S,1.0,1.0,1.0,1.7320508075688772,82.94783157873898,78.06952315016157,36.11224489795919,-14.893939393939394,2.866890424763735
8730,26.69574729994876,-97.23616555947079,0.5558534556132403,11.110195398396272,9.429480752249262,5.875485897651902,0.013868081515859788,0.009776948001892688,33.21160743096948,-92.83172990611722,0.750656718284725,11.035074201794014,7.736443686528182,7.868945401022811,0.004420090808805476,0.0050280611459237986,7.864825914892044,S,1.0,1.0,1.0,1.7320508075688772,82.87890344900119,77.99174884329125,36.11224489795919,-14.893939393939394,2.8648259148920436
8740,26.79015622303629,-97.17759637996836,0.556067652930461,11.1102101137615,9.427145929005764,5.879259171456756,0.012606878506497278,0.00909230780861293,33.29232072112435,-92.7566105423202,0.7548182962425304,11.037956842281815,7.703048501689386,7.905664743251946,0.005038611779697746,0.004239178493209985,7.8627767955654395,S,1.0,1.0,1.0,1.7320508075688772,82.81003287197512,77.91371850145512,36.11224489795919,-14.893939393939394,2.8627767955654395
8750,26.8845453640561,-97.11899523110469,0.5562797570970912,11.110224405171703,9.425195622411126,5.882412244356481,0.010712003627642871,0.007983322489018759,33.37274000124105,-92.68114902983261,0.7590086987369419,11.039886441721109,7.669373761437609,7.941020007119355,0.005390153788761198,0.0035923871816726793,7.8607346066471795,S,1.0,1.0,1.0,1.7320508075688772,82.74122458673757,77.83543453991595,36.11224489795919,-14.893939393939394,2.8607346066471795
8760,26.978923138630858,-97.0603756710385,0.5565010143553573,11.110235849665676,9.423269477866093,5.8855189221268915,0.008109021672495215,0.006404658322089017,33.45272904489754,-92.605424413576,0.76319430740007,11.027001639952616,7.6253368614165495,7.965488240995631,0.0037708771037779968,0.005579939302804347,7.858546533448792,S,1.0,1.0,1.0,1.7320508075688772,82.67249129449293,77.75697993447207,36.11224489795919,-14.893939393939394,2.8585465334487923
8770,27.07329234414822,-97.00174247681353,0.5567473625732542,11.11023352703655,9.420548832496012,5.889868310908579,0.005847790191757829,0.005013807039513375,33.53241465313261,-92.52936039540215,0.7674165031820245,11.028480499755839,7.59000179104177,8.001203343590108,0.004495737072550237,0.0050376084688356325,7.856364457212347,S,1.0,1.0,1.0,1.7320508075688772,82.6038376249317,77.67827314099154,36.11224489795919,-14.893939393939394,2.856364457212347
8780,27.16765139157861,-96.94309353733483,0.5570306753032565,11.110210053409304,9.41689598643035,5.895662593095804,0.004308443533413591,0.004051917662407011,33.61180705580934,-92.45295438720414,0.771686483111127,11.031079339552997,7.5546266123238315,8.038179404808128,0.005125992377202531,0.004347730417469858,7.854202175420066,S,1.0,1.0,1.0,1.7320508075688772,82.53526184995751,77.5993105389985,36.11224489795919,-14.893939393939394,2.854202175420066
8790,27.262003356475205,-96.88443429404741,0.5573668387840263,11.110162273310925,9.412470958975723,5.9026346817112145,0.0030150828632285243,0.0032254749466863178,33.690769899466375,-92.37628058234404,0.7759661835677122,11.019222543778898,7.50930526127729,8.06434126028148,0.003943348858905826,0.006370931671725853,7.851909904770146,S,1.0,1.0,1.0,1.7320508075688772,82.46676924256975,77.52016987342503,36.11224489795919,-14.893939393939394,2.851909904770146
8800,27.356339556126557,-96.82575166486586,0.5577625797323496,11.110075894156754,9.40679509410527,5.911513548275098,0.0031023070120349025,0.003249502360424534,33.76942080188937,-92.29923903740999,0.7802775457517059,11.0226534790806,7.47352103008974,8.102183232480863,0.005823499875334495,0.006339265202859247,7.849645064031376,S,1.0,1.0,1.0,1.7320508075688772,82.3983479224764,77.440746623729,36.11224489795919,-14.893939393939394,2.8496450640313764
8810,27.450650695399485,-96.76703145444188,0.558212216653714,11.109956321302828,9.400618661192965,5.921106167608151,0.0039481656621955016,0.0037379610541976175,33.847768991763736,-92.22182855547703,0.7846138855346402,11.026957285082565,7.439168824254928,8.139567198031417,0.006893494560451461,0.005575298103557453,7.847419441474802,S,1.0,1.0,1.0,1.7320508075688772,82.32998492455425,77.36103860024625,36.11224489795919,-14.893939393939394,2.847419441474802
8820,27.5449305078561,-96.70826404111531,0.5587055932993172,11.109815951400059,9.394513158283987,5.930525524168345,0.00492803798274263,0.0042998781998699765,33.92569829691872,-92.1441441371905,0.788944475088731,11.01676911041522,7.396168007028416,8.164918887778878,0.004935351579876181,0.006337539656917616,7.8450868749391,S,1.0,1.0,1.0,1.7320508075688772,82.26167147178792,77.28114335924862,36.11224489795919,-14.893939393939394,2.8450868749391
8830,27.63918054840486,-96.64945207188715,0.5592408907530538,11.109666569460739,9.388645431960855,5.9395309779067675,0.005355605828772361,0.004504136753659064,34.00332603378804,-92.06610881035326,0.7933115875308064,11.02028562998363,7.360784099098745,8.2015579503457,0.005437976285752754,0.004983662351749658,7.84279179961902,S,1.0,1.0,1.0,1.7320508075688772,82.19341015376942,77.20097972960797,36.11224489795919,-14.893939393939394,2.84279179961902
8840,27.73339876766982,-96.59059266209586,0.5598200683051894,11.109500925887147,9.382434588864458,5.949027820406222,0.0058612602738461065,0.004749447477211953,34.08053373236449,-91.9878042901854,0.7976897830547174,11.010172792934235,7.316118113283763,8.227898922735408,0.0037510968478347375,0.0059190795738850695,7.840394317675856,S,1.0,1.0,1.0,1.7320508075688772,82.12519843319981,77.1206318367597,36.11224489795919,-14.893939393939394,2.840394317675856
8850,27.827589663912107,-96.53169338556575,0.560454851986424,11.109319001500582,9.375828037671736,5.9590953411663445,0.005917187009295928,0.004705950302309857,34.15743941637064,-91.90913606487663,0.8021147112826498,11.015016191441836,7.279720864311877,8.266574008343973,0.005059447518969034,0.004920030306270097,7.8380503999244535,S,1.0,1.0,1.0,1.7320508075688772,82.05704350721106,77.04000118596826,36.11224489795919,-14.893939393939394,2.8380503999244535
8860,27.92174035571676,-96.47273479204954,0.5611439487813047,11.109093843968427,9.368089850624587,5.970833994068315,0.007219669045041654,0.005450063630709227,34.23392578324131,-91.83017874127654,0.8065487206050355,11.006790896596142,7.2352929624282964,8.294575431523139,0.004141985990623869,0.006050359152206329,7.835624516017996,S,1.0,1.0,1.0,1.7320508075688772,81.98892744305911,76.95916454592957,36.11224489795919,-14.893939393939394,2.8356245160179956
8870,28.015847750101802,-96.41371225245835,0.5618818343086835,11.108855822079084,9.360389575111919,5.9824564083557235,0.008172523388894713,0.0059712671072655096,34.31010568423782,-91.7508436171526,0.811019831467809,11.012711492613498,7.199289424043957,8.333669432392327,0.005734236937641806,0.0050525768629496905,7.83326412497066,S,1.0,1.0,1.0,1.7320508075688772,81.92084602639525,76.8780295827215,36.11224489795919,-14.893939393939394,2.8332641249706603
8880,28.109903038801836,-96.35461208487017,0.5626573044755068,11.108607079654115,9.352587408555763,5.99418551727136,0.0093733880618048,0.006648244276651307,34.38586728530444,-91.67121937794538,0.8154946867142179,11.00494437392563,7.155393822220679,8.361168573956844,0.004485243259952101,0.005730882289408432,7.830829743434304,S,1.0,1.0,1.0,1.7320508075688772,81.85278657742678,76.79668678663111,36.11224489795919,-14.893939393939394,2.830829743434304
8890,28.203913152155664,-96.29544490183333,0.5634726989647293,11.108377015341107,9.345226876980542,6.0052289325819315,0.009323838065739255,0.006526763983904988,34.46131722812234,-91.59121345918737,0.8200018492408351,11.011200208554786,7.119276398936626,8.400144855204635,0.006069750048040145,0.004697152258370653,7.828467234133594,S,1.0,1.0,1.0,1.7320508075688772,81.78475903218992,76.71504031942364,36.11224489795919,-14.893939393939394,2.828467234133594
8900,28.297881461893574,-96.23621660813032,0.564343277075735,11.108130466530751,9.337124226857384,6.017364342775131,0.009106525867243226,0.006301656386363161,34.53634761237569,-91.51091332934786,0.8245076180702866,11.004137018972257,7.075714097755217,8.427651009572223,0.004814264677661982,0.005227383405505248,7.826043124541512,S,1.0,1.0,1.0,1.7320508075688772,81.71676901530802,76.63317915416123,36.11224489795919,-14.893939393939394,2.8260431245415116
8910,28.39179454815359,-96.17690741230862,0.5652687479556961,11.107831781369251,9.327763228943565,6.031314950155157,0.010110756464940553,0.006866406770227585,34.61106269020461,-91.430234554194,0.8290432148866062,11.010344027817204,7.0394123825903705,8.46607045321047,0.006056578669261133,0.003956073389709266,7.82369474383381,S,1.0,1.0,1.0,1.7320508075688772,81.64879817535007,76.55101583178693,36.11224489795919,-14.893939393939394,2.8236947438338103
8920,28.485648570201104,-96.11751158938134,0.5662432492738434,11.107521886656317,9.318389126389897,6.045218486682479,0.010787617033158056,0.007227330626992893,34.68535463937551,-91.34926355358219,0.8335762972009274,11.003347124341587,6.9955919523288435,8.49325268523598,0.0046807807247227435,0.0044375467611978275,7.821287916645212,S,1.0,1.0,1.0,1.7320508075688772,81.58084120511839,76.46863806925099,36.11224489795919,-14.893939393939394,2.821287916645212
8930,28.57944109564739,-96.05802559334815,0.5672644110313396,11.10720607254037,9.308905945622444,6.059232363380101,0.01121462787749644,0.007433257994218713,34.759220722826576,-91.2680071357832,0.8381113655197522,10.995906418741944,6.951063184438274,8.520133718180551,0.0033661761741092533,0.004800754620506579,7.818820439446853,S,1.0,1.0,1.0,1.7320508075688772,81.51289481860633,76.38605172316632,36.11224489795919,-14.893939393939394,2.818820439446853
8940,28.673167342026918,-95.99844228650932,0.5683288041839718,11.106883406028366,9.299168700431764,6.073575592352374,0.011637223172962374,0.0076419568956725085,34.83267177509175,-91.1864471315948,0.8426525216909277,10.990759410910128,6.907215998433612,8.549102852316862,0.0027547037720646074,0.005073790950271131,7.816315770992496,S,1.0,1.0,1.0,1.7320508075688772,81.44495235638645,76.30323744296159,36.11224489795919,-14.893939393939394,2.816315770992496
8950,28.766825093183883,-95.93875830028738,0.5694338259829138,11.106566244901535,9.289358082315946,6.087991472636734,0.011761544349662008,0.00766235419031709,34.90582560078043,-91.10449881613047,0.8472375023797938,10.999745881822165,6.871233355379248,8.589561201865164,0.004121818731118251,0.002934571071986511,7.813922957927833,S,1.0,1.0,1.0,1.7320508075688772,81.37701065823889,76.2201076813981,36.11224489795919,-14.893939393939394,2.813922957927833
8960,28.860406258326506,-95.87896117960452,0.5705700957952663,11.106253809459558,9.279394874188021,6.102598172010673,0.012096915038915678,0.007823062636614468,34.97857251334892,-91.02223516751015,0.8518239733428392,10.996418347747198,6.828600756320741,8.619247541952083,0.0034815546824359857,0.0030092909966220327,7.81151367409986,S,1.0,1.0,1.0,1.7320508075688772,81.30905802725748,76.1367364053904,36.11224489795919,-14.893939393939394,2.81151367409986
8970,28.95392350195205,-95.81906993266459,0.5717482535829517,11.105983449714985,9.26983901311361,6.116612874483724,0.010875037017758493,0.006973145606750426,35.05090393460327,-90.93968133016561,0.8564149286022522,10.990879289230655,6.784795577782541,8.646732129431431,0.0021717872627083604,0.0027850098650099723,7.809071873809893,S,1.0,1.0,1.0,1.7320508075688772,81.24111223954438,76.05314793794936,36.11224489795919,-14.893939393939394,2.809071873809893
8980,29.047366999370055,-95.75907090222509,0.5729739766414128,11.105663802203496,9.258962076300401,6.132486425358313,0.010805667184870511,0.006887034868439848,35.12282179156905,-90.85681346654454,0.8610113823926232,10.987517651579966,6.7411413024925615,8.67655220024695,0.002039057378729413,0.0031204990390477647,7.806617634913281,S,1.0,1.0,1.0,1.7320508075688772,81.17316054937318,75.96931746076126,36.11224489795919,-14.893939393939394,2.806617634913281
8990,29.14073853679172,-95.69896751435452,0.5742540009790436,11.10532647102279,9.247743673661457,6.148781421896048,0.01030818059085067,0.006532660102214125,35.19443890516026,-90.77355433991153,0.86565219056344,10.99735762267788,6.704682222899098,8.717173336065544,0.003551958846848632,0.0010046764982231992,7.804292606569928,S,1.0,1.0,1.0,1.7320508075688772,81.1052061860697,75.88516542901792,36.11224489795919,-14.893939393939394,2.804292606569928
9000,29.234021770323544,-95.63873616021775,0.5755787409174424,11.10493257689816,9.235628739597061,6.166254075351,0.011063973079292988,0.007015241098188005,35.26564102576718,-90.68998516718021,0.8702960549955209,10.994055264606004,6.661101419790271,8.746369477473442,0.002969568951367693,0.0013049930469383416,7.801959192006098,S,1.0,1.0,1.0,1.7320508075688772,81.03722698995281,75.80077369641835,36.11224489795919,-14.893939393939394,2.801959192006098
9010,29.327224449196294,-95.57838823190987,0.5769495932395237,11.10457000328107,9.224082350892905,6.1828617760480284,0.010468469385626147,0.006613075326972985,35.336417318599615,-90.60612745591368,0.8749449065128503,10.988671133366363,6.6162431582414944,8.773609277161926,0.0019383014249926514,0.001516374209218661,7.799601026090883,S,1.0,1.0,1.0,1.7320508075688772,80.9692335815105,75.71616293477013,36.11224489795919,-14.893939393939394,2.7996010260908832
9020,29.420337763894477,-95.51791148730761,0.5783660782789958,11.104171747262308,9.211720102298942,6.200551826216762,0.010634702127589206,0.006724863777168974,35.40676890752554,-90.52196732976195,0.8796024703564916,10.984687270096435,6.571165000152396,8.802451076977981,0.0016812758545640641,0.0020993481708358884,7.797231294680861,S,1.0,1.0,1.0,1.7320508075688772,80.90121443589808,75.63131828703395,36.11224489795919,-14.893939393939394,2.797231294680861
9030,29.51335554670444,-95.4572967803088,0.5798199835670097,11.10377623165623,9.199303992083482,6.218251576120953,0.010797927703310624,0.006839711828781316,35.476703650623215,-90.4374950250108,0.8842684852589606,10.982161834217772,6.526865409527968,8.832208471206778,0.0015992443182905698,0.0023616685762347565,7.79486563521171,S,1.0,1.0,1.0,1.7320508075688772,80.83316085638359,75.54622895990141,36.11224489795919,-14.893939393939394,2.7948656352117096
9040,29.60626912595295,-95.39653052562144,0.58129481947289,11.103414197354862,9.187181955393614,6.235502750902407,0.011035493034138479,0.007001941164119379,35.54622895653496,-90.35271580438535,0.888946286890573,10.979908854172297,6.482917213753997,8.86172572615195,0.001180095653205108,0.0020860975216088298,7.792508564710453,S,1.0,1.0,1.0,1.7320508075688772,80.76505989387185,75.46089922209795,36.11224489795919,-14.893939393939394,2.7925085647104533
9050,29.69909289718708,-95.33563287714856,0.5827963245322493,11.103147613751446,9.17596145774652,6.251529273602163,0.009510980708492212,0.005978356442948705,35.61534751646412,-90.26761234309485,0.8936326099114922,10.979384958044234,6.4395849866781045,8.892617120751233,0.0014204642141344064,0.0020272368566742935,7.7901797703074145,S,1.0,1.0,1.0,1.7320508075688772,80.6969303569323,75.37531081762772,36.11224489795919,-14.893939393939394,2.7901797703074145
9060,29.79182851589167,-95.27460755031726,0.5843412555489452,11.102861335067647,9.16371724793108,6.268956534042214,0.0083056203657593,0.0051748040014461105,35.684155095496,-90.18209813316446,0.8983547651222624,10.991611281850046,6.402877253873733,8.934130144738187,0.003715968808004018,0.00022185516022368758,7.788014168226816,S,1.0,1.0,1.0,1.7320508075688772,80.62877573489781,75.289375792483,36.11224489795919,-14.893939393939394,2.788014168226816
9070,29.88446911802658,-95.21344636085384,0.5859374553338031,11.102504568283226,9.150259110820286,6.287954030811631,0.00791227787357991,0.004933068701540997,35.7525476063532,-90.0962818551379,0.9030769647795439,10.989281669170374,6.359531488290944,8.962180027973103,0.0027343142093569674,-0.00012045239640109273,7.785866536469823,S,1.0,1.0,1.0,1.7320508075688772,80.56058832067535,75.20320268308372,36.11224489795919,-14.893939393939394,2.7858665364698227
9080,29.977004764545757,-95.15213605988932,0.5875799771319303,11.102089238970445,9.136180963810622,6.307660649287322,0.008156286340735633,0.005136212189316348,35.82050759747173,-90.01017228329194,0.9078002704383014,10.985493790165256,6.3144195431722485,8.989392618334332,0.0021236452211375254,0.00030214899506312583,7.783721271875906,S,1.0,1.0,1.0,1.7320508075688772,80.49235555979799,75.11679941357954,36.11224489795919,-14.893939393939394,2.7837212718759057
9090,30.06943808895633,-95.0906810393346,0.5892705489269534,11.101668545981271,9.122179569066999,6.327154527473351,0.007831342412377677,0.004961115972934442,35.88803350948629,-89.9237734335807,0.9125321299053281,10.981584391497314,6.2684056511246515,9.016778046537796,0.0015875599796736867,0.0008090831031763411,7.781579972872454,S,1.0,1.0,1.0,1.7320508075688772,80.42408149720578,75.03016904394418,36.11224489795919,-14.893939393939394,2.7815799728724544
9100,30.16177123152313,-95.02908611004204,0.5910219820174503,11.101199693873937,9.107439145981798,6.3475339184210045,0.007461709253747059,0.00476856078240072,35.955128074478765,-89.83707677205365,0.9172758322336323,10.978768626092958,6.222333281231694,9.045215811828896,0.0014412327764182482,0.0013833381334882014,7.779456566854756,S,1.0,1.0,1.0,1.7320508075688772,80.35577064571186,74.94330207410884,36.11224489795919,-14.893939393939394,2.7794565668547557
9110,30.253991709330414,-94.9673356698806,0.5928360526664253,11.100623710178212,9.091366670011523,6.369528932846939,0.008214572904879234,0.005363143356513701,36.0217959419223,-89.75007300319811,0.9220299764138048,10.977187616778814,6.17684980255957,9.074424196089906,0.0015169423291729674,0.0017841759141167686,7.777364296383687,S,1.0,1.0,1.0,1.7320508075688772,80.28740823806679,74.85618825415064,36.11224489795919,-14.893939393939394,2.777364296383687
9120,30.34609501450452,-94.90542434794946,0.5947101514861456,11.100005818877234,9.074991942146617,6.391764265762813,0.008879932611445391,0.00590806500904696,36.088041396480484,-89.66275846281167,0.9267924233135513,10.976365131577433,6.131985195291011,9.103809590849357,0.001574270242837157,0.001883894602655374,7.775313102163445,S,1.0,1.0,1.0,1.7320508075688772,80.21898908004417,74.76882298634399,36.11224489795919,-14.893939393939394,2.7753131021634454
9130,30.438079716040527,-94.84335127383132,0.5966472304270687,11.099355082947586,9.058211708754463,6.414396612054632,0.009363444565426943,0.006335074118635849,36.15386641161262,-89.57512347522935,0.9315581599090506,10.976644823035185,6.087834382146865,9.133728926709814,0.00186667067677642,0.0019213960718274497,7.773316003305249,S,1.0,1.0,1.0,1.7320508075688772,80.15051222825905,74.68119567959471,36.11224489795919,-14.893939393939394,2.773316003305249
9140,30.529943971293115,-94.78111565265961,0.5986553818135425,11.098646993749206,9.040618764604035,6.437948232546429,0.009849909464153088,0.006774644189884152,36.219273229593504,-89.48717477922122,0.9363261709571551,10.976740148382643,6.043980616747137,9.162921072971233,0.0017794973709994628,0.0015488394462188913,7.771375514078216,S,1.0,1.0,1.0,1.7320508075688772,80.08197683766109,74.59331216877176,36.11224489795919,-14.893939393939394,2.7713755140782164
9150,30.621674402641144,-94.7187006600996,0.6007316642466872,11.097845432620183,9.02191693577961,6.462753906054425,0.011154204695923913,0.007797026405261079,36.28426051224349,-89.39891136412827,0.9410957122485307,10.977085322532766,6.000087134078789,9.192135582204305,0.0017894735369647305,0.0012510255220098976,7.7694941664301815,S,1.0,1.0,1.0,1.7320508075688772,80.01336685556687,74.5051705430582,36.11224489795919,-14.893939393939394,2.7694941664301815
9160,30.713267073337462,-94.65610138619172,0.6028714070233482,11.097031215681021,9.003093122902856,6.487558556355256,0.012069730105629381,0.008548003076290436,36.34882705978211,-89.31034128654154,0.9458686832948262,10.976965132580052,5.955871446364374,9.220702730066712,0.0015575551959343618,0.0008273038562159574,7.767669367566302,S,1.0,1.0,1.0,1.7320508075688772,79.94467741650509,74.4167779587411,36.11224489795919,-14.893939393939394,2.7676693675663024
9170,30.804712594456877,-94.5933052324606,0.6050660309209231,11.096205443433035,8.983930912913765,6.512661559981861,0.013138797492101267,0.00940323676657164,36.412969410597974,-89.22145900117285,0.9506435105408705,10.977348721742183,5.911512581166095,9.249659667330993,0.0016457493490865604,0.0007000429842859414,7.765904741135668,S,1.0,1.0,1.0,1.7320508075688772,79.87589632808611,74.32812796106313,36.11224489795919,-14.893939393939394,2.7659047411356683
9180,30.896023632217346,-94.53033010264728,0.6073288620077686,11.095433139567994,8.964902283752412,6.537519682371476,0.012674048669596111,0.009163546114514073,36.47668691116308,-89.13227624110229,0.9554223666975709,10.976993150969067,5.866842757225453,9.277636266766068,0.0013299749259356765,0.0003162559088832763,7.764199129666507,S,1.0,1.0,1.0,1.7320508075688772,79.80704034985357,74.23923137946548,36.11224489795919,-14.893939393939394,2.7641991296665074
9190,30.98718176876119,-94.46715377589759,0.6096616575280974,11.094522967434544,8.943963194215362,6.564599169443139,0.013734459400930373,0.010022604504104365,36.53997538895712,-89.04277851965603,0.9602003803191567,10.977827113208443,5.822328718639328,9.306620031977353,0.0016470592713684299,0.000425271716746934,7.762561684715574,S,1.0,1.0,1.0,1.7320508075688772,79.73808825871951,74.15007280552283,36.11224489795919,-14.893939393939394,2.762561684715574
9200,31.078193339883793,-94.4037862970691,0.6120739441781011,11.09360056664452,8.922815882468674,6.591762303043125,0.013655526329586862,0.010068618715312061,36.60283659783987,-88.95298154720433,0.96497851743742,10.977710854250851,5.777844272742986,9.33416579879895,0.0012894947424702129,-2.6610657691571876e-05,7.760989340852614,S,1.0,1.0,1.0,1.7320508075688772,79.66904938336145,74.06066705664394,36.11224489795919,-14.893939393939394,2.760989340852614
9210,31.169034569856354,-94.34019841314993,0.6145573301820815,11.092519541134847,8.899977502003479,6.6207545064207265,0.015204917596731728,0.011303128644097351,36.6652673850686,-88.86288098156462,0.9697560249952929,10.978032365201017,5.73316864367477,9.362049557366454,0.0012533583088647749,-0.00015392946818377367,7.759483320773643,S,1.0,1.0,1.0,1.7320508075688772,79.59989573168646,73.97100887148127,36.11224489795919,-14.893939393939394,2.7594833207736427
9220,31.25970252353985,-94.27638565933391,0.6170995954097372,11.091484859114516,8.877639837680032,6.648950841478903,0.015838174462553953,0.011861405432942193,36.72726679608329,-88.77247657468766,0.9745305053486126,10.978560488643986,5.6886623718432086,9.389776931428672,0.0012080373269964702,-0.00032696308125677615,7.7580457775425025,S,1.0,1.0,1.0,1.7320508075688772,79.53062267186007,73.88109709460448,36.11224489795919,-14.893939393939394,2.7580457775425025
9230,31.35019600655173,-94.21234640701915,0.6196978250550979,11.090500943005827,8.855313906272041,6.677022299513318,0.01591792590580001,0.011999059024660712,36.78883458237832,-88.68177193793224,0.9793007762542557,10.97901799480764,5.644261647786634,9.41706677164577,0.0010379870114806853,-0.0006171820279973687,7.756677350295363,S,1.0,1.0,1.0,1.7320508075688772,79.46122828610653,73.79093443737783,36.11224489795919,-14.893939393939394,2.756677350295363
9240,31.440512393391714,-94.14807786114457,0.6223533734083287,11.089540541810507,8.832557840909596,6.7055075434634555,0.015737239623091672,0.011931400013639744,36.84997007243467,-88.59077225335444,0.9840674213114151,10.97926090564957,5.599741222506482,9.443890526434886,0.0007539454280463846,-0.0009644240328184582,7.7553773602405975,S,1.0,1.0,1.0,1.7320508075688772,79.39170957205269,73.70052518090772,36.11224489795919,-14.893939393939394,2.7553773602405975
9250,31.530657548283255,-94.08358960792994,0.6250811075080505,11.088579581615313,8.809161357001383,6.734632382255886,0.014853269390930346,0.011339142742017506,36.91067199788257,-88.49948408263869,0.9888327636834423,10.979150485129141,5.554858457177654,9.470231934637786,0.0003708782666102166,-0.0013065184939252323,7.754146632317811,S,1.0,1.0,1.0,1.7320508075688772,79.32207538672247,73.60987498124149,36.11224489795919,-14.893939393939394,2.754146632317811
9260,31.620613124893204,-94.0188613769343,0.627881919222452,11.087453063697971,8.783902231594752,6.765698561530085,0.015297150558211643,0.011749319027653618,36.97093727721256,-88.40790070261642,0.9935945970141044,10.979684152845785,5.5099515315748,9.497046815507932,0.00034822675880881904,-0.0013307124148606608,7.752989631337941,S,1.0,1.0,1.0,1.7320508075688772,79.25230617969326,73.51897618911632,36.11224489795919,-14.893939393939394,2.7529896313379414
9270,31.710373519165778,-93.95388713610558,0.6307503587312466,11.086298474419282,8.758411333936706,6.796781942175306,0.015402808400955648,0.0119064788608298,37.03076545822197,-88.31601633309775,0.9983470472520904,10.98089838557723,5.465652009359364,9.524010576797917,0.00045524883535852167,-0.0013780973670624187,7.7519131558978565,S,1.0,1.0,1.0,1.7320508075688772,79.18239582526844,73.42782212539954,36.11224489795919,-14.893939393939394,2.7519131558978565
9280,31.799917956506953,-93.88866753045016,0.6336763584906854,11.083543858294176,8.731520393680638,6.826821813513933,0.014317545341753219,0.011685562232372444,37.090157758569454,-88.2238262040358,1.0030826422457217,10.982787030211519,5.422294302952093,9.550933747187006,0.0005827459890940287,-0.0015997150818998483,7.750939582836284,S,1.0,1.0,1.0,1.7320508075688772,79.1123456674824,73.3364071464133,36.11224489795919,-14.893939393939394,2.750939582836284
9290,31.889259963210733,-93.82318834690727,0.6366566123061389,11.082737934911155,8.706178702807875,6.857808143182,0.014100311881037712,0.011418633256461424,37.149117785089956,-88.13134115316562,1.0077995822067856,10.984180310904899,5.379472375695984,9.576716246271193,0.0002228629805920805,-0.002331055824497895,7.750047018134067,S,1.0,1.0,1.0,1.7320508075688772,79.04214029262299,73.24474125714679,36.11224489795919,-14.893939393939394,2.750047018134067
9300,31.978392503162155,-93.75748216357083,0.6397152115834046,11.079601454271584,8.678144728108181,6.888205315138711,0.011894171445592298,0.010367067988571328,37.20764644919856,-88.03857346212477,1.0125013890690764,10.984847833613678,5.336370841468513,9.601563839811291,-0.0004249076521313544,-0.0031996572901985794,7.749258904412263,S,1.0,1.0,1.0,1.7320508075688772,78.9718121471165,73.15283588164715,36.11224489795919,-14.893939393939394,2.7492589044122626
9310,32.06730096958604,-93.69152308572653,0.6428505044878368,11.076969313438807,8.64881038939695,6.9207895517147735,0.011406238161461777,0.01037250514392234,37.2657415886779,-87.9455262450745,1.0171906333358571,10.985409005549586,5.292821365849657,9.626279292042971,-0.0009485547270746108,-0.003811184415879949,7.748565322884435,S,1.0,1.0,1.0,1.7320508075688772,78.90133564806037,73.06069323572311,36.11224489795919,-14.893939393939394,2.748565322884435
9320,32.15597814086179,-93.62529497488504,0.6460558223705313,11.074821441474658,8.61922517536662,6.954180565449323,0.011485316386468613,0.010619515291862896,37.32340165080098,-87.85220097727652,1.0218677036364543,10.986017706786907,5.249113216721591,9.6508753743831,-0.0013685034049164225,-0.0042596149718063915,7.747959733781255,S,1.0,1.0,1.0,1.7320508075688772,78.83069451848445,72.96831390365685,36.11224489795919,-14.893939393939394,2.747959733781255
9330,32.24442200382866,-93.55879226405143,0.6493280059683733,11.072937273528634,8.589602382736983,6.987751481698449,0.011507395281213046,0.010703892362701245,37.380625203010915,-87.75859150559242,1.0265284980126248,10.987307009555868,5.205760113680484,9.675793350472553,-0.0015023580280140157,-0.004497963610472081,7.747445523636713,S,1.0,1.0,1.0,1.7320508075688772,78.75988275141562,72.87569084372693,36.11224489795919,-14.893939393939394,2.7474455236367126
9340,32.33263812184196,-93.49202756892709,0.6526809137455637,11.070845223169028,8.559326439043579,7.021505883017835,0.01081798880995876,0.010252335892849282,37.43741575616298,-87.66471313736396,1.0311749454157495,10.98770303312163,5.162525838663646,9.69937858366197,-0.0021367193323020795,-0.005184045359828015,7.747021891034511,S,1.0,1.0,1.0,1.7320508075688772,78.68891212963368,72.78283856116168,36.11224489795919,-14.893939393939394,2.747021891034511
9350,32.42061090623927,-93.42497379524167,0.6561100619358606,11.069316926051389,8.52786944011602,7.057281347778552,0.011722639848247651,0.010846556209812407,37.493771091611954,-87.57056161260769,1.0358063591231814,10.988598918706707,5.119210069073904,9.723322192794733,-0.0024021867195406048,-0.005472385454185648,7.746682920490794,S,1.0,1.0,1.0,1.7320508075688772,78.61775579134363,72.6897519031313,36.11224489795919,-14.893939393939394,2.7466829204907937
9360,32.50833606008738,-93.35762750722901,0.6596108317170553,11.067761060334487,8.496244399477819,7.092895459049016,0.012282437162393077,0.011161428543431199,37.54974718763842,-87.47606045000867,1.0404420398667882,10.999021897252963,5.0793092822282135,9.755977650226576,-0.000563067168746044,-0.006197686512556228,7.746525492475636,S,1.0,1.0,1.0,1.7320508075688772,78.54640991955824,72.59635465938169,36.11224489795919,-14.893939393939394,2.7465254924756364
9370,32.595804065760944,-93.28997629496216,0.663173582926822,11.066332163298247,8.464378665263114,7.128674586449286,0.013104804529837002,0.011632083904125429,37.60528331747935,-87.38129086998333,1.04504582079548,10.999682940894296,5.037441385009055,9.778405242819456,-0.0012567840676518589,-0.006567564338368956,7.7464473034259,S,1.0,1.0,1.0,1.7320508075688772,78.47486194898896,72.50272607104986,36.11224489795919,-14.893939393939394,2.7464473034259003
9380,32.683013375994605,-93.22202361830905,0.6667958822877603,11.064677890085493,8.432440045842334,7.1638712777814,0.013239844710421184,0.011608828095541252,37.6603735386361,-87.28626944280772,1.04961587601834,10.99887052337554,4.995233909625274,9.799121949343682,-0.002152034377581267,-0.006844411654740043,7.746437363112933,S,1.0,1.0,1.0,1.7320508075688772,78.4031147792687,72.40888172173611,36.11224489795919,-14.893939393939394,2.746437363112933
9390,32.769959871846055,-93.15376859517362,0.6704789450979933,11.062896783918458,8.399919849543089,7.199238277268321,0.013225395984829028,0.01148781509700355,37.71508036523938,-87.19093756427269,1.0541866210750892,11.006395260470473,4.9553581710687,9.827775029279493,-0.0013650526185479761,-0.007878080699390244,7.746584447177587,S,1.0,1.0,1.0,1.7320508075688772,78.33116707800372,72.31476354090047,36.11224489795919,-14.893939393939394,2.746584447177587
9400,32.856643435382956,-93.0852186031356,0.6742332725401491,11.060806840846965,8.36644647190804,7.2349168207536785,0.012776446080448723,0.011089250422686683,37.76933652012963,-87.09536122680821,1.0587259419522164,11.005234021727777,4.912534161258074,9.84795328926102,-0.002225965057555655,-0.007573834026145342,7.746802226316446,S,1.0,1.0,1.0,1.7320508075688772,78.25902558333836,72.22043524745703,36.11224489795919,-14.893939393939394,2.746802226316446
9410,32.94309008074578,-93.01641406165687,0.6780942659819709,11.05832187909298,8.332400052103981,7.270322699394028,0.009707617565829598,0.008504212531652348,37.8231960385371,-86.99948644900836,1.063257158389417,11.011528781146353,4.8724283336410625,9.874877631218844,-0.0015118512314118316,-0.00802939774945409,7.74718349176799,S,1.0,1.0,1.0,1.7320508075688772,78.18672899196913,72.12584328738355,36.11224489795919,-14.893939393939394,2.7471834917679896
9420,33.0292277742737,-92.94725391948141,0.6820032486802414,11.056823130720263,8.296321695342126,7.309198592966687,0.01281542698640688,0.010901502368283984,37.87660363037999,-86.90340333719875,1.0677603969331153,11.007648568913998,4.82911390039231,9.891814088111046,-0.0032793305651091205,-0.008096849625488593,7.74759204858649,S,1.0,1.0,1.0,1.7320508075688772,78.11417862979887,72.03107564886311,36.11224489795919,-14.893939393939394,2.7475920485864904
9430,33.11510339553334,-92.87781339744296,0.6860051474799637,11.054284946569036,8.260782885560172,7.345521206665934,0.010837963157948959,0.0092086154689874,37.92960624405774,-86.80703234460255,1.0722589068587012,11.013123733379015,4.787915606300565,9.917900912676009,-0.002308126869676325,-0.007753764440479859,7.748149473905091,S,1.0,1.0,1.0,1.7320508075688772,78.0414470764086,71.93605313049231,36.11224489795919,-14.893939393939394,2.748149473905091
9440,33.20052481367386,-92.80815517375429,0.6900502731106194,11.033487070522431,8.210505922295612,7.370578636398526,0.008264652066500537,0.012182493704072643,37.98215107160972,-86.71044220190336,1.076722402236336,11.01035876988667,4.744934582636841,9.935471606728955,-0.0034398541472710374,-0.007198232741143586,7.748938840748503,S,1.0,1.0,1.0,1.7320508075688772,77.96860351726704,71.84084231594555,36.11224489795919,-14.893939393939394,2.7489388407485027
9450,33.28566663945095,-92.73816657326334,0.6941799449985535,11.033082716621918,8.173858201495044,7.410597569270206,0.009308100051036657,0.0117751693554927,38.034077664373605,-86.61330519375673,1.080954105077006,11.028817690545143,4.709618779600321,9.972678206084737,0.006793542263396042,0.005063741934366421,7.749924785427187,S,1.0,1.0,1.0,1.7320508075688772,77.89552779073821,71.74511043904019,36.11224489795919,-14.893939393939394,2.7499247854271873
9460,33.37052974982723,-92.66780594787679,0.6983810642545538,11.035566331523254,8.138353978493273,7.45324887402751,0.011707171191638903,0.012005872647193855,38.085535058022195,-86.51555499189959,1.0847688877057051,11.058898232140985,4.709003778258025,10.006223739513455,0.010840715890907002,0.0012278200299198835,7.751223573193398,S,1.0,1.0,1.0,1.7320508075688772,77.82217756336016,71.64879409255802,36.11224489795919,-14.893939393939394,2.751223573193398
9470,33.45512782889883,-92.5971019696237,0.702664064777654,11.037364968129726,8.103110850749971,7.49419908863885,0.011964015090049806,0.010719711140224655,38.13672671107995,-86.41724824078784,1.0881376904366096,11.093011965840196,4.73097256125507,10.033584259820884,0.007923733282650006,-0.016548080576574635,7.752932361593637,S,1.0,1.0,1.0,1.7320508075688772,77.74858034319287,71.5519547951929,36.11224489795919,-14.893939393939394,2.752932361593637
9480,33.539258903896,-92.52614729451936,0.7069911584622708,11.01845330717108,8.051239238586515,7.522224405410555,0.010728822000346534,0.014107970143870342,38.18771276804313,-86.31851102356953,1.0911024942117518,11.119354209027472,4.7541297705614465,10.051780347305563,0.0009526786035755942,-0.037116034171995,7.755183518106863,S,1.0,1.0,1.0,1.7320508075688772,77.67483479508995,71.4547199235706,36.11224489795919,-14.893939393939394,2.755183518106863
9490,33.62310193866333,-92.45482396502298,0.7114091071908604,11.020614663347951,8.012874769241563,7.566226634885571,0.012931992721975073,0.013865254384745718,38.238508857656,-86.21947638428075,1.0937295452291953,11.135406744101038,4.771529917381915,10.061301387201372,-0.008558617046933134,-0.05683931607673983,7.757676229422917,S,1.0,1.0,1.0,1.7320508075688772,77.60081602741536,71.35722265746377,36.11224489795919,-14.893939393939394,2.757676229422917
9500,33.706488979747604,-92.38322224407355,0.7158759828739121,11.004729483722027,7.961494580437038,7.597280767193783,0.01234027878202846,0.016703045514578158,38.289090563463716,-86.12028969709932,1.0960820316253852,11.138230342470388,4.780009309930245,10.06040188853846,-0.018459656461678547,-0.07019875572013043,7.760448528469634,S,1.0,1.0,1.0,1.7320508075688772,77.52661877165872,71.259607314101,36.11224489795919,-14.893939393939394,2.7604485284696336
9510,33.789596165735354,-92.3112239912775,0.7204284100884071,11.009659832794013,7.924139906333536,7.643338039017394,0.014780684061377971,0.015722380143127743,38.33941676590199,-86.02103966172568,1.098200580565091,11.13187550675622,4.780352644454303,10.05320251922629,-0.027661274669426306,-0.0781293597677529,7.763200782759644,S,1.0,1.0,1.0,1.7320508075688772,77.45211844461419,71.16196095550684,36.11224489795919,-14.893939393939394,2.763200782759644
9520,33.872262138678416,-92.23892118218635,0.725022087281902,10.996936618132995,7.874652974526846,7.6760963721158335,0.01424947164567981,0.01760074490356163,38.38947939942408,-85.92177973543563,1.1001053699062202,11.120691066639536,4.777976724715655,10.041947431534972,-0.036073650674006474,-0.08279276002222717,7.766049693314758,S,1.0,1.0,1.0,1.7320508075688772,77.37741098399538,71.0643363477894,36.11224489795919,-14.893939393939394,2.7660496933147583
9530,33.954486297179145,-92.16632536890228,0.7296634569127148,10.983611686529926,7.824424966388157,7.708313669398676,0.013228142178971697,0.018719989577875115,38.43929761172314,-85.82253237271132,1.1018045320582084,11.108471165778578,4.776824390932136,10.028962078855914,-0.04342759263376633,-0.08569073556871966,7.768992348148071,S,1.0,1.0,1.0,1.7320508075688772,77.3025067927482,70.9667561346926,36.11224489795919,-14.893939393939394,2.768992348148071
9540,34.03628431420603,-92.09342222148598,0.7343659954494347,10.972644062164926,7.774490018969657,7.7431403616300525,0.012741086298110871,0.019387828102449454,38.488902546027575,-85.72321298704517,1.1032998379925512,11.10508747589542,4.779198857476969,10.024082308519825,-0.04513575821656288,-0.0829606919526029,7.772089475096421,S,1.0,1.0,1.0,1.7320508075688772,77.2273899674588,70.86913643683796,36.11224489795919,-14.893939393939394,2.772089475096421
9550,34.1176669479586,-92.02022410201062,0.7391510434006388,10.961896102939571,7.723613183746539,7.778750899694526,0.011676788867635457,0.019261725924718875,38.53835909485671,-85.6238377253052,1.1046274611987232,11.103214605336964,4.783789364156653,10.01981705878654,-0.04697469095216872,-0.08160090165842779,7.775363511614705,S,1.0,1.0,1.0,1.7320508075688772,77.1520714826834,70.77149530751579,36.11224489795919,-14.893939393939394,2.775363511614705
9560,34.19864854251453,-91.94665502170368,0.7440082583254028,10.957526817998808,7.675051988961623,7.820547994475793,0.013677104391981908,0.0199642059505589,38.58771494243446,-85.52440492225683,1.1058186063556854,11.103632577184332,4.78965128210815,10.01747957347101,-0.04752041443064806,-0.0794233752076258,7.778765982001968,S,1.0,1.0,1.0,1.7320508075688772,77.07647395038697,70.67383258807982,36.11224489795919,-14.893939393939394,2.7787659820019677
9570,34.27923901934619,-91.87272312034634,0.7489321047344857,10.953468153812395,7.6277426895252045,7.861043573150902,0.014260509751610317,0.019279888499965876,38.63699847294239,-85.4249149327512,1.1068939686397736,11.105305187396898,4.796091846054365,10.016252108919547,-0.04695206882861001,-0.07612472398461265,7.782306719696029,S,1.0,1.0,1.0,1.7320508075688772,77.00060424794057,70.57614959085583,36.11224489795919,-14.893939393939394,2.782306719696029
9580,34.359495309832134,-91.79846523393415,0.7539542642372806,10.951103420022855,7.582848991700251,7.901080134077033,0.011575789276404565,0.014775525986414219,38.68621907501686,-85.32536795105803,1.1078601076870938,11.107396708938687,4.802907399830828,10.015305395163557,-0.04515432302741725,-0.07107258118069826,7.78598272370242,S,1.0,1.0,1.0,1.7320508075688772,76.92449691608715,70.47844685902682,36.11224489795919,-14.893939393939394,2.7859827237024204
9590,34.43933187874762,-91.7238070734846,0.759017506050301,10.947991411012573,7.5349203117164745,7.942511682817193,0.01390511620012828,0.015689817356382783,38.73539446868683,-85.22577398589324,1.1087254217299365,11.109393589477365,4.810598371983483,10.0138288995464,-0.042838712246984684,-0.06542618957318479,7.789774565679494,S,1.0,1.0,1.0,1.7320508075688772,76.84807873737816,70.38073508240991,36.11224489795919,-14.893939393939394,2.789774565679494
9600,34.51880566193218,-91.64878357629507,0.7641612099560745,10.946753274768284,7.4887328872483385,7.9843776840837934,0.013166041821211661,0.0128758716089058,38.78454049635491,-85.12614541536183,1.1095058315535744,11.111014870120464,4.818108105292745,10.012017065993765,-0.04004396168857994,-0.05910346952681406,7.793670653554081,S,1.0,1.0,1.0,1.7320508075688772,76.77138238990236,70.2830272996314,36.11224489795919,-14.893939393939394,2.7936706535540807
9610,34.59784360965073,-91.57331643815532,0.7693244817783996,10.946046264420927,7.441093619747581,8.027830003493793,0.016842963465941614,0.01472555403194683,38.833663565852596,-85.02649100844769,1.110216662137421,11.112167809955151,4.824588046890623,10.010176003168157,-0.03665305876240874,-0.051803098173905465,7.797633866015023,S,1.0,1.0,1.0,1.7320508075688772,76.6943301369212,70.18533262390106,36.11224489795919,-14.893939393939394,2.7976338660150226
9620,34.67650776402454,-91.49749648609502,0.7745613838904519,10.943630542448261,7.394226707160713,8.067741992200647,0.01486946759494119,0.01139760979700883,38.88276080094288,-84.9268144010719,1.1108641541500344,11.112889277762703,4.830155788363849,10.00829172036609,-0.03269599142763273,-0.04358573123782574,7.801693897675592,S,1.0,1.0,1.0,1.7320508075688772,76.61701051521722,70.08765469134582,36.11224489795919,-14.893939393939394,2.801693897675592
9630,34.75477325215821,-91.4213369256346,0.7798754469859966,10.938849621077042,7.3445662846190745,8.106526822466826,0.013052440760508023,0.00915505915278017,38.931831554973805,-84.82711900671121,1.1114485197862847,11.113283288468475,4.835653707190651,10.00607408896646,-0.028551376678369968,-0.03524735881837517,7.80586484813637,S,1.0,1.0,1.0,1.7320508075688772,76.5394362550657,69.98999699720396,36.11224489795919,-14.893939393939394,2.8058648481363697
9640,34.8326142277855,-91.3448048579934,0.7852629264080435,10.934941572838328,7.292771891006716,8.147909262327993,0.013455832373610564,0.008994851310898881,38.98088199333514,-84.72741037178557,1.1119726026668764,11.113455346767015,4.841388609782562,10.003491694086222,-0.024542560138430772,-0.027463863356532583,7.810123894074407,S,1.0,1.0,1.0,1.7320508075688772,76.4615739103959,69.89236544572412,36.11224489795919,-14.893939393939394,2.8101238940744073
9650,34.91001703517666,-91.26787657273192,0.7907140579769559,10.932062672041631,7.240498909930002,8.190553693172914,0.014803394233971368,0.009657322877214932,39.02992248810744,-84.62769530521945,1.1124467629862105,11.113480615516027,4.84688600592943,10.000857335097624,-0.02076817589275249,-0.02043308839962081,7.814449961866308,S,1.0,1.0,1.0,1.7320508075688772,76.38339892950692,69.79476739709102,36.11224489795919,-14.893939393939394,2.814449961866308
9660,34.98697546542461,-91.19054510726099,0.7962217439761197,10.92953348721041,7.188187162263683,8.233144452049979,0.016105513510535838,0.01036220067636175,39.07894459193663,-84.52797088851736,1.1128725061599507,11.113401667750795,4.85138947068897,9.998585741616377,-0.016757987490990132,-0.01318479923877397,7.8188302547500586,S,1.0,1.0,1.0,1.7320508075688772,76.30490334617988,69.69719972324657,36.11224489795919,-14.893939393939394,2.8188302547500586
9670,35.063485059071176,-91.11281332061645,0.8017847044031289,10.926801520960488,7.135465088674752,8.275272167534325,0.017017661906347153,0.010915364102743668,39.127953231916514,-84.42824015910548,1.1132510807118123,11.113265670124647,4.856131507582655,9.996132283830283,-0.013180451763846149,-0.007061421950971101,7.8232614605205075,S,1.0,1.0,1.0,1.7320508075688772,76.22608897123318,69.59966580132463,36.11224489795919,-14.893939393939394,2.8232614605205075
9680,35.13954065482048,-91.0346811017552,0.80740370576071,10.924058958441151,7.08209060569364,8.317394831330557,0.017775308478522114,0.01148886384606308,39.17695890586359,-84.32850876627222,1.1135933051051623,11.113087964527425,4.860551901143083,9.993786035513201,-0.010069973137441875,-0.0020925554247639318,7.827738723734538,S,1.0,1.0,1.0,1.7320508075688772,76.14695464272317,69.50217187880926,36.11224489795919,-14.893939393939394,2.827738723734538
9690,35.21513713035819,-90.95613986518643,0.8130761859092042,10.921922069855928,7.028390850974601,8.360030128291555,0.018668017406413807,0.012199791352203159,39.22596986418936,-84.22878131054216,1.113917164174229,11.112866830658408,4.863634410970847,9.992040307783396,-0.007233824326892203,0.0021604466148281085,7.83224950710312,S,1.0,1.0,1.0,1.7320508075688772,76.06749070973002,69.40472308687372,36.11224489795919,-14.893939393939394,2.8322495071031204
9700,35.290268596947975,-90.87720877590371,0.8188081238602766,10.918342221700554,6.973433461533448,8.40127505964033,0.018605279485144136,0.012506073800352133,39.27497950992358,-84.12905514870825,1.1142340828882635,11.112597553399768,4.86473964836934,9.991202757296533,-0.00428369569030588,0.006528316014073063,7.836804095817262,S,1.0,1.0,1.0,1.7320508075688772,75.98771526379498,69.3073166686026,36.11224489795919,-14.893939393939394,2.8368040958172616
9710,35.364927198146475,-90.79785776708738,0.8245933444804315,10.916796068865128,6.918285536885797,8.444747577003465,0.019750509095579436,0.013627332426812504,39.3239685616708,-84.02932125100904,1.114537274529916,11.112290343840947,4.864729131010757,9.990866187058861,-0.0011826394309320727,0.011112674598615138,7.841370740347794,S,1.0,1.0,1.0,1.7320508075688772,75.90759717012499,69.2099428797256,36.11224489795919,-14.893939393939394,2.841370740347794
9720,35.43911039811364,-90.71808133177083,0.83042268926451,10.915782333413809,6.863657575103641,8.487903665934917,0.020501558632463675,0.014350973519958584,39.37293895304233,-83.92958066405983,1.114821592724913,11.111971258570382,4.865362396179892,9.990202901099302,0.001215665837511422,0.014199681946221718,7.845938338725656,S,1.0,1.0,1.0,1.7320508075688772,75.82712977993623,69.1126029845325,36.11224489795919,-14.893939393939394,2.845938338725656
9730,35.51281549174181,-90.63787293285115,0.8362879602626453,10.915388906361535,6.809475406630129,8.530929589653164,0.02104913615085243,0.014839447196254064,39.42189118879724,-83.8298337279287,1.1150877220315343,11.111645293113,4.865870868842581,9.989592674764545,0.003153701965641448,0.01632112577876907,7.850494928415055,S,1.0,1.0,1.0,1.7320508075688772,75.74630541194811,69.01529747959795,36.11224489795919,-14.893939393939394,2.8504949284150554
9740,35.58603889510165,-90.55725105343754,0.8421913514465412,10.913741600592946,6.754627213284622,8.572325643258537,0.020544296987566154,0.014716624512330129,39.47083364852723,-83.73008460707254,1.115345306108942,11.111317218476895,4.865975285374933,9.989176885596804,0.004502206428180814,0.017246889522030663,7.855051366007418,S,1.0,1.0,1.0,1.7320508075688772,75.66514140632918,68.91803106734112,36.11224489795919,-14.893939393939394,2.8550513660074177
9750,35.658773067045914,-90.47620930480952,0.8481334004856287,10.91248083995587,6.698965719432708,8.614296046240192,0.020319814637777583,0.014912539203541632,39.51976267952718,-83.63033164364262,1.1156028131435134,11.110983166343576,4.86471208989111,9.989420564038618,0.005751591542025225,0.018009980632189414,7.859598064745562,S,1.0,1.0,1.0,1.7320508075688772,75.5836302487586,68.82080206548572,36.11224489795919,-14.893939393939394,2.859598064745562
9760,35.731012278937385,-90.3947441993546,0.8541114977552354,10.911484761056835,6.6429439557423215,8.656315341508886,0.020023125675705942,0.015074853567024578,39.56867673349191,-83.53057413875726,1.1158665724077605,11.1106489828237,4.862513198513182,9.990119429406558,0.0067571597518181516,0.01833776303752846,7.86412735696417,S,1.0,1.0,1.0,1.7320508075688772,75.50176729438336,68.72360984499595,36.11224489795919,-14.893939393939394,2.86412735696417
9770,35.80275160403521,-90.31285532917639,0.8601229857486825,10.910573308327132,6.586642689107848,8.698088755721143,0.01953360421390623,0.015103674674222531,39.6175724031463,-83.43081045146674,1.1161415374277088,11.110318453523531,4.8593710791499785,9.991280641330533,0.007598417052728672,0.01841434277935245,7.868633898469298,S,1.0,1.0,1.0,1.7320508075688772,75.41955095958427,68.62645273708056,36.11224489795919,-14.893939393939394,2.868633898469298
9780,35.873985897980475,-90.23055611795091,0.8661713118144414,10.908708744486358,6.529425890293196,8.738794196867325,0.018438941366456754,0.01481777430411917,39.6664410038627,-83.33103631562525,1.1164269870198142,11.109996488937515,4.855442095225725,9.992832633648677,0.00837956535340292,0.018470002196209798,7.873124489858904,S,1.0,1.0,1.0,1.7320508075688772,75.33699348110251,68.52932616790746,36.11224489795919,-14.893939393939394,2.8731244898589043
9790,35.944707311631,-90.14785132861864,0.8722615385146609,10.90641191427357,6.470903276641265,8.779363964898698,0.017329641386779802,0.014693249043039898,39.715280169903224,-83.23125043917243,1.1167217358610007,11.1096930351945,4.851362730341368,9.994476424250744,0.008852792206862728,0.018009402506096207,7.877600367080533,S,1.0,1.0,1.0,1.7320508075688772,75.25409842869219,68.43222884039217,36.11224489795919,-14.893939393939394,2.8776003670805332
9800,36.01490773662346,-90.06475201731541,0.878401184801743,10.90319230900451,6.410781741952769,8.819380929758058,0.015992534599265203,0.014603199930035917,39.764092097627774,-83.1314537283572,1.1170296935052504,11.109411734037353,4.846991947360488,9.996284216577148,0.008995874414159067,0.016999126076169387,7.882068798004128,S,1.0,1.0,1.0,1.7320508075688772,75.17087564330807,68.3351618898324,36.11224489795919,-14.893939393939394,2.882068798004128
9810,36.08457764726185,-89.98124100718309,0.8845886247401521,10.901124101961571,6.349881095707646,8.860785335213924,0.015515358731883646,0.015159013162262645,39.812872099968246,-83.03164377799094,1.1173535252484823,11.109150282566436,4.841845368274081,9.998487557144268,0.009091877321750813,0.016030881406045267,7.886512611672949,S,1.0,1.0,1.0,1.7320508075688772,75.08730671048863,68.23812277910821,36.11224489795919,-14.893939393939394,2.8865126116729494
9820,36.153712317842356,-89.89729652002188,0.8908117470634939,10.900798431890806,6.289688082498451,8.90321460359066,0.01558161267465143,0.015825211001054083,39.861634338469145,-82.93182732111427,1.1177088025256539,11.108912376804424,4.836207930605144,10.000951307124259,0.008677717573397338,0.014158573311776734,7.890909128356485,S,1.0,1.0,1.0,1.7320508075688772,75.00336858921459,68.14111911883614,36.11224489795919,-14.893939393939394,2.890909128356485
9830,36.22231149750007,-89.81291789595836,0.8970607481643058,10.900836724875154,6.23036817477066,8.944873040417722,0.015203191044445155,0.015853873871982026,39.910353836921,-82.83199233001082,1.1180941186652282,11.108677120308025,4.82840350072242,10.004460355134928,0.009004760202783827,0.01396868159900189,7.895250347814273,S,1.0,1.0,1.0,1.7320508075688772,74.91905935369394,68.04413764797572,36.11224489795919,-14.893939393939394,2.8952503478142733
9840,36.29037361961718,-89.72811377835295,0.9033333109811837,10.900484792991017,6.171061314159041,8.98546442756957,0.01430412206139091,0.01537068444477418,39.95903075537679,-82.7321386549086,1.1185051415793406,11.108469519955847,4.821049445183347,10.007775842957585,0.008924116144567026,0.013086274478633116,7.899538790816343,S,1.0,1.0,1.0,1.7320508075688772,74.83438638512577,67.94717831083047,36.11224489795919,-14.893939393939394,2.899538790816343
9850,36.3578938956883,-89.64287472294852,0.9096243611251732,10.900995172708624,6.111794027610019,9.026498186976344,0.013718745911977127,0.015000995290794602,40.00765404404306,-82.63226076944379,1.1189342804557445,11.10828592507052,4.813504820786517,10.01120310119542,0.008918696497345419,0.012506656062737305,7.903762214641441,S,1.0,1.0,1.0,1.7320508075688772,74.74933896865225,67.8502350414979,36.11224489795919,-14.893939393939394,2.903762214641441
9860,36.42486968001319,-89.55719109830527,0.9159242887166714,10.902485378451791,6.053228169669827,9.067668727587636,0.01322608805020859,0.014451769305172567,40.05622455130186,-82.53235875368492,1.1193763812502382,11.108138842245417,4.806585707605887,10.01436380276052,0.008557462360398095,0.011330087837624835,7.907907920003634,S,1.0,1.0,1.0,1.7320508075688772,74.66390620188479,67.75330802987246,36.11224489795919,-14.893939393939394,2.907907920003634
9870,36.49130021857117,-89.4710549330531,0.9222213155521393,10.904926130409912,5.995779457823899,9.10867952026164,0.012674816795285065,0.01355288767096319,40.104751831555106,-82.43243695372615,1.1198381770765415,11.108025630572364,4.799770416767974,10.017506543834726,0.007818942592584126,0.009505491924679239,7.9119640809523855,S,1.0,1.0,1.0,1.7320508075688772,74.5780788507615,67.65640224138536,36.11224489795919,-14.893939393939394,2.9119640809523855
9880,36.5571876817489,-89.38449809452291,0.928518715857581,10.90535884420246,5.938129778588792,9.14688287087256,0.010751597635461397,0.011562209999331767,40.15322809245982,-82.33249156715814,1.1203224755966406,11.107928212836645,4.791913782587749,10.02115918852594,0.007340375081133357,0.008351918402715795,7.915952418847731,S,1.0,1.0,1.0,1.7320508075688772,74.4918875422413,67.55951350030715,36.11224489795919,-14.893939393939394,2.9159524188477306
9890,36.622525206660626,-89.29751780242424,0.9348185939600547,10.906094968038062,5.879647896900675,9.185458511165166,0.00929525519424531,0.010065651599542763,40.201660333566934,-82.23252584207894,1.1208366628519486,11.107851940775511,4.783852929959233,10.024925230779068,0.0066114896422784005,0.00679970568675916,7.919868664087701,S,1.0,1.0,1.0,1.7320508075688772,74.40532820961816,67.46264554135533,36.11224489795919,-14.893939393939394,2.9198686640877014
9900,36.68730993022573,-89.21013671135256,0.9411280880828072,10.90530232007541,5.820116950505103,9.22235638948557,0.007188441828559955,0.008192551102324353,40.250028117105806,-82.13253003805009,1.1213739536911072,11.107777986603814,4.774671646741342,10.029219434506587,0.006465907141981081,0.006578957003425858,7.923728737223511,S,1.0,1.0,1.0,1.7320508075688772,74.31842223508264,67.36578747238795,36.11224489795919,-14.893939393939394,2.9237287372235112
9910,36.751532598669364,-89.1223301458407,0.9474412785997643,10.906429687453706,5.760393103400988,9.261105755883682,0.006340659000532365,0.007318567767519646,40.29833905517947,-82.03250752305402,1.1219322196771497,11.10773413226784,4.766409477789522,10.033100131224955,0.005847566487497035,0.005469906600742825,7.92751038236593,S,1.0,1.0,1.0,1.7320508075688772,74.23114361493583,67.26894316637419,36.11224489795919,-14.893939393939394,2.92751038236593
9920,36.815195753151784,-89.03413303310694,0.9537637199060213,10.905272955496134,5.7002511882297435,9.296887362174544,0.004169672781582166,0.005374697463119434,40.346582676107836,-81.9324532156864,1.1225061795713702,11.107703708255757,4.757780192646075,10.037161416897876,0.005495838169521434,0.0050071388484703135,7.931238858386711,S,1.0,1.0,1.0,1.7320508075688772,74.14352603402455,67.17210694810771,36.11224489795919,-14.893939393939394,2.9312388583867106
9930,36.87829111149345,-88.94553561852354,0.9600970586675167,10.904926280275056,5.639206588231875,9.333636281400501,0.0029131775337559963,0.004318626298313845,40.39477779887415,-81.83237588743023,1.1231060976544436,11.107701486962545,4.749714938481562,10.04097805627694,0.004553354771879446,0.0033804955980902733,7.9349051653169145,S,1.0,1.0,1.0,1.7320508075688772,74.05555840185202,67.07528880474929,36.11224489795919,-14.893939393939394,2.9349051653169145
9940,36.9408172582,-88.85655934893539,0.9664477302002389,10.90318615446383,5.577308456433159,9.36872983390443,0.001112314408601726,0.002891196607181678,40.44291311949445,-81.73227043546432,1.1237377644905144,11.107686794819589,4.739965813785203,10.045567680124257,0.004178666861634753,0.003016302874750133,7.938524292606441,S,1.0,1.0,1.0,1.7320508075688772,73.96726088455168,66.97848299014758,36.11224489795919,-14.893939393939394,2.9385242926064414
9950,37.00276780253888,-88.76721299290809,0.9728240448300772,10.90085803538316,5.51392892572446,9.403472428291408,-0.00041158968969990826,0.0019216362959006612,40.49099086733033,-81.63213803354793,1.124406137973889,11.1076704543288,4.729847375123699,10.050317742738505,0.00373375706878269,0.002562422831352188,7.942102670290241,S,1.0,1.0,1.0,1.7320508075688772,73.8786409138099,66.88169087219708,36.11224489795919,-14.893939393939394,2.9421026702902413
9960,37.0641343665083,-88.67748376471813,0.9792249556891327,10.899580651603648,5.44989224830079,9.439254889170202,-0.0010393943588225666,0.0017336878902770552,40.539000443095745,-81.53197392143487,1.1251106304913545,11.107637793552252,4.71881243307665,10.055467496550897,0.003638889706621112,0.002895250764591377,7.945628053884492,S,1.0,1.0,1.0,1.7320508075688772,73.78968432968806,66.78490705499317,36.11224489795919,-14.893939393939394,2.9456280538844917
9970,37.12491431704307,-88.58737202677584,0.9856471948047056,10.898529454937101,5.385933391390421,9.474685524260806,-0.0015623138294328046,0.001497531961476353,40.5869393963109,-81.43177703093413,1.125849621767525,11.10760153522748,4.707713914472305,10.060628288773605,0.0035088365413568556,0.003187715971168455,7.949097898126199,S,1.0,1.0,1.0,1.7320508075688772,73.7003901791758,66.68813034011865,36.11224489795919,-14.893939393939394,2.9490978981261993
9980,37.185102235666506,-88.49685111198309,0.9920771019545834,10.899787949986356,5.3229669109860716,9.511645526364783,-0.001084481732430424,0.0018143753384789376,40.63479617759749,-81.33154200462216,1.1266157188554256,11.10755935212355,4.696368824627155,10.065882704662194,0.0035897267752082462,0.0039477807058198675,7.952486585780874,S,1.0,1.0,1.0,1.7320508075688772,73.61073044224739,66.59135462454537,36.11224489795919,-14.893939393939394,2.952486585780874
9990,37.24470374097303,-88.405940637364,0.9985105994467561,10.90005878903481,5.260915049693313,9.546415790459024,-0.001540302034698981,0.0010287875217330621,40.68258166974722,-81.23127385138307,1.1274126362107406,11.107532737222353,4.685578908620411,10.070880487800352,0.0032227985458421,0.003762565938907425,7.955805939250321,S,1.0,1.0,1.0,1.7320508075688772,73.52072353999505,66.49458565271537,36.11224489795919,-14.893939393939394,2.955805939250321
10000,37.30371660777753,-88.31464507777524,1.0049482906404252,10.900282652525398,5.198609081063664,9.580742430899003,-0.001883925221902428,0.00035021772431848355,40.73027545117225,-81.13096322900483,1.1282325350888145,11.107488324999833,4.673781159738572,10.076312150825835,0.003418106871184698,0.004773888668091555,7.959057130816434,S,1.0,1.0,1.0,1.7320508075688772,73.43037265292709,66.39781271034036,36.11224489795919,-14.893939393939394,2.9590571308164337
10010,37.3621363476248,-88.22295507275226,1.0113848333252822,10.901494501423585,5.136496305594972,9.615559685591778,-0.0017488308681106984,-2.195356901421206e-06,40.777894549345824,-81.03061787284918,1.1290802003035798,11.107469916998074,4.662973335486751,10.081297913937311,0.002924193459873618,0.00429807102565667,7.962230748335175,S,1.0,1.0,1.0,1.7320508075688772,73.3396670912783,66.30104468929711,36.11224489795919,-14.893939393939394,2.962230748335175
10020,37.41996412843907,-88.13088238744878,1.017818336185892,10.902181734991629,5.074692483400761,9.649096474888252,-0.002025379790124939,-0.0008293425863119357,40.82542781196234,-80.93023297384116,1.1299581803675895,11.107426597219257,4.650840597218024,10.08685319373106,0.0028723089994219676,0.004753208004771272,7.965333318668069,S,1.0,1.0,1.0,1.7320508075688772,73.24861738367701,66.20427601712616,36.11224489795919,-14.893939393939394,2.965333318668069
10030,37.477194749432336,-88.03841068791525,1.0242398597856406,10.904416511159122,5.01344118134368,9.683579243753156,-0.0016067468144714504,-0.001151409175338614,40.87287198104192,-80.82980715285785,1.13086481293601,11.107375242832296,4.638562483489868,10.092448804519352,0.0027837352094547928,0.005105572025795178,7.968349188314582,S,1.0,1.0,1.0,1.7320508075688772,73.15720585815382,66.10750507579124,36.11224489795919,-14.893939393939394,2.9683491883145816
10040,37.5338309074319,-87.94554535182317,1.0306416941062282,10.906710151639551,4.9533030384561645,9.71705281148035,-0.0015578786319111223,-0.0020594588877862977,40.92022700277014,-80.72934055183758,1.1318014714841673,11.107315534684222,4.6260972602462305,10.098102917171113,0.00263363705386423,0.005295596730523402,7.971279083676419,S,1.0,1.0,1.0,1.7320508075688772,73.06543669758122,66.01073198762126,36.11224489795919,-14.893939393939394,2.9712790836764187
10050,37.58986919323423,-87.85226117731078,1.037006799611736,10.911375256922469,4.894816526770717,9.75186552238248,-0.0007557977224324069,-0.0025868841353794284,40.9674826407806,-80.62882868565104,1.1327640531660497,11.107237600216997,4.613127920190745,10.103948629106883,0.0026952035015030216,0.005907981015852214,7.974098667724879,S,1.0,1.0,1.0,1.7320508075688772,72.97328340566807,65.91395151053307,36.11224489795919,-14.893939393939394,2.9740986677248786
10060,37.64531853472575,-87.75857177160243,1.0433248555167978,10.915660026074526,4.838332841805753,9.784792747766566,-0.0008520089688294053,-0.004332558182321143,41.01464941344127,-80.52827646796068,1.1337585344665877,11.107163226095413,4.6004158558012715,10.109661165678032,0.002367990887429882,0.0056380188849215855,7.9768139471928174,S,1.0,1.0,1.0,1.7320508075688772,72.88075854646225,65.81716928871724,36.11224489795919,-14.893939393939394,2.9768139471928174
10070,37.70018854783485,-87.66451989160532,1.0496060887138676,10.91719129125085,4.781641886773191,9.814324559358099,-0.002281153851331983,-0.007156846441112115,41.06171422680005,-80.42767842048553,1.134785216650451,11.107050437874985,4.58644289299994,10.11588409476647,0.002467901063920237,0.006258587603658749,7.979456708853158,S,1.0,1.0,1.0,1.7320508075688772,72.78790387833996,65.72037885950289,36.11224489795919,-14.893939393939394,2.9794567088531583
10080,37.75448594648428,-87.57018365310628,1.0558896870910839,10.912913404722893,4.721209804555221,9.838793470764202,-0.0054408081228585845,-0.010657698083669457,41.1086743439916,-80.32703345555545,1.1358414807574932,11.106926897696312,4.572474767241543,10.122069927327573,0.002477106225271368,0.0066375994583031065,7.982092745029552,S,1.0,1.0,1.0,1.7320508075688772,72.69479648007517,65.62357888507358,36.11224489795919,-14.893939393939394,2.9820927450295516
10090,37.808192516525374,-87.47557752414929,1.0622083857286244,10.907219489246904,4.655509030272857,9.863755504657208,-0.007481370869825363,-0.011817611140080593,41.155535450063496,-80.22634442493663,1.136933502058317,11.106792805772798,4.558297349847024,10.128315343666191,0.0022957139904785807,0.0065558313820231525,7.984740774842224,S,1.0,1.0,1.0,1.7320508075688772,72.60144924166224,65.52677259507917,36.11224489795919,-14.893939393939394,2.9847407748422237
10100,37.86128451594258,-87.38065919772922,1.0685606512617485,10.904610110467523,4.587851857065709,9.89252935294757,-0.007241200624721048,-0.010375111073913779,41.202280841285486,-80.1256042909188,1.1380576413965466,11.106616238199837,4.542965442621504,10.135008103094497,0.002560073753517234,0.007410846515474993,7.987369914232637,S,1.0,1.0,1.0,1.7320508075688772,72.50781811293463,65.42995163635817,36.11224489795919,-14.893939393939394,2.9873699142326373
10110,37.913748253248755,-87.28535999804892,1.0749102776002506,10.907627391155819,4.523060460406837,9.925636472075581,-0.004997511777917121,-0.007716760588820532,41.24891198871555,-80.02481374742185,1.1392112644947394,11.106441745264785,4.528022130974373,10.141502049616053,0.0025600878161297098,0.007635367980137336,7.989921714251501,S,1.0,1.0,1.0,1.7320508075688772,72.41383287342421,65.33311673914216,36.11224489795919,-14.893939393939394,2.9899217142515013
10120,37.96559881916055,-87.1896794255228,1.0812291578959639,10.911545005805175,4.462822186856455,9.95715986324482,-0.0037072845424561997,-0.007097093384722733,41.29542868855578,-79.92397296548351,1.140396999356688,11.106256294370251,4.512729325593362,10.148113268493237,0.0025177235435664205,0.00772023892548994,7.992387460738703,S,1.0,1.0,1.0,1.7320508075688772,72.31949216823583,65.23626798432953,36.11224489795919,-14.893939393939394,2.992387460738703
10130,38.016851382586935,-87.09364392983494,1.0875133122218066,10.914160057179581,4.404467958880117,9.985967742434012,-0.003592702386939099,-0.008034020249345485,41.34183162224085,-79.82308269495489,1.1416210402041727,11.106048463895512,4.496758903673823,10.154972764346837,0.0024516864589110843,0.007712548457621626,7.994782940407421,S,1.0,1.0,1.0,1.7320508075688772,72.22482164001447,65.13940610038281,36.11224489795919,-14.893939393939394,2.994782940407421
10140,38.06750650778105,-86.99725539561679,1.093762587669978,10.917087586101779,4.34627150920134,10.014625571179497,-0.003360926515640337,-0.008817249445836596,41.388116764444476,-79.72214180487774,1.142889110129349,11.105798752625663,4.479728675224816,10.162224014958056,0.002514280177850367,0.007959154790256205,7.9971076168083695,S,1.0,1.0,1.0,1.7320508075688772,72.12982203222597,65.04252956170419,36.11224489795919,-14.893939393939394,2.9971076168083695
10150,38.11756670735222,-86.90052517133091,1.0999781312540144,10.919564145603605,4.288235899544452,10.042306209223556,-0.0034217835319723185,-0.009858769133315178,41.43427422302632,-79.62114655218976,1.1442010806580984,11.105501817273874,4.461757739370786,10.169802775306815,0.002777955281512292,0.00862688161964556,7.999368839185906,S,1.0,1.0,1.0,1.7320508075688772,72.03450361372715,64.9456337458026,36.11224489795919,-14.893939393939394,2.999368839185906
10160,38.16702812790123,-86.8034438308392,1.1061537951355946,10.92313945201259,4.230638825541659,10.070584422759852,-0.003046302095506398,-0.010432631721152075,41.4803009474578,-79.52009601583752,1.1455570604290601,11.105178270935037,4.443442910358324,10.177465280296172,0.002978935340857706,0.0091246535051352,8.001558108962405,S,1.0,1.0,1.0,1.7320508075688772,71.9388557212482,64.84871737720545,36.11224489795919,-14.893939393939394,3.0015581089624046
10170,38.215898783384105,-86.70603547660963,1.1122911515287366,10.925320407301891,4.173645495151193,10.096697939574666,-0.0034919124182869192,-0.011871710016900655,41.526192278180794,-79.418988654613,1.1469583202098208,11.104824012087779,4.424505774348199,10.185325963964077,0.003205653706377447,0.009653942660291924,8.003692548296966,S,1.0,1.0,1.0,1.7320508075688772,71.84290155231987,64.75177841826559,36.11224489795919,-14.893939393939394,3.003692548296966
10180,38.26417325794003,-86.60828765040395,1.118384705476658,10.92881948614213,4.1168964463046755,10.123747281075515,-0.0032947660660104785,-0.012528984471288715,41.57194129310498,-79.31782192418883,1.1484043977647047,11.104440009755262,4.404930981127394,10.19338859171755,0.0034860227798545708,0.010280110512520884,8.00576166767262,S,1.0,1.0,1.0,1.7320508075688772,71.74662738774535,64.65481362588982,36.11224489795919,-14.893939393939394,3.005761667672621
10190,38.311856212890724,-86.51020678730444,1.1244285890801873,10.932315601457798,4.0613251567753315,10.149934107215742,-0.0034009907198226195,-0.01365531575296684,41.61754678959511,-79.21659571876779,1.1498976614145835,11.104037452934346,4.384918656380024,10.201575179015203,0.003657820577375371,0.010636699994033754,8.007768266376875,S,1.0,1.0,1.0,1.7320508075688772,71.65003869709169,64.55782265225521,36.11224489795919,-14.893939393939394,3.0077682663768748
10200,38.35895070481283,-86.41179556958889,1.1304178340482907,10.936089909466478,4.006707853201594,10.175674655128631,-0.003560673746565602,-0.014890948561706096,41.66299316436411,-79.11530377117602,1.1514324548048398,11.103599868286079,4.364061128174251,10.210039201911083,0.004083106794910659,0.011552253482041546,8.009712175779104,S,1.0,1.0,1.0,1.7320508075688772,71.5531371705213,64.46079776725382,36.11224489795919,-14.893939393939394,3.0097121757791037
10210,38.40546699832794,-86.313082149884,1.13635841277563,10.938166758523595,3.952419519358194,10.199111332869492,-0.004520383033476438,-0.016887201754385628,41.70828143361694,-79.01394647949462,1.1530061647089045,11.103180421336265,4.343532289254458,10.218333656763654,0.004202219257742131,0.011737670112075785,8.011614364702282,S,1.0,1.0,1.0,1.7320508075688772,71.4559502042735,64.363739275776,36.11224489795919,-14.893939393939394,3.0116143647022824
10220,38.45137253370863,-86.21395517245858,1.1422043061274672,10.949304849232503,3.9007142341073875,10.230919076273569,-0.001908896623850487,-0.015432828201209517,41.75340499618252,-78.91252125411738,1.1546170627093848,11.102758225089836,4.3225432140102615,10.226771747125964,0.004348655138998582,0.011963705887717727,8.013386028835424,S,1.0,1.0,1.0,1.7320508075688772,71.358364392302,64.26664384143689,36.11224489795919,-14.893939393939394,3.0133860288354235
10230,38.49658876282676,-86.11398296855693,1.147733013044938,10.995955069228776,3.868221975932053,10.293098980842181,0.01132008974068736,-0.007299891845823475,41.798364960032075,-78.81102874888259,1.156267281905102,11.102345870006967,4.301357187460993,10.23525330234374,0.0043066308489277125,0.01173372804416285,8.0146657067585,S,1.0,1.0,1.0,1.7320508075688772,71.25994458625654,64.1695120206481,36.11224489795919,-14.893939393939394,3.0146657067584997
10240,38.541115224670214,-86.01337043602132,1.1526307532890776,11.022453826043114,3.871600699382468,10.320135482240223,0.011768068375550448,-0.014889925760807053,41.84315270127446,-78.70946577338339,1.1579562729346058,11.101915236593195,4.279391965677576,10.24398976593565,0.0043872355108822035,0.011779378152184296,8.01563938920677,S,1.0,1.0,1.0,1.7320508075688772,71.16089433680148,64.07233967427452,36.11224489795919,-14.893939393939394,3.01563938920677
10250,38.58509292554861,-85.91225775540028,1.1567215222079246,11.041027110169857,3.9087919352781584,10.325968489890437,0.0029053311773328365,-0.03930510400164984,41.8877610901357,-78.6078295091808,1.1596796200497104,11.10148576911076,4.25722363608985,10.252757345908789,0.00444939982738672,0.011770748387663526,8.016376301643152,S,1.0,1.0,1.0,1.7320508075688772,71.06135743325879,63.97512314097684,36.11224489795919,-14.893939393939394,3.0163763016431524
10260,38.62871769645972,-85.81066676348105,1.1601177805012892,11.06650933122375,3.9521161463279757,10.336750299005779,-0.007293009149386798,-0.06978853492557094,41.932195307151396,-78.50612227748447,1.1614407568013356,11.101075971338604,4.2350908545397425,10.261476169402975,0.004237827093768085,0.011108279874728379,8.016815731463732,S,1.0,1.0,1.0,1.7320508075688772,70.96136171291735,63.87786497664932,36.11224489795919,-14.893939393939394,3.0168157314637316
10270,38.67207808351945,-85.70862747868533,1.162983399798397,11.094287109022513,3.9854614507013024,10.35370964835295,-0.016360100106534364,-0.09733306672047606,41.97645417014344,-78.40434439034962,1.163247411500648,11.100636389363872,4.211922653180898,10.270532401608545,0.004076319167589713,0.010572079011604552,8.016947845433416,S,1.0,1.0,1.0,1.7320508075688772,70.86093983625784,63.78056516836474,36.11224489795919,-14.893939393939394,3.0169478454334158
10280,38.71527853180253,-85.60618783311867,1.1654719674925582,11.122811536383805,4.01155974693623,10.374214421857376,-0.024571048213161896,-0.12123765696851094,42.020536360698785,-78.30249642027754,1.1651087912952958,11.10014145409863,4.187528197422094,10.279968282869053,0.00396684482817328,0.010182594756626785,8.016772266285807,S,1.0,1.0,1.0,1.7320508075688772,70.76014318402085,63.683223946115184,36.11224489795919,-14.893939393939394,3.016772266285807
10290,38.75833046839551,-85.50347982518812,1.1676874731281426,11.140583090331477,4.0269997494333625,10.387293420840834,-0.03390546059341692,-0.14070575067580207,42.064413653684625,-78.20056782904933,1.1670141882458458,11.099559174559552,4.1617159477629,10.289817016822266,0.0044414245612070385,0.01121833843766545,8.01640253800913,S,1.0,1.0,1.0,1.7320508075688772,70.65910393401703,63.58582795495947,36.11224489795919,-14.893939393939394,3.01640253800913
10300,38.80122111165989,-85.40059605147508,1.1696856046650521,11.149941855679769,4.035182758041287,10.394157180562834,-0.0430533997534511,-0.15451314079586748,42.10808995937891,-78.09855984213672,1.1689563306697268,11.099027197692521,4.137036026529742,10.299191116311674,0.0044421945046144665,0.011108026868325904,8.015928790757995,S,1.0,1.0,1.0,1.7320508075688772,70.55791398632381,63.48837849560528,36.11224489795919,-14.893939393939394,3.015928790757995
10310,38.84395745478678,-85.29766689100639,1.171526271040325,11.148061817370916,4.037338631245705,10.391303049212567,-0.053328178624783326,-0.16479132549591258,42.151555345750374,-77.99646849416692,1.1709285836583416,11.098512345633827,4.112167129685116,10.308591454884791,0.004534416030236333,0.011214174906070835,8.015466414271724,S,1.0,1.0,1.0,1.7320508075688772,70.45670371919479,63.39087039574281,36.11224489795919,-14.893939393939394,3.0154664142717245
10320,38.88655979854366,-85.194798010039,1.1732776838479477,11.13762217456046,4.034484470064907,10.381212008434563,-0.06132558277597102,-0.16446132166685024,42.194827598170455,-77.89430091009751,1.1729412962964694,11.098060280353117,4.087695572390363,10.317833439914201,0.004072828459382253,0.00996269570477059,8.015104100403281,S,1.0,1.0,1.0,1.7320508075688772,70.35557934754308,63.293312154377944,36.11224489795919,-14.893939393939394,3.0151041004032813
10330,38.92892379189833,-85.09205152837828,1.1749237227954215,11.117711237710019,4.02432438067385,10.363798359878373,-0.06558339865833156,-0.15240844157403255,42.23789599574794,-77.79205422471674,1.1750030034466374,11.097535929390162,4.061221128877266,10.32771933422217,0.004014186268137645,0.00972884383840615,8.014939655375775,S,1.0,1.0,1.0,1.7320508075688772,70.25459861981149,63.19569962139428,36.11224489795919,-14.893939393939394,3.014939655375775
10340,38.97100157469082,-84.98939725587101,1.176421202263265,11.098639836251515,4.015569942859332,10.346738821910686,-0.06416761987287793,-0.13036186595221844,42.28075678531895,-77.68972803050657,1.1771183271011387,11.096960212388518,4.033812649062328,10.337837368985769,0.003977992273847783,0.009584184169209142,8.014964151760926,S,1.0,1.0,1.0,1.7320508075688772,70.15372907130873,63.09803173945221,36.11224489795919,-14.893939393939394,3.0149641517609265
10350,39.01283771277903,-84.88674252782094,1.1777035610409263,11.089425393685117,4.018864126457489,10.335573844503333,-0.0614916363804966,-0.11237968923519213,42.323384950412255,-77.58731337267345,1.1792755313031933,11.09631478239649,4.005407123199318,10.348184165710187,0.004385744790528222,0.010574905519451576,8.015072613745817,S,1.0,1.0,1.0,1.7320508075688772,70.052879521228,63.00029683730542,36.11224489795919,-14.893939393939394,3.015072613745817
10360,39.05455627531269,-84.78404489308889,1.178745505590529,11.088487262657845,4.036915980548883,10.327529188538483,-0.05925234810578819,-0.10156073180867439,42.36577954906772,-77.48480932003754,1.1814633253262379,11.095736929238816,3.978160905605875,10.358069984895018,0.004441437331354689,0.010676550475325251,8.015175576339871,S,1.0,1.0,1.0,1.7320508075688772,69.95201242940442,62.90249354149924,36.11224489795919,-14.893939393939394,3.015175576339871
10370,39.09624188163656,-84.68126238585307,1.1795732644617314,11.094550124313928,4.060071395242907,10.32496308596038,-0.0560495108518017,-0.0932270713731838,42.40795009201965,-77.3822194499372,1.1836858486667095,11.095226497265694,3.951272598311901,10.367810563443772,0.004154477940319494,0.009904490684656599,8.015200499741864,S,1.0,1.0,1.0,1.7320508075688772,69.85108938575175,62.80462600993125,36.11224489795919,-14.893939393939394,3.015200499741864
10380,39.13799104006235,-84.5784133735418,1.180263766911597,11.10264092468726,4.083452461696988,10.324439524526316,-0.05302320519893718,-0.08716178340142602,42.44990029812272,-77.27954625312339,1.185955853023497,11.09469823345134,3.9232135365142042,10.377895954299214,0.0038608449856156646,0.00913385917873884,8.01512346599546,S,1.0,1.0,1.0,1.7320508075688772,69.75013300009067,62.70669676485827,36.11224489795919,-14.893939393939394,3.01512346599546
10390,39.179825671796976,-84.47552353547894,1.180899571968689,11.10936624644871,4.099445545686612,10.325336053402044,-0.04880429936967228,-0.07802437887073244,42.49161541152575,-77.17678566445466,1.1882762212438913,11.094080126117335,3.8934165053491903,10.388451364885245,0.003937115538160837,0.009350954299607335,8.014956381047678,S,1.0,1.0,1.0,1.7320508075688772,69.64917015622058,62.60869993623889,36.11224489795919,-14.893939393939394,3.0149563810476785
10400,39.22173692692537,-84.37261429823101,1.1815377372114257,11.113904048902558,4.108045118261879,10.326801465823648,-0.04346656069669368,-0.06557452950385009,42.53308881126613,-77.07393601294353,1.1906448263700007,11.093427039932822,3.8631992183448847,10.39902953595633,0.0040062382281800405,0.009579769837486447,8.014721206258777,S,1.0,1.0,1.0,1.7320508075688772,69.54822217091136,62.510632824331715,36.11224489795919,-14.893939393939394,3.014721206258777
10410,39.26367153314948,-84.2696873313868,1.18218471154098,11.11634424933119,4.110939454120819,10.328276055285869,-0.03670737895618757,-0.04917077309142498,42.57431876114502,-76.97099748023905,1.1930632816219109,11.092751450034266,3.832583112353457,10.409632146197117,0.004004541473046829,0.009650253509191343,8.014440629980475,S,1.0,1.0,1.0,1.7320508075688772,69.44728858434449,62.41249505718459,36.11224489795919,-14.893939393939394,3.0144406299804754
10420,39.30559615094478,-84.16674563708008,1.1828184584157273,11.117250322836698,4.113178922873046,10.32835969014662,-0.029857746154899785,-0.0324303440416378,42.61529820147152,-76.86796853819132,1.195532915412478,11.092030448858909,3.8011100955284443,10.420398337879647,0.004087044686954663,0.009970117510489575,8.014129697136424,S,1.0,1.0,1.0,1.7320508075688772,69.34637104437878,62.314284001671,36.11224489795919,-14.893939393939394,3.0141296971364238
10430,39.3475210855227,-84.06380322088019,1.1834367782590338,11.117233594217328,4.116458632782757,10.327034962320147,-0.02397270938338283,-0.01824925542670015,42.65602175544679,-76.76484816205958,1.198054447213531,11.091277106661813,3.768998835582523,10.431254748789238,0.004170109666477199,0.010315460418666258,8.013795707002462,S,1.0,1.0,1.0,1.7320508075688772,69.24548414046471,62.215997680288325,36.11224489795919,-14.893939393939394,3.013795707002462
10440,39.389441423558175,-83.96086337094496,1.1840476875550325,11.116728000526821,4.118187584067193,10.325801298695026,-0.018333107886366586,-0.0050471480443162655,42.69647996213939,-76.66163378214213,1.2006255900939906,11.090492116834014,3.7362227756219393,10.442205455002373,0.004326555576587297,0.010875015320128037,8.013442236998788,S,1.0,1.0,1.0,1.7320508075688772,69.14463106209234,62.11763212981313,36.11224489795919,-14.893939393939394,3.013442236998788
10450,39.43134391159511,-83.85792264930919,1.1846519160982036,11.116035090241041,4.118402183399032,10.324969713429878,-0.01290671445347518,0.007135531824416445,42.73666678314597,-76.55832373018113,1.2032431458877013,11.089709873560434,3.7032004508331453,10.453132138296779,0.004430737673062664,0.011299193281008974,8.013070801218017,S,1.0,1.0,1.0,1.7320508075688772,69.04380786652229,62.01918461960522,36.11224489795919,-14.893939393939394,3.013070801218017
10460,39.47324476385112,-83.75498756610514,1.185266671162564,11.11533504867613,4.117886060056344,10.32442190346373,-0.008428605640780079,0.01647280360199596,42.7765749365669,-76.45491579191867,1.2059029933549341,11.088942417098545,3.6699288417160205,10.464046360106986,0.004516330146687822,0.011668393015986243,8.012679835002057,S,1.0,1.0,1.0,1.7320508075688772,68.94302194905484,61.92065172409001,36.11224489795919,-14.893939393939394,3.012679835002057
10470,39.51502838872956,-83.65201111721638,1.1858221658832049,11.114647401683126,4.114601193906986,10.324991228995822,-0.002113321186916875,0.02982508071114732,42.81619517963368,-76.35140676044018,1.2085976270929923,11.08821326213557,3.636625049029855,10.474895302549221,0.004591634066022001,0.011990902402469495,8.012273469842857,S,1.0,1.0,1.0,1.7320508075688772,68.84222078483785,61.82202879624441,36.11224489795919,-14.893939393939394,3.0122734698428566
10480,39.556672455030125,-83.54898114130097,1.18621782344651,11.114192018421397,4.120623922295681,10.32209875526031,0.0021808539109492067,0.037601574000159135,42.8555303152189,-76.2477974203281,1.2113253607179948,11.087568873276387,3.603722254292014,10.485579117701029,0.004412682326602878,0.011579954609779357,8.011850404814641,S,1.0,1.0,1.0,1.7320508075688772,68.7413910139144,61.72331644476737,36.11224489795919,-14.893939393939394,3.0118504048146413
10490,39.598176079962926,-83.44589468443958,1.186368487142725,11.113954332839494,4.136252083916276,10.315590124211996,0.00440253565743177,0.039824210540088466,42.89457741475538,-76.14408725566992,1.214087419027498,11.08695581473449,3.570363094605048,10.496337295007109,0.004222996559128013,0.011122198277166978,8.011407709438918,S,1.0,1.0,1.0,1.7320508075688772,68.64052950230209,61.624513364831074,36.11224489795919,-14.893939393939394,3.0114077094389184
10500,39.6396711428001,-83.34280441766809,1.186300329914621,11.113800404503907,4.160855881149842,10.30552462359156,0.0023679060275073474,0.03134128512853622,42.93334381893045,-76.04027975237665,1.2168933954387031,11.08635820005683,3.5365087198272995,10.507161567928458,0.0038486862741594135,0.01014573107489002,8.010939157469465,S,1.0,1.0,1.0,1.7320508075688772,68.53969549793334,61.52562335904877,36.11224489795919,-14.893939393939394,3.0109391574694655
10510,39.68122799018662,-83.23974026564854,1.186103964064676,11.11356382273718,4.181451775453036,10.296929731313762,-0.0002604123760993572,0.02139634079545451,42.971823214546305,-75.9363749328178,1.219752407425624,11.08566098378693,3.500960407919786,10.518324755855085,0.0036768500294297292,0.009785510654703726,8.010440819041895,S,1.0,1.0,1.0,1.7320508075688772,68.43892267641218,61.42664528687463,36.11224489795919,-14.893939393939394,3.0104408190418948
10520,39.722855931022444,-83.13670768148963,1.1858506727096876,11.113189071305365,4.194665652191461,10.29114917785697,-0.0018609789541288529,0.014051981333540759,43.010010670128395,-75.83240346444069,1.2226741972818558,11.082077592556455,3.463599176805593,10.526914291941086,0.002362213776539276,0.008267442140841835,8.009884292174613,S,1.0,1.0,1.0,1.7320508075688772,68.33821724028473,61.327608594494265,36.11224489795919,-14.893939393939394,3.009884292174613
10530,39.764546693432536,-83.03370464006355,1.1855781786734771,11.112691975039835,4.202769910426887,10.2873051870801,-0.002466911174619317,0.009247213447531901,43.04788394854537,-75.72832439261867,1.225647262737231,11.081617492434058,3.425676419355289,10.538832350810672,0.0029372491817138274,0.009566245296695693,8.009299850209729,S,1.0,1.0,1.0,1.7320508075688772,68.23757701004723,61.228469580804905,36.11224489795919,-14.893939393939394,3.009299850209729
10540,39.806291209392434,-82.93072824382696,1.1853045902316666,11.112122330984493,4.207973023837118,10.28456249577119,-0.002371999624056684,0.006269826226321863,43.0854466829424,-75.62416699523078,1.228680652660039,11.078674607096582,3.386806016223288,10.54829730612483,0.002174760777564219,0.008967863776823164,8.008663927222823,S,1.0,1.0,1.0,1.7320508075688772,68.1369988710627,61.12925721484556,36.11224489795919,-14.893939393939394,3.0086639272228233
10550,39.84807604673961,-82.82777327255205,1.1850342672865224,11.11153298340005,4.211464879551305,10.282496234353461,-0.0016902648653451648,0.004850808089180721,43.12267378699152,-75.51989016563846,1.2317565949638585,11.078796482793587,3.34783533792152,10.56085839585606,0.0031574101138799843,0.010939196606223596,8.008005111435432,S,1.0,1.0,1.0,1.7320508075688772,68.03647712675267,61.0299272503307,36.11224489795919,-14.893939393939394,3.0080051114354323
10560,39.88988562889062,-82.72483328833285,1.1847588904047186,11.11095940695293,4.214502955975733,10.280631487269037,-0.0006407603802846651,0.004470770760980201,43.15956875960745,-75.4154940961871,1.23487149877493,11.07909428023666,3.309534934169798,10.573235483516028,0.003762118349033109,0.011850271831296763,8.007325845819691,S,1.0,1.0,1.0,1.7320508075688772,67.93600471034821,60.930479705875605,36.11224489795919,-14.893939393939394,3.0073258458196914
10570,39.93170792329226,-82.62190317821029,1.184461719933355,11.11041610917434,4.218376339153525,10.278455486125841,0.0004534101491289796,0.00436388703559153,43.19613681441525,-75.31101326553119,1.2380284596273716,11.076445157314316,3.271156960736067,10.582399040917883,0.00291568137518084,0.010673105009518631,8.006597735649738,S,1.0,1.0,1.0,1.7320508075688772,67.83557603621713,60.8309488656014,36.11224489795919,-14.893939393939394,3.0065977356497378
10580,39.97355868696947,-82.51898917654087,1.184141176693362,11.10990250042269,4.223882718953589,10.275638585772835,0.000930705281036527,0.0029409363255340996,43.23236696524076,-75.2064441863035,1.2412216755105148,11.073859971401141,3.232425080797901,10.59159113463266,0.0023235623151317388,0.00995919277365924,8.005819485147985,S,1.0,1.0,1.0,1.7320508075688772,67.73519839992002,60.73132941556552,36.11224489795919,-14.893939393939394,3.0058194851479847
10590,40.01544324370623,-82.4160930457441,1.1838040034004353,11.109434493005597,4.229117252652639,10.272979218206292,0.0013477012947785416,0.0015848164821874126,43.26824911858904,-75.1017483961328,1.2444442123745183,11.07464227907476,3.193679625874643,10.604155414588348,0.0031023937552497726,0.010806646959547958,8.00502240552577,S,1.0,1.0,1.0,1.7320508075688772,67.63487407472691,60.63158138503625,36.11224489795919,-14.893939393939394,3.0050224055257697
10600,40.05736200711188,-82.3132144938473,1.1834544954531965,11.109017329706154,4.233904080247313,10.270556083824127,0.0017826031227651457,0.000503871662338249,43.303795627522796,-74.99696419054312,1.2477092973343649,11.072364911170101,3.1543268412331833,10.613552039952825,0.002396699496971349,0.009556810150109481,8.004177019052786,S,1.0,1.0,1.0,1.7320508075688772,67.53460301210033,60.531743668896986,36.11224489795919,-14.893939393939394,3.0041770190527863
10610,40.09930151702415,-82.2103475900783,1.1830829686594642,11.108650475459392,4.238584909710192,10.268228345196713,0.0024347332684350317,0.00019885471736268774,43.33899501906898,-74.89208798735814,1.2510136928428306,11.070175370465716,3.1142751955193773,10.623091486918414,0.001989507855815004,0.008938980866712685,8.003282926399475,S,1.0,1.0,1.0,1.7320508075688772,67.43437871674082,60.43181076180753,36.11224489795919,-14.893939393939394,3.003282926399475
10620,40.14126293755097,-82.10749264241946,1.1826774478963604,11.108315298091764,4.244763665461409,10.265312960947568,0.0027530464849314902,-0.0006582893370361291,43.373839573249505,-74.78711475689504,1.2543549241927123,11.068332628808344,3.073779570867726,10.632961315252663,0.0018070038017966548,0.008669889955576295,8.002342412852569,S,1.0,1.0,1.0,1.7320508075688772,67.33420175994976,60.33177614065379,36.11224489795919,-14.893939393939394,3.0023424128525686
10630,40.18326448876464,-82.00465701039586,1.1822417634539804,11.108004601470158,4.25219616914609,10.261900114763423,0.002523745199583121,-0.0025811779897781323,43.40831916867997,-74.68203726811777,1.257726351391633,11.066971000403388,3.0331178896365634,10.643215820011177,0.0018750283221241595,0.008775943104479413,8.001358483310481,S,1.0,1.0,1.0,1.7320508075688772,67.23408078872264,60.23163078629207,36.11224489795919,-14.893939393939394,3.001358483310481
10640,40.22531930063676,-81.90184572354087,1.181790803040245,11.107735236555024,4.259151366652422,10.258723688712399,0.0021813386709941224,-0.004520932441921317,43.44243870750259,-74.57685693350258,1.261128616798534,11.065725975272638,2.99279848855403,10.653330397895877,0.0017898707413598414,0.008272344855369722,8.000332371359288,S,1.0,1.0,1.0,1.7320508075688772,67.13402186461502,60.13137606374702,36.11224489795919,-14.893939393939394,3.0003323713592884
10650,40.26741287781902,-81.79905227711362,1.181323416509176,11.107523477999594,4.264942139616576,10.256088258202295,0.002347129107566249,-0.0049809840623107025,43.47620107536033,-74.4715753652026,1.2645679645198544,11.064545188671856,2.9519743493534825,10.663489469818057,0.0016875385794523526,0.007633575610807296,7.99926494068483,S,1.0,1.0,1.0,1.7320508075688772,67.03401786295625,60.03101330568259,36.11224489795919,-14.893939393939394,2.9992649406848297
10660,40.309413931436815,-81.69622249862451,1.1807228467905433,11.107348835532099,4.272173535541729,10.252888931243387,0.004730905940287576,0.00019046063995140777,43.50959701677588,-74.36618869245284,1.2680448534748736,11.063598842263701,2.9102175740596636,10.673980186142984,0.0018255450185738333,0.0075930252172219884,7.998160249664281,S,1.0,1.0,1.0,1.7320508075688772,66.93400672224907,59.93053691561836,36.11224489795919,-14.893939393939394,2.9981602496642807
10670,40.35137114972151,-81.59337994289163,1.179896351521988,11.106932432242338,4.294545707387985,10.243086703799404,0.0034880917164905904,-0.0030266323257486516,43.54261692655065,-74.26069336470601,1.2715536946084263,11.062831237349501,2.868211970559916,10.68454936242108,0.0020862676467179792,0.007843928251346548,7.997020824159038,S,1.0,1.0,1.0,1.7320508075688772,66.83401499926212,59.8299415469279,36.11224489795919,-14.893939393939394,2.997020824159038
10680,40.39337750866688,-81.49056706163954,1.1788499801690935,11.106210284781358,4.324868989817331,10.229536407418454,-0.0003853574443427347,-0.012183517260278144,43.57525632823847,-74.15508880664242,1.2750883205893402,11.062101120107044,2.8265003632279657,10.694904248666544,0.002296703005437039,0.007935785367757702,7.995848551090358,S,1.0,1.0,1.0,1.7320508075688772,66.73409108649604,59.72922542041871,36.11224489795919,-14.893939393939394,2.995848551090358
10690,40.43559462260623,-81.38785306361855,1.1777190031070706,11.10530366363156,4.354591411310327,10.215933785122674,-0.0065470221397606046,-0.02655331284820326,43.60752284789661,-74.04938112555361,1.2786527156987697,11.06113193898994,2.784980781867615,10.704789667077602,0.0022328967715895187,0.007317813751386625,7.994641896430409,S,1.0,1.0,1.0,1.7320508075688772,66.63431479314806,59.62839489713959,36.11224489795919,-14.893939393939394,2.9946418964304087
10700,40.47799743320751,-81.2852227236202,1.1766030096614317,11.10473540494188,4.3707667097969845,10.208405692482062,-0.008956306943664484,-0.031927055458212256,43.63941032729266,-73.94356961716359,1.2822489242302844,11.060209908754763,2.7426271110232663,10.714767368244502,0.002293980844318347,0.007122081207490971,7.993397389247686,S,1.0,1.0,1.0,1.7320508075688772,66.53466988992264,59.52744786147031,36.11224489795919,-14.893939393939394,2.9933973892476864
10710,40.52055738390984,-81.18266044920777,1.1755301519800365,11.104473589025128,4.38119817241911,10.203648184024578,-0.009360746305303386,-0.03250582884801236,43.670910616865896,-73.83765235914963,1.2858740668367263,11.059385460510137,2.6998393786653097,10.724778510232793,0.0024470464570518096,0.007221412779418841,7.992112945611834,S,1.0,1.0,1.0,1.7320508075688772,66.43513948293456,59.42638072081514,36.11224489795919,-14.893939393939394,2.992112945611834
10720,40.56324978372334,-81.08015332907684,1.1744965351454877,11.10445950568683,4.389931608098083,10.19987849876948,-0.008518201292534886,-0.030101441178678832,43.70202458307075,-73.7316319464977,1.2895288052902671,11.058471644481457,2.6570195907576446,10.734525700101077,0.0024764644929604453,0.00701367843059175,7.9907868042665955,S,1.0,1.0,1.0,1.7320508075688772,66.33570953536925,59.32519549548832,36.11224489795919,-14.893939393939394,2.9907868042665955
10730,40.606083646742164,-80.97770371480262,1.1735081452148854,11.10460412528233,4.398891265796783,10.196175185378786,-0.0075457254737264735,-0.027347407852748782,43.73274819710617,-73.62550861055931,1.2932136839481834,11.057575552986101,2.6137380351214414,10.744224057313557,0.0025356705522425887,0.006952548896725739,7.98941825550285,S,1.0,1.0,1.0,1.7320508075688772,66.23638345739793,59.223891236383025,36.11224489795919,-14.893939393939394,2.9894182555028497
10740,40.64905680909379,-80.87530907513045,1.1725782756515686,11.104905535758508,4.406187968933141,10.193352468179878,-0.0060090245720602785,-0.02322925393588685,43.76307879185497,-73.51928325090194,1.296929632422763,11.056671094300041,2.5700691804443068,10.753823510512918,0.002579222147200284,0.006902667449656395,7.988006562080217,S,1.0,1.0,1.0,1.7320508075688772,66.1371590508922,59.12246782416208,36.11224489795919,-14.893939393939394,2.9880065620802174
10750,40.69220264805554,-80.77298223208926,1.1717509841457976,11.105328015978222,4.411497877992319,10.19151592330307,-0.004772848627565824,-0.019776754973148014,43.793014933594996,-73.4129575130629,1.3006793137108577,11.05572586225491,2.5259167414672197,10.763308922283505,0.0025929383236845574,0.006836801974284809,7.986551239103861,S,1.0,1.0,1.0,1.7320508075688772,66.03805189633817,59.020926034472105,36.11224489795919,-14.893939393939394,2.9865512391038607
10760,40.7355000662177,-80.67071196639236,1.1710613910138823,11.10593731191499,4.410831518016985,10.192468243553842,-0.002190679362938282,-0.013149619771481671,43.822592978801175,-73.30654476854009,1.3044847185210686,11.054548904397201,2.4823193492547966,10.772239420288829,0.0018081481757841833,0.003546247864009198,7.985054863233341,S,1.0,1.0,1.0,1.7320508075688772,65.93904987485814,58.919283211666574,36.11224489795919,-14.893939393939394,2.9850548632333407
10770,40.77890859022745,-80.56848002041147,1.1705102215869376,11.106654045865804,4.4062833561055275,10.19521608796276,0.0013930331777094861,-0.0041417113521963755,43.851735980015185,-73.2000208753559,1.3083027683439015,11.053885337114629,2.4369652007294524,10.781909926191716,0.002419746382184274,0.005833239862745784,7.983511654640626,S,1.0,1.0,1.0,1.7320508075688772,65.84013241568448,58.8175047067351,36.11224489795919,-14.893939393939394,2.983511654640626
10780,40.822390208360176,-80.46627063204852,1.1700746508204976,11.107366655776195,4.400736265753496,10.198387830688281,0.005227693965410033,0.005511647963753391,43.88044209989812,-73.09338651946311,1.3121344235475798,11.053294223789605,2.3912806520626386,10.791528623912903,0.0029883954607116837,0.007835583446836682,7.98192342164175,S,1.0,1.0,1.0,1.7320508075688772,65.74128149682964,58.71559020809416,36.11224489795919,-14.893939393939394,2.98192342164175
10790,40.86591332251614,-80.36407170913849,1.169720880663881,11.1079915443338,4.396007874720219,10.201107337656486,0.00875263777939517,0.014510766572495863,43.90874096516227,-72.98665531508071,1.3159939890834715,11.052276000959097,2.346538165437822,10.800303858666204,0.002860578159043698,0.007563400761636885,7.980292771206069,S,1.0,1.0,1.0,1.7320508075688772,65.64248311010414,58.61355640140205,36.11224489795919,-14.893939393939394,2.980292771206069
10800,40.90949482458607,-80.26189213832542,1.1694455573591904,11.108486723960429,4.393035035889082,10.20292705402994,0.010796580402001222,0.020123409478355635,43.93667216120393,-72.87984049534049,1.3199101813920664,11.051091773880598,2.3018433630567756,10.8087069775567,0.0020591037445223297,0.004293838260190152,7.9786270176659695,S,1.0,1.0,1.0,1.7320508075688772,65.54374762592391,58.51142100940017,36.11224489795919,-14.893939393939394,2.9786270176659695
10810,40.95309220390285,-80.15971497639909,1.1692289816860653,11.108883032273065,4.388256670863652,10.205414524425015,0.013204618263574943,0.02663711195999742,43.96415786025646,-72.77291857145816,1.3238409461124834,11.050474285536522,2.2551887938318043,10.817906703215709,0.002558086786279853,0.00651232485614954,7.976921556272218,S,1.0,1.0,1.0,1.7320508075688772,65.44505531374737,58.409149692485194,36.11224489795919,-14.893939393939394,2.9769215562722184
10820,40.9967028320899,-80.05754040269179,1.1690515206932894,11.109177966161893,4.385289363159202,10.207010937841677,0.014439755308185231,0.03043006400384559,43.99124358354887,-72.66590583203914,1.3278132710457662,11.0495088601545,2.2093101134414597,10.826384201259351,0.002198708177949914,0.0049181118117569,7.9751825018751585,S,1.0,1.0,1.0,1.7320508075688772,65.3464063720276,58.30676398508537,36.11224489795919,-14.893939393939394,2.9751825018751585
10830,41.04032769456061,-79.95536971553575,1.1689077760267736,11.10939877815625,4.38287160172501,10.208289657669987,0.01484285785757824,0.032277030755173575,44.017869526324574,-72.55878529998093,1.3317897066029296,11.048956626545305,2.162563696686116,10.835255455828197,0.0027109430592203833,0.007342069879659234,7.973406823706718,S,1.0,1.0,1.0,1.7320508075688772,65.24780238093922,58.20423828323959,36.11224489795919,-14.893939393939394,2.9734068237067177
10840,41.08396534399857,-79.8532028190377,1.1687988250996613,11.10957250075239,4.380050726031265,10.209689358000405,0.01469774597705556,0.032818022843152904,44.04409538514848,-72.45157811356248,1.3358068962332361,11.047889566143757,2.1167234630844405,10.843216572887213,0.002203523733794485,0.005281749854378427,7.971600726404919,S,1.0,1.0,1.0,1.7320508075688772,65.14924334882855,58.10160089988726,36.11224489795919,-14.893939393939394,2.971600726404919
10850,41.12760996912765,-79.75103752845786,1.1687253083014568,11.109718551629415,4.376492318054031,10.211374113528151,0.01422677614539252,0.032552899262926635,44.06985495128602,-72.34426450863724,1.3398274053848087,11.047432118631425,2.0694331502488787,10.851875545380173,0.002698360259037018,0.007740011055748191,7.969761106970444,S,1.0,1.0,1.0,1.7320508075688772,65.05072686163972,57.99882251861059,36.11224489795919,-14.893939393939394,2.969761106970444
10860,41.171258696550005,-79.64887279218712,1.1686888821113381,11.10984782645787,4.372366187613534,10.213282168258377,0.013425572295463378,0.031456634901365875,44.09515956546385,-72.23698877620396,1.3438614673904206,11.033570065443662,2.0215468063063824,10.846797541162411,-0.000649986056682907,0.005728589190369545,7.967761351698596,S,1.0,1.0,1.0,1.7320508075688772,64.95225184722877,57.89604683435212,36.11224489795919,-14.893939393939394,2.967761351698596
10870,41.21491537032167,-79.54671035750889,1.1686987369268007,11.10996501195152,4.367443652823711,10.215515577110967,0.012293825992266598,0.029519383745364988,44.12000152334247,-72.12959700518684,1.3479052103292797,11.034482682494307,1.973788172257633,10.856517320085784,0.0004079423445237731,0.007816408421527038,7.9657451652477045,S,1.0,1.0,1.0,1.7320508075688772,64.85382054449295,57.79311955902119,36.11224489795919,-14.893939393939394,2.9657451652477045
10880,41.25856085805972,-79.4445422056537,1.168752875620501,11.110068803535501,4.360916526147904,10.218416505078606,0.01149153116326605,0.028285082232354708,44.14445540920161,-72.02209740580112,1.3520017178532435,11.036333576442047,1.9275302301502808,10.866705389507848,0.0005627936616897466,0.004817070442681442,7.963734938279221,S,1.0,1.0,1.0,1.7320508075688772,64.75542364402294,57.690058446192914,36.11224489795919,-14.893939393939394,2.963734938279221
10890,41.30218748706053,-79.34236522758626,1.168843905306987,11.110159464869911,4.35445583828253,10.221269866669486,0.010514770521523043,0.02656682833843051,44.16849327484105,-71.91448109378467,1.356133643055475,11.038595840414182,1.8808446384719497,10.877178934537236,0.0010914337907593106,0.0036052277906478193,7.961731694439684,S,1.0,1.0,1.0,1.7320508075688772,64.65705759244885,57.58685018000035,36.11224489795919,-14.893939393939394,2.961731694439684
10900,41.34579431475439,-79.24017919010167,1.1689694658722098,11.110234999023154,4.348123410342238,10.224047365987348,0.00932056664104415,0.024261678154985436,44.19209666611376,-71.80675200117935,1.3602904919092618,11.040269118813136,1.8337365692229817,10.886916570384532,0.0016251639811906554,0.003342600830516464,7.9597284406167725,S,1.0,1.0,1.0,1.7320508075688772,64.55872222560834,57.48349540052485,36.11224489795919,-14.893939393939394,2.9597284406167725
10910,41.389386688293094,-79.13798655815188,1.169136798899676,11.110292416849521,4.3414078643660226,10.226963153503823,0.00793500070828517,0.021429858275110413,44.21520367570282,-71.69904270055396,1.364439980815623,11.028159803409887,1.7846189383811122,10.882804964452733,-0.0007769127300309205,0.003875765658225999,7.957583010112253,S,1.0,1.0,1.0,1.7320508075688772,64.46042058125938,57.38011591683104,36.11224489795919,-14.893939393939394,2.957583010112253
10920,41.43294935948042,-79.03578113013369,1.1693444735175156,11.110325070242776,4.33342487302824,10.230383767791183,0.00695222165712584,0.01947435526750836,44.23785616181787,-71.59121925293701,1.3686085361776155,11.029952901338687,1.7363603447907068,10.89242460422784,0.00027237913925270887,0.0046409734740209116,7.955438624815667,S,1.0,1.0,1.0,1.7320508075688772,64.36214537504051,57.276584236674275,36.11224489795919,-14.893939393939394,2.9554386248156668
10930,41.47647620127773,-78.93356051301909,1.169586094161414,11.1103390832125,4.325578660233258,10.233718962239182,0.005946057065892636,0.01739053781000948,44.26006499714535,-71.48327407014877,1.372796911643294,11.032853467114784,1.6890024716818242,10.902803597124887,0.0011854905131868207,0.004465925722954962,7.953309667383578,S,1.0,1.0,1.0,1.7320508075688772,64.2638938327797,57.17289367755261,36.11224489795919,-14.893939393939394,2.9533096673835777
10940,41.519972726210376,-78.83132721913697,1.1698641207874827,11.110336885672012,4.317936764559336,10.236943284515693,0.004751383768328141,0.01478787608362761,44.281830275043035,-71.37521163298506,1.3770020741444406,11.035489402139511,1.6420207454031845,10.912643777581994,0.0019159188957236673,0.004064732022069051,7.951195932317439,S,1.0,1.0,1.0,1.7320508075688772,64.16566903083117,57.06904799429068,36.11224489795919,-14.893939393939394,2.9511959323174386
10950,41.563430534739496,-78.72907795536173,1.170178653593977,11.110311783425779,4.309503739634321,10.240469005031336,0.00384931969172076,0.012809022448167619,44.30315293130163,-71.2670430708293,1.3812258694057011,11.037256851915968,1.5948864475322002,10.92141822450931,0.0023514269453178585,0.0035060905094628147,7.9490907296497175,S,1.0,1.0,1.0,1.7320508075688772,64.06746709526317,56.96505764568357,36.11224489795919,-14.893939393939394,2.9490907296497175
10960,41.60684688516367,-78.62681175900201,1.170528130761507,11.110269075336324,4.300985667268399,10.24400318314703,0.0029935971194940793,0.010873868240278884,44.323979541749644,-71.15890130097416,1.3854417777816377,11.02545090918901,1.5458624812866621,10.916541436732011,-0.00013645980518019662,0.0036070442105037293,7.946854502418401,S,1.0,1.0,1.0,1.7320508075688772,63.96928693442779,56.86104575419012,36.11224489795919,-14.893939393939394,2.946854502418401
10970,41.65021665103382,-78.524526655765,1.170909735270616,11.110209484362805,4.292316598104596,10.247574005981173,0.0022779693475511223,0.009208945365573288,44.34434872359111,-71.05065476922594,1.389678766533503,11.02724732194444,1.4970493534968057,10.925155684589837,0.000746639235383812,0.004069760536904019,7.944627656522408,S,1.0,1.0,1.0,1.7320508075688772,63.87112623418078,56.75688694014964,36.11224489795919,-14.893939393939394,2.9446276565224077
10980,41.69355548908317,-78.42222939922274,1.1713358685197952,11.110137312123102,4.283657035770311,10.251118645988127,0.0012829215640761786,0.006819436931237394,44.36426695886811,-70.94229471843212,1.3939361693562802,11.030177485023458,1.4489105064939796,10.93459984157124,0.0015725896630352067,0.0039056652306814444,7.94242548493438,S,1.0,1.0,1.0,1.7320508075688772,63.77299317822535,56.65257278071597,36.11224489795919,-14.893939393939394,2.94242548493438
10990,41.73684976931054,-78.31991472596853,1.1718125445145768,11.110028128560405,4.2730609229135155,10.255421754685319,0.0009290448431166505,0.00591080589702446,44.383729397479314,-70.83382380121067,1.3982065235215153,11.032934277336478,1.4012446767047735,10.943589544753253,0.002275681002668727,0.0037444907411275283,7.940247420562969,S,1.0,1.0,1.0,1.7320508075688772,63.67488144298345,56.54810450691229,36.11224489795919,-14.893939393939394,2.9402474205629687
11000,41.78008445290092,-78.21757663310427,1.1723317210461337,11.109891813073851,4.261993575263898,10.259878501357345,0.0009063786971096361,0.005751949311572389,44.4026954500101,-70.72536980047596,1.402461274377802,11.022834816823087,1.3531616001591762,10.93946255913982,5.7944295557311575e-05,0.003405646628115681,7.937962689824157,S,1.0,1.0,1.0,1.7320508075688772,63.57678380051881,56.443601865897406,36.11224489795919,-14.893939393939394,2.9379626898241566
11010,41.823254479488185,-78.1152130804753,1.172883879257492,11.109746334338492,4.251543073024393,10.264055977612646,0.0008512451997405818,0.005474337540781192,44.42120508907325,-70.6168123257953,1.4067321024498565,11.025261729827532,1.3050499738528225,10.947750489344664,0.0008956670557566146,0.003232260331897063,7.935701685902078,S,1.0,1.0,1.0,1.7320508075688772,63.47869782051451,56.3389508886816,36.11224489795919,-14.893939393939394,2.935701685902078
11020,41.86636864750642,-78.0128277760462,1.1734719613993312,11.10959918298218,4.241554053346042,10.26802869196722,0.0005467206659609007,0.004559532749407668,44.43926745640673,-70.50814701718589,1.4110251146746269,11.028455765084189,1.257024493088043,10.956583682252212,0.001626423309537607,0.002538262317436568,7.933476008235526,S,1.0,1.0,1.0,1.7320508075688772,63.380628039788,56.23414793744512,36.11224489795919,-14.893939393939394,2.933476008235526
11030,41.909427901039365,-77.91042140119862,1.1741047445823634,11.109432841425964,4.230636562432641,10.272351840487254,0.0003801159384057757,0.003947350798294441,44.45683437452687,-70.39949594868901,1.415309494475572,11.019270497716445,1.208190638914583,10.95283514355453,-0.00034929631920483815,0.002391088627765597,7.931158862002623,S,1.0,1.0,1.0,1.7320508075688772,63.28257529006249,56.129305910415034,36.11224489795919,-14.893939393939394,2.931158862002623
11040,41.95242525210065,-77.80799144926677,1.1747865898213945,11.10923715553414,4.218559138648393,10.277106060152654,0.0004905320994845316,0.003984459392410917,44.47394351110974,-70.29073813049422,1.4196145440442758,11.02259796085437,1.1593902189460112,10.961454288863463,0.0007017401378386229,0.002384097827406317,7.928880866119321,S,1.0,1.0,1.0,1.7320508075688772,63.18453649896739,56.02431002659048,36.11224489795919,-14.893939393939394,2.9288808661193206
11050,41.995342696114626,-77.7055307635447,1.1755083826159458,11.109015066206506,4.205853539080837,10.282072347003027,0.0009634870777922736,0.0048844757301731295,44.490583267605935,-70.18186384788625,1.4239291964278773,11.026893116046372,1.11089916058433,10.970791897020192,0.0018134574182619798,0.0028167232887525533,7.926650576844538,S,1.0,1.0,1.0,1.7320508075688772,63.08650291532205,55.91914827911482,36.11224489795919,-14.893939393939394,2.926650576844538
11060,42.038182763373506,-77.60304031858958,1.1762650841891968,11.108798569064529,4.19393031400747,10.286707644786029,0.0011553024977571246,0.005087619743139099,44.50673137047983,-70.07300172513064,1.4282261683468505,11.01851446343322,1.063558640381294,10.96706451149793,-0.00012225904511879585,0.0019028802792416038,7.924343092309144,S,1.0,1.0,1.0,1.7320508075688772,62.988475758369596,55.813943803379644,36.11224489795919,-14.893939393939394,2.924343092309144
11070,42.08093555887666,-77.50051609470056,1.1770500050886161,11.108578971054444,4.181849309532881,10.291387812560187,0.0014935062991406792,0.005634744325076805,44.52241875621503,-69.96403489713498,1.4325355508309001,11.022161726994073,1.015527841829311,10.975279146266962,0.000913085231174863,0.0016831845834052869,7.922082367922281,S,1.0,1.0,1.0,1.7320508075688772,62.890450104876926,55.70858500318575,36.11224489795919,-14.893939393939394,2.9220823679222807
11080,42.12360296401208,-77.39795870300483,1.1778597458277729,11.108376054747938,4.170304220718879,10.295852625224958,0.0016054485029067516,0.005619102944494074,44.5376527966393,-69.85496213659026,1.436861259263719,11.026226644806743,0.9676901018747766,10.98368107190753,0.0017686550339474612,0.0009754392158514874,7.919875869945788,S,1.0,1.0,1.0,1.7320508075688772,62.79242673751608,55.6030711308047,36.11224489795919,-14.893939393939394,2.9198758699457876
11090,42.16617741208535,-77.2953649819075,1.1786886562911396,11.108182398836128,4.158695676918532,10.300338172729663,0.0017978080906627752,0.005792979012021919,44.55239360355264,-69.74590828042972,1.44117499930006,11.0178253940585,0.9195364755289932,10.979386553179193,-0.00015155902697984252,0.0005241575586637173,7.917595859849657,S,1.0,1.0,1.0,1.7320508075688772,62.69440177796032,55.49751887154086,36.11224489795919,-14.893939393939394,2.9175958598496567
11100,42.20866445864181,-77.19273698807866,1.1795365885593554,11.108013122315807,4.147591220845032,10.304632093884253,0.0017189755770200253,0.005297808317054231,44.56665032066585,-69.636748963134,1.4454896446791174,11.021879640534943,0.870807614130335,10.98742576355405,0.0010774197286840688,0.0016361388677492215,7.915368112640906,S,1.0,1.0,1.0,1.7320508075688772,62.59637779564731,55.39180598771443,36.11224489795919,-14.893939393939394,2.9153681126409063
11110,42.2510689387684,-77.09007675964374,1.180410779091841,11.107849954888966,4.136082611138209,10.309081009196063,0.0015669754511312744,0.004628406136701516,44.58045571413047,-69.52748980806518,1.4498123133775391,11.025911700110543,0.8241992939336739,10.995063635218933,0.001799466427151026,0.00024352079691699084,7.913201889843195,S,1.0,1.0,1.0,1.7320508075688772,62.498357288952654,55.28594238393649,36.11224489795919,-14.893939393939394,2.9132018898431946
11120,42.293396442185355,-76.98738693511537,1.1813245331123843,11.107670835210772,4.123535345160188,10.313913303911693,0.001415551046942028,0.003979634961814494,44.59375981204261,-69.41823116663934,1.4541089657130586,11.01979884110488,0.7771167718195308,10.992363532078677,0.00035651098854247963,0.000132519722960672,7.910991763415943,S,1.0,1.0,1.0,1.7320508075688772,62.40034344425888,55.180018924900125,36.11224489795919,-14.893939393939394,2.910991763415943
11130,42.335654356149085,-76.88467128106095,1.1822989400721342,11.107445109248765,4.109209911345516,10.319386161951401,0.0013287023431828734,0.003527650819219623,44.606609149667804,-69.3088828710758,1.4584127696557185,11.023197360262408,0.7303344588160348,10.9989768443052,0.0010948567739141215,-0.0009037968470931228,7.908843512617441,S,1.0,1.0,1.0,1.7320508075688772,62.30234076810659,55.07395298742097,36.11224489795919,-14.893939393939394,2.908843512617441
11140,42.37781542058088,-76.78192001127144,1.1833352968032014,11.107125332037963,4.092199059545241,10.325799726832614,0.0020463014815800882,0.005123750999269506,44.61899135170421,-69.19944006750556,1.4627203541186966,11.027173474752944,0.6828587957856671,11.006010117536375,0.0018826288689250243,-0.0009380511203578791,7.906761135373844,S,1.0,1.0,1.0,1.7320508075688772,62.204336817180305,54.967737252273714,36.11224489795919,-14.893939393939394,2.906761135373844
11150,42.41986885165153,-76.67912919356007,1.1844251888672201,11.106770391717621,4.075111892652102,10.332173614332108,0.0027493586817953965,0.006723922268089801,44.630883306367515,-69.09001745247613,1.4670047335475667,11.019873656611804,0.6364839074517775,11.00147733912322,4.936855248581615e-05,-0.0017723202459727673,7.904631676278228,S,1.0,1.0,1.0,1.7320508075688772,62.10632655789863,54.86148081541563,36.11224489795919,-14.893939393939394,2.9046316762782283
11160,42.46180051409593,-76.57629330685998,1.1855560125582905,11.106402779745737,4.058133179932286,10.338459159849524,0.0035029066130274596,0.008478557372850498,44.6423133925791,-68.98051145871158,1.4712952806115227,11.023204556020486,0.5892258165773666,11.007445281306174,0.0008181237908133309,-0.0020362322447645418,7.9025652985528545,S,1.0,1.0,1.0,1.7320508075688772,62.00830299855983,54.755085117646395,36.11224489795919,-14.893939393939394,2.9025652985528545
11170,42.50362633057458,-76.47341849817577,1.1867338423941052,11.106064834709688,4.041857731979769,10.344470125976027,0.0036428095042990165,0.008712949805336018,44.653269921068855,-68.87091505577075,1.475582457443997,11.027315277214539,0.5420982969902305,11.013982552169287,0.001625697576179965,-0.001714522251351176,7.9005712551646115,S,1.0,1.0,1.0,1.7320508075688772,61.9102738111072,54.648540786038566,36.11224489795919,-14.893939393939394,2.9005712551646115
11180,42.54533804638137,-76.37050217086343,1.187966956875416,11.105689476616982,4.023818655672488,10.351097631522139,0.004029004168696477,0.009603107805897003,44.66376901675555,-68.76124044646598,1.4798662565913936,11.03052273215658,0.49646448078748784,11.019344570524122,0.0020416079000439655,-0.0027022081083026856,7.898646324948387,S,1.0,1.0,1.0,1.7320508075688772,61.81223550658364,54.54186178925219,36.11224489795919,-14.893939393939394,2.8986463249483867
11190,42.58692677343646,-76.2675413744144,1.1892573216225584,11.105280250460273,4.004665918990335,10.35808381499881,0.0044848057182371006,0.010706514967975273,44.67377250639612,-68.65158751700257,1.484117432172731,11.02384497707371,0.4508733390363567,11.0146207974083,0.0002896445214720599,-0.0029933221311032663,7.896687803845243,S,1.0,1.0,1.0,1.7320508075688772,61.714184151185215,54.43514018272669,36.11224489795919,-14.893939393939394,2.896687803845243
11200,42.628391153927176,-76.16453607643935,1.1906098553779605,11.104844445763602,3.984747635659996,10.365295772176923,0.004819344894996537,0.011539483304721378,44.68331890486003,-68.5418683183503,1.4883680312295986,11.026298056546556,0.40496677432211703,11.018858867573243,0.000722736411436338,-0.0036643777383381453,7.894795235581751,S,1.0,1.0,1.0,1.7320508075688772,61.61611948069061,54.3282945389455,36.11224489795919,-14.893939393939394,2.894795235581751
11210,42.669715882665244,-76.0614810472893,1.1920232405618876,11.104357475716055,3.9635043454480003,10.372916092020887,0.0053665052634314855,0.012957074393015765,44.69239964710557,-68.43207649952461,1.4926158440737987,11.029531413268039,0.35857557852163136,11.023701136676118,0.0012373360126670895,-0.0035761657497948105,7.892975570998751,S,1.0,1.0,1.0,1.7320508075688772,61.518034572225716,54.22131665918618,36.11224489795919,-14.893939393939394,2.8929755709987512
11220,42.71090181101108,-75.9583770092298,1.193500634458213,11.103853752812507,3.941889665541896,10.380610484385896,0.0056513999429559075,0.013735504187981275,44.70101995894667,-68.32221895042724,1.4968575388980807,11.03229045635853,0.31309610361742785,11.027846731949039,0.0015522326092361743,-0.00401164151713781,7.8912280502947025,S,1.0,1.0,1.0,1.7320508075688772,61.41993010682984,54.114213598780665,36.11224489795919,-14.893939393939394,2.8912280502947025
11230,42.751922445463286,-75.85521441268008,1.1950314404953002,11.103298606353878,3.9189937902516494,10.388682669801257,0.006321787318071175,0.01554178992869955,44.70915372632189,-68.21239580175836,1.5010672282771236,11.02525068182889,0.26835473660031806,11.02198431919192,-0.00032847793033034204,-0.004557678144057414,7.889450589630614,S,1.0,1.0,1.0,1.7320508075688772,61.32179359612183,54.00707949070818,36.11224489795919,-14.893939393939394,2.8894505896306137
11240,42.79280285752004,-75.75200270399101,1.19662789380108,11.102788198010634,3.896888400223698,10.396449709688698,0.006105816051692459,0.015063483204079386,44.716822519988035,-68.10251300641903,1.5052678529534862,11.02777777452214,0.22287855095235257,11.025525284346767,0.00015490079663163644,-0.004454663563790522,7.887746464917805,S,1.0,1.0,1.0,1.7320508075688772,61.22363697544685,53.89982432186755,36.11224489795919,-14.893939393939394,2.8877464649178046
11250,42.83351413603452,-75.64873238877055,1.1982914400560467,11.102170885341673,3.8718907828300986,10.405126627444936,0.006591592341389656,0.016463208307504244,44.72398935839218,-67.99255937023268,1.5094342734676751,11.031407858246547,0.17723711322395486,11.029983968287521,0.0007786203674885651,-0.001674875349362784,7.886119568972786,S,1.0,1.0,1.0,1.7320508075688772,61.12544749951106,53.79243056451912,36.11224489795919,-14.893939393939394,2.886119568972786
11260,42.87407184396193,-75.54540986268938,1.2000348161703835,11.101544100890795,3.846736788781609,10.413784014557693,0.006463773188365022,0.01628416012826797,44.73072769285865,-67.88255089669887,1.5136018787832617,11.034014006711239,0.13384093638184083,11.033202241600044,0.0010154814336364548,-0.004202493245821075,7.884578522273942,S,1.0,1.0,1.0,1.7320508075688772,61.02723304942918,53.684925208817724,36.11224489795919,-14.893939393939394,2.8845785222739417
11270,42.91442771188738,-75.44201865647423,1.2018431092240358,11.100776940933754,3.818801272703985,10.423243522625812,0.0073024597387133915,0.018708352301741494,44.737023101710896,-67.77249210891615,1.5177581556663404,11.036262298012131,0.09073748247840126,11.03588928087798,0.001145966654925978,-0.00568183989954439,7.883114322316027,S,1.0,1.0,1.0,1.7320508075688772,60.928971708180846,53.577309901622414,36.11224489795919,-14.893939393939394,2.883114322316027
11280,42.95458030307302,-75.33855731402446,1.203698151398206,11.100087687481626,3.7927353248144104,10.432023074441798,0.007507074891446792,0.01943026286612339,44.74282539060762,-67.66238522792338,1.5218734326976915,11.03828494024507,0.04684897346877133,11.038185520986953,0.0012449137301890755,-0.003358703052423294,7.881715447066645,S,1.0,1.0,1.0,1.7320508075688772,60.8306615885537,53.469578223268094,36.11224489795919,-14.893939393939394,2.881715447066645
11290,42.99453810133349,-75.23502851986069,1.2056014337731102,11.099472657443997,3.767201035759051,10.440617301171557,0.0072546632896154165,0.01890486271728021,44.74820202922696,-67.55224727890972,1.525985830913464,11.039101201425263,0.00430366679141056,11.039100362518715,0.0010426241691499241,-0.005805368134987823,7.880384810927886,S,1.0,1.0,1.0,1.7320508075688772,60.73230603755788,53.361757325648696,36.11224489795919,-14.893939393939394,2.880384810927886
11300,43.034304599769705,-75.13143417962382,1.2075652602843419,11.098857582999758,3.7404800127765068,10.44956692508023,0.006881941205686935,0.018054087966847123,44.75309283891732,-67.4420736715368,1.5300596265328181,11.040347749927983,-0.039163882369512446,11.040278285879284,0.0009258884713825669,-0.003682008456817125,7.8791178462033695,S,1.0,1.0,1.0,1.7320508075688772,60.63390708647092,53.253832436691056,36.11224489795919,-14.893939393939394,2.8791178462033695
11310,43.073880815609826,-75.0277761654864,1.2096067150205194,11.098171787090953,3.711778509249932,10.45906866379851,0.006520187253242525,0.017262745863604503,44.75756289287626,-67.33187747937593,1.5341287824736503,11.040689601779878,-0.08099342272476749,11.04039251785577,0.0006285189217872661,-0.006345659993449264,7.87792116768028,S,1.0,1.0,1.0,1.7320508075688772,60.53546645989426,53.14582649545788,36.11224489795919,-14.893939393939394,2.87792116768028
11320,43.113222220019395,-74.92404017013786,1.211710857996078,11.097336772457513,3.68064583902075,10.469179989332353,0.006978351447537119,0.01875584945710253,44.761552966741384,-67.22165251707776,1.538157367861804,11.04165836707666,-0.12361805739098658,11.040966355854948,0.0004369851479110417,-0.004401892689975528,7.87678676927348,S,1.0,1.0,1.0,1.7320508075688772,60.43696453880312,53.03772328038005,36.11224489795919,-14.893939393939394,2.8767867692734796
11330,43.1523353575524,-74.82022777848252,1.2138669331999594,11.096583545431653,3.6512732473756384,10.478662608069001,0.0067759631630480675,0.018404862959744216,44.76508848506559,-67.11140504451318,1.5421576523223286,11.042270444374878,-0.16543692992345477,11.041031074538848,0.00018268702184948707,-0.004024359544366018,7.875717147921586,S,1.0,1.0,1.0,1.7320508075688772,60.33840330359003,52.92953259865216,36.11224489795919,-14.893939393939394,2.875717147921586
11340,43.19122375042656,-74.71634061918454,1.2160804053085086,11.095849804247036,3.6215238416884405,10.488205182131553,0.006397536154337396,0.017550002964951725,44.76821523709859,-67.00114031168346,1.546154004139066,11.04261635987578,-0.2061794140571788,11.040691378741426,-4.8525770729629966e-05,-0.007172079231847896,7.874720181308081,S,1.0,1.0,1.0,1.7320508075688772,60.23978444473297,52.821266645113774,36.11224489795919,-14.893939393939394,2.8747201813080814
11350,43.22988261653438,-74.61237817610544,1.218358919066143,11.095071641641884,3.590369479472684,10.498088480006109,0.006087393587656141,0.0168914612701258,44.7708782250341,-66.89085331527674,1.5501109991718,11.043526617171493,-0.24737584352653602,11.04075565059814,-0.00024076401049769606,-0.005879999017245854,7.873792837115478,S,1.0,1.0,1.0,1.7320508075688772,60.14110655177703,52.712911022212566,36.11224489795919,-14.893939393939394,2.873792837115478
11360,43.268277382908664,-74.50832930697486,1.2206854945419399,11.094223748682957,3.5579533239750973,10.508223861826293,0.006292560886011491,0.017688205691369193,44.77308571522239,-66.78054662606203,1.5540325714851093,11.044391106746405,-0.28828962239498956,11.040627881257407,-0.000389051651185635,-0.005019775008954678,7.872932952871949,S,1.0,1.0,1.0,1.7320508075688772,60.0423540979955,52.604469142103646,36.11224489795919,-14.893939393939394,2.872932952871949
11370,43.306404374410434,-74.40419132063438,1.2230402965051637,11.093510596524899,3.527450520421409,10.517750243335737,0.006086000272123603,0.017245378918970718,44.77457598854342,-66.6700415476096,1.5577029124863695,11.062463889646077,-0.32621613032483915,11.057653021597273,0.003129252897941155,0.007460152607050994,7.872267818114749,S,1.0,1.0,1.0,1.7320508075688772,59.9435235446776,52.495721103249885,36.11224489795919,-14.893939393939394,2.872267818114749
11380,43.34427856214901,-74.29996827739335,1.2254245305599878,11.092953421358386,3.4981403413913026,10.526947789381188,0.005384633385151011,0.015303084878974454,44.775482834417915,-66.5592890053097,1.5609665744486385,11.084665514447511,-0.3324787636063598,11.079678128850707,0.00714065146266284,0.0010482906129711915,7.87187787394001,S,1.0,1.0,1.0,1.7320508075688772,59.84462029808311,52.38663991905588,36.11224489795919,-14.893939393939394,2.8718778739400097
11390,43.381923712451275,-74.19566924660467,1.22786562041136,11.09242606998987,3.4677590911917804,10.536439768899534,0.004378739493932351,0.012454659851712487,44.77598924222793,-66.44826466085445,1.5638228099078044,11.109316396093286,-0.3214398680256287,11.104665109752332,0.010985453689822086,-0.016425868915119,7.871829299255349,S,1.0,1.0,1.0,1.7320508075688772,59.74565585533702,52.2772313707385,36.11224489795919,-14.893939393939394,2.8718292992553494
11400,43.41933270482123,-74.09129544779206,1.2303896115108799,11.09168720849798,3.4336184743489278,10.546837881742919,0.0038720764829997976,0.011135911534721873,44.776186687755754,-66.33702708666382,1.5663221612252363,11.128710559297335,-0.30799872040037657,11.124447649247479,0.013228497764416008,-0.03587616804877203,7.872085527190348,S,1.0,1.0,1.0,1.7320508075688772,59.64663021482269,52.16756807345268,36.11224489795919,-14.893939393939394,2.8720855271903476
11410,43.45647704480426,-73.98684090717322,1.232998437494808,11.090684660608975,3.3965603597166076,10.557777415908568,0.003987953668123348,0.011754695384898532,44.77613451346632,-66.22568785263528,1.5685192697838455,11.137638054221023,-0.2956123078581423,11.133714330369495,0.01289109228181282,-0.05438577235173704,7.87254676521894,S,1.0,1.0,1.0,1.7320508075688772,59.54753357679481,52.05776967078516,36.11224489795919,-14.893939393939394,2.8725467652189396
11420,43.49334618066226,-73.88230393045372,1.2356872730752235,11.08955715988715,3.3590181824327012,10.568598528305012,0.004105879603266197,0.012439155046846478,44.77584486274848,-66.11432478183632,1.570456475343043,11.139340381679505,-0.2870461620247596,11.135641366341794,0.010886016633736862,-0.06834232342699612,7.873138060704105,S,1.0,1.0,1.0,1.7320508075688772,59.448362524448235,51.94791471882757,36.11224489795919,-14.893939393939394,2.873138060704105
11430,43.52991497250332,-73.77767756660978,1.2384408027575953,11.08833652991209,3.3208977263432033,10.579359398931082,0.004493476764019064,0.01395778955799297,44.77534027041675,-66.00300864177007,1.5721671508796211,11.134363578784196,-0.28022675689369336,11.130836683254177,0.007478539691282035,-0.07901948079963851,7.873789498300745,S,1.0,1.0,1.0,1.7320508075688772,59.3491065688641,51.838076553937135,36.11224489795919,-14.893939393939394,2.873789498300745
11440,43.566175330760665,-73.6729585437324,1.2412425872544774,11.087197972253596,3.2838938126944806,10.589712002830444,0.004663769659195755,0.014761328937629228,44.774602913524554,-65.89171008624761,1.5736707561929584,11.132457798234658,-0.27692623826345775,11.129012916159137,0.0050248861847861075,-0.08182134288779104,7.874523781149819,S,1.0,1.0,1.0,1.7320508075688772,59.24976093714453,51.72822306995555,36.11224489795919,-14.893939393939394,2.8745237811498194
11450,43.602150034548906,-73.5681779644113,1.2441062838310177,11.08394972232135,3.2471554441353296,10.597637612627157,0.003214406761811431,0.012351923707244427,44.773687592764304,-65.7804549015158,1.574994593105037,11.128085989521214,-0.27170914363269283,11.124768399002503,0.002137708101986348,-0.0848452467592273,7.875349563966282,S,1.0,1.0,1.0,1.7320508075688772,59.15035883897719,51.61838868134308,36.11224489795919,-14.893939393939394,2.8753495639662816
11460,43.63780613263374,-73.46329856900674,1.2470218141179445,11.083245913474077,3.208702229799524,10.60860829604993,0.0037091266806576284,0.013562070455972975,44.772629183967815,-65.6692613536514,1.5761549737287073,11.1219516471504,-0.2649590652378317,11.1187951296577,-0.0008691581108578408,-0.0862544390962576,7.876219872006068,S,1.0,1.0,1.0,1.7320508075688772,59.050858639607284,51.50859710857749,36.11224489795919,-14.893939393939394,2.876219872006068
11470,43.673162324466496,-73.35832433395034,1.2500021229993699,11.082834160949277,3.1703501928660556,10.619703041690876,0.0037223577068727213,0.013172767503189776,44.771447491731244,-65.55813137239494,1.5771586177018557,11.115642734152871,-0.25691281691300183,11.112673359630046,-0.0036278727822621044,-0.08578709780154929,7.87713403124081,S,1.0,1.0,1.0,1.7320508075688772,58.95126613351269,51.3988534734948,36.11224489795919,-14.893939393939394,2.87713403124081
11480,43.708191473775514,-73.25326908329076,1.2530428769421005,11.080432541576647,3.1298266929517364,10.629213055561427,0.0033042445297679114,0.013063777021679202,44.77017885121386,-65.44704375851988,1.578020103372183,11.111389707871282,-0.2470678256469148,11.108642524166397,-0.005644918347135057,-0.08475739660790903,7.878132457056849,S,1.0,1.0,1.0,1.7320508075688772,58.85159102499323,51.2891429177276,36.11224489795919,-14.893939393939394,2.878132457056849
11490,43.74290072000969,-73.14811366877318,1.2561421375329755,11.08008410420355,3.0902497327058613,10.640423879984084,0.0035272790552798327,0.013090798142603752,44.76885132681348,-65.33597444595416,1.5787597530912483,11.109492736545002,-0.23691004961587547,11.10696639464337,-0.006902885461660617,-0.08230622392901094,7.8792191164041325,S,1.0,1.0,1.0,1.7320508075688772,58.75181468446145,51.17944641213666,36.11224489795919,-14.893939393939394,2.8792191164041325
11500,43.777288076344334,-73.04288597049438,1.259314412340262,11.07721391760086,3.0485755671008206,10.649453281176744,0.002812972530874854,0.012213468795020194,44.76748722256924,-65.22490644407975,1.5793979334889428,11.109262478772317,-0.22701025639509326,11.106942836161076,-0.007589376440677588,-0.07832451755201905,7.880437692452297,S,1.0,1.0,1.0,1.7320508075688772,58.651963947420846,51.069750967672,36.11224489795919,-14.893939393939394,2.880437692452297
11510,43.81133948676842,-72.93758165262754,1.2625587516988992,11.074435837958827,3.0056621757302904,10.658758089686204,0.0024313681326530567,0.012068283568600225,44.76609332696542,-65.1138305769627,1.579945948296097,11.109943804980926,-0.21770409475470867,11.107810597816345,-0.007903521970860333,-0.07240758288480886,7.881791407372929,S,1.0,1.0,1.0,1.7320508075688772,58.5520321094153,50.96004869568823,36.11224489795919,-14.893939393939394,2.881791407372929
11520,43.845036684023626,-72.8321905974786,1.2658687958084658,11.072178222574545,2.9617737718296295,10.668693768074707,0.0024920455366952143,0.012812118266273983,44.7646771330515,-65.00274349044639,1.5804083495565433,11.110953517286568,-0.208132506136019,11.109003957294835,-0.007984770322474976,-0.06542602039890398,7.883272198605298,S,1.0,1.0,1.0,1.7320508075688772,58.45200613606892,50.85033757572295,36.11224489795919,-14.893939393939394,2.8832721986052983
11530,43.87837831733638,-72.72671118378716,1.269244202636871,11.070130453485573,2.917734917532847,10.678698947353011,0.0025248530323325,0.013190961993425124,44.76324138031567,-64.89164565199391,1.5807837622659104,11.111919108427465,-0.19802904416057532,11.110154399012837,-0.007928192508065243,-0.057648854547010187,7.884873780075348,S,1.0,1.0,1.0,1.7320508075688772,58.351883612992125,50.74061855362475,36.11224489795919,-14.893939393939394,2.884873780075348
11540,43.91135950455251,-72.6211408889965,1.2726869272486752,11.068298492627996,2.8729510896841908,10.688937438220583,0.0026582619956005706,0.013635872876386585,44.76178452640413,-64.78053937467803,1.5810626108829964,11.1126608118261,-0.18680113484904648,11.111090659998892,-0.007781149918922861,-0.04950415706240804,7.8865870200058374,S,1.0,1.0,1.0,1.7320508075688772,58.25166075827969,50.630893666044166,36.11224489795919,-14.893939393939394,2.8865870200058374
11550,43.94396496564693,-72.51547271669881,1.2761908806345632,11.066812020992327,2.8274250229350075,10.69953251537941,0.0030462069447631905,0.014599159709766267,44.76032640929004,-64.6694272097612,1.5812442351384728,11.113131865541986,-0.17362730127067524,11.111775439648614,-0.007549438844457821,-0.04259524362634895,7.888401365524132,S,1.0,1.0,1.0,1.7320508075688772,58.151327944291154,50.52116884168108,36.11224489795919,-14.893939393939394,2.888401365524132
11560,43.97618679409401,-72.40970428441628,1.2797482456115101,11.065430577437638,2.7820350350821133,10.70999696207555,0.003394775283540474,0.015308837098121794,44.75889359060856,-64.55831160911566,1.5813451434100216,11.113345304809622,-0.1600419986188799,11.112192871913813,-0.007248787659625174,-0.03672385611029304,7.89031031525847,S,1.0,1.0,1.0,1.7320508075688772,58.05088107068142,50.41145109141045,36.11224489795919,-14.893939393939394,2.8903103152584704
11570,44.00803050273711,-72.30384256168162,1.2833621696459876,11.063658623259752,2.736700034516848,10.719842118851627,0.0034079159212165996,0.015125816294057678,44.757505762483525,-64.44719467137926,1.5813914520560592,11.113346443207568,-0.1478939620732197,11.112362329529063,-0.006893847949283982,-0.031046683656129483,7.8923145678035675,S,1.0,1.0,1.0,1.7320508075688772,57.95032710905226,50.301745933981245,36.11224489795919,-14.893939393939394,2.8923145678035675
11580,44.03949183387922,-72.19789864015901,1.2870394283087645,11.060876598763102,2.6900815555547526,10.728767513443906,0.0032251397225306847,0.014966611289724204,44.7561561711915,-64.33607813648725,1.5813969378196295,11.113193635301664,-0.13809733987929412,11.112335573605923,-0.006497281374560381,-0.024262869818921097,7.894417610205899,S,1.0,1.0,1.0,1.7320508075688772,57.84967579231065,50.19205400794895,36.11224489795919,-14.893939393939394,2.894417610205899
11590,44.070553413799075,-72.09185693092334,1.2907786050083268,11.059265279858067,2.641980382850228,10.739054343232867,0.003609158724959291,0.015786351419231105,44.75483461755781,-64.22496312131366,1.5813598148044747,11.112943878322767,-0.1290594760858183,11.112194440990669,-0.006048170202618665,-0.01718428954452028,7.8965979369278125,S,1.0,1.0,1.0,1.7320508075688772,57.748908604413515,50.08237473455183,36.11224489795919,-14.893939393939394,2.8965979369278125
11600,44.10120050288454,-71.98570875527875,1.294566816260833,11.058202122001749,2.594002516943692,10.74965046469576,0.004125296628269638,0.016690509073455633,44.75354087728542,-64.11385017990173,1.581275719946309,11.112640518582921,-0.11955679873097967,11.111997366231154,-0.0055399561440445146,-0.010892644482172219,7.8988420287286525,S,1.0,1.0,1.0,1.7320508075688772,57.648014193602855,49.972708691649004,36.11224489795919,-14.893939393939394,2.8988420287286525
11610,44.131488917909444,-71.87947624201492,1.2984262913506905,11.056553831433469,2.548331977665446,10.758874790562153,0.003287950249178982,0.012746888137885281,44.7522807528941,-64.00273954026736,1.5811455610528053,11.112311014081653,-0.10969888769626884,11.111769536294325,-0.00498037965173268,-0.005674445363513801,7.9011621658488105,S,1.0,1.0,1.0,1.7320508075688772,57.54702150863137,49.86305718050732,36.11224489795919,-14.893939393939394,2.9011621658488105
11620,44.16132973467728,-71.7731408936777,1.3023100985911684,11.054538194528968,2.5001995386748614,10.768092540515697,0.0037877322534512273,0.014642232582706232,44.75105877779276,-63.891631290232795,1.5809739025220524,11.111971302662386,-0.100064017121803,11.111520752069442,-0.004384111903773442,-0.0013007501534066743,7.903541862575807,S,1.0,1.0,1.0,1.7320508075688772,57.44589915700266,49.75342115286647,36.11224489795919,-14.893939393939394,2.903541862575807
11630,44.190791176051334,-71.6667370841421,1.306264687205581,11.051146939020603,2.452576459440235,10.775561116639079,0.0028305143167208693,0.011572938172271303,44.74987628217798,-63.78052546592933,1.5807649811333537,11.111629621984083,-0.09091059067465976,11.111257720017898,-0.003765266092448541,0.0024228312689576065,7.906004670067348,S,1.0,1.0,1.0,1.7320508075688772,57.34468996812139,49.64380095947249,36.11224489795919,-14.893939393939394,2.9060046700673476
11640,44.21985341023283,-71.56027249480253,1.3102925764558329,11.046706316307956,2.4027898291886145,10.782222473845819,0.002043270660562293,0.010066476156295655,44.7487375184719,-63.66971760115417,1.5805223224890066,11.082390784675919,-0.0818668400817551,11.08208840087304,-0.009352823738079958,0.00537205311487229,7.908259917935549,S,1.0,1.0,1.0,1.7320508075688772,57.24339807249627,49.534488434863015,36.11224489795919,-14.893939393939394,2.908259917935549
11650,44.24835618143305,-71.45384944472114,1.314328678717773,11.028897083162507,2.345826234264259,10.776533308519397,4.455779829394199e-06,0.015581667090958897,44.747642183279225,-63.559082577850205,1.5802493757648333,11.065281972277157,-0.07336119963584466,11.06503878259764,-0.011306138252264659,0.007713162165672309,7.910539197417753,S,1.0,1.0,1.0,1.7320508075688772,57.14210121941259,49.425360366777845,36.11224489795919,-14.893939393939394,2.9105391974177532
11660,44.27646117871457,-71.34733923676913,1.3184565069737655,11.027360465448636,2.293810802353973,10.786153662819002,0.00033837394865606635,0.013772489969525077,44.74658975342204,-63.448504167034564,1.5799491541815542,11.059524662776916,-0.06535641577185705,11.05933154876407,-0.01066510004577441,0.009474597290654117,7.912813427323126,S,1.0,1.0,1.0,1.7320508075688772,57.04069408144821,49.31630228826723,36.11224489795919,-14.893939393939394,2.912813427323126
11670,44.30414705293504,-71.2406977992827,1.3226620750222868,11.029660417225756,2.241552655378871,10.799483812316243,0.0016976002694501539,0.013590361503159266,44.745580023342505,-63.33791619677443,1.5796242654109443,11.060240917316344,-0.05776509024855772,11.060090069408442,-0.008639481207130859,0.010688262613303733,7.915100765265464,S,1.0,1.0,1.0,1.7320508075688772,56.939129284761854,49.207249098692735,36.11224489795919,-14.893939393939394,2.915100765265464
11680,44.33133837096302,-71.13408125976464,1.3269027593783496,11.015435247317717,2.1871432545789937,10.796120510248073,-0.0005930663708827459,0.013865897416147235,44.74461310148485,-63.22729210211992,1.5792769949487842,11.063565027756256,-0.050510059454847336,11.06344972679341,-0.00613460063633752,0.01139497268896105,7.917582382668087,S,1.0,1.0,1.0,1.7320508075688772,56.83754968861804,49.09817476052061,36.11224489795919,-14.893939393939394,2.917582382668087
11690,44.358080937435695,-71.02731750147797,1.3312025245980332,11.018871849232077,2.13433992627509,10.810186395659752,0.0015441038378117462,0.014687988955016402,44.743689322981226,-63.11662943475264,1.578909384093477,11.067142380938302,-0.043531995028349306,11.067056765254687,-0.003698495650558934,0.01164515527043812,7.920080777115441,S,1.0,1.0,1.0,1.7320508075688772,56.73579072996005,48.98907702370594,36.11224489795919,-14.893939393939394,2.920080777115441
11700,44.38436329321731,-70.9203821131002,1.3355440429100038,11.024538084547729,2.082560424570847,10.826051083181467,0.0038601619812596074,0.015483845806696844,44.74280916461021,-63.005937200991106,1.5785232851635513,11.06985418420631,-0.036786428723381455,11.06979306122078,-0.001590128389816898,0.011496951090942021,7.922557775714115,S,1.0,1.0,1.0,1.7320508075688772,56.63382581557223,48.87996494011163,36.11224489795919,-14.893939393939394,2.9225577757141146
11710,44.41013657949384,-70.81343872820825,1.3398904966940803,11.013592561482792,2.030426496615991,10.82481359433911,0.002079315418877139,0.015130987818251306,44.74197318683986,-62.895227447371,1.5781203951719542,11.071403203166863,-0.03023857739734228,11.071361908795614,0.00012245134683987842,0.011013084469554015,7.925161539170876,S,1.0,1.0,1.0,1.7320508075688772,56.5318088526608,48.77085056802294,36.11224489795919,-14.893939393939394,2.925161539170876
11720,44.43544711616449,-70.70634827497467,1.344270775917023,11.017200422895161,1.979279456119374,10.837949898058447,0.003798377385907544,0.01479269282122665,44.74118200534357,-62.78451069953496,1.577702274790722,11.071937781362257,-0.02385882382837939,11.071912074744926,0.0014732822520485184,0.010257613246359683,7.9277351364756035,S,1.0,1.0,1.0,1.7320508075688772,56.42960818815778,48.66174447735643,36.11224489795919,-14.893939393939394,2.9277351364756035
11730,44.460263127536614,-70.59926532282175,1.348671303685846,11.005525531156428,1.9265550603555222,10.835588485004148,0.0016227383521564289,0.013265959685982261,44.74070279765736,-62.67380292801429,1.577474813601705,11.070747291821249,-0.01865985462390851,11.070731566124838,0.0023770231191412817,-0.002426915248175336,7.930422471727761,S,1.0,1.0,1.0,1.7320508075688772,56.32737119025146,48.55270996619739,36.11224489795919,-14.893939393939394,2.930422471727761
11740,44.48462780416801,-70.49205593935798,1.3531326919742783,11.007885410309044,1.8730720756918053,10.847356461634249,0.002971486977494148,0.012396999989108828,44.74016900584428,-62.56309576532864,1.5774104646840796,11.070522233711516,-0.04361383840975607,11.070436322033572,0.003199646678190519,0.014186684928385443,7.933077003729232,S,1.0,1.0,1.0,1.7320508075688772,56.22497095531599,48.44367392726717,36.11224489795919,-14.893939393939394,2.933077003729232
11750,44.508479578384275,-70.38483069544411,1.357624365800462,10.998587066856555,1.8174046916283824,10.847394048990358,0.0017158337184548446,0.012585117051358837,44.73957105000175,-62.4523898317571,1.577373524275801,11.07033740701408,-0.05285689571400416,11.070211219923072,0.003937332603225912,0.021470922645721865,7.935806280658934,S,1.0,1.0,1.0,1.7320508075688772,56.12250684212337,48.33463524823666,36.11224489795919,-14.893939393939394,2.935806280658934
11760,44.53182190938155,-70.27759709321143,1.3621504847056753,10.988838646012217,1.7615067490033018,10.846735396482549,0.0004939156695111728,0.012292591102495714,44.73893194090762,-62.34168553107885,1.5773093902907704,11.070133032872201,-0.05322152743372174,11.070005096408307,0.004561380336121042,0.023705773749608024,7.938613662797064,S,1.0,1.0,1.0,1.7320508075688772,56.01998587291331,48.22559841859308,36.11224489795919,-14.893939393939394,2.9386136627970636
11770,44.55465670478143,-70.17033927085134,1.3667198485278957,10.980903327698211,1.704697805299698,10.847775960299883,-0.00017931799605164038,0.012178244578538824,44.73827655678893,-62.23098296212261,1.5772098524963882,11.069922609846683,-0.05034729194097085,11.069808116593034,0.005062380310058724,0.02280217883001365,7.941479386550216,S,1.0,1.0,1.0,1.7320508075688772,55.91739175308737,48.116567998509716,36.11224489795919,-14.893939393939394,2.941479386550216
11780,44.57704746340747,-70.0629416755447,1.371379787806966,10.985570730761983,1.648098301179082,10.861240088968891,0.0017603666681249895,0.010886953290191124,44.73762134135163,-62.12028198427156,1.5770839985300864,11.069729739088476,-0.04716301632207753,11.0696292686951,0.005439036247350836,0.020342910788312317,7.944282657462114,S,1.0,1.0,1.0,1.7320508075688772,55.81461900989554,48.00754683640533,36.11224489795919,-14.893939393939394,2.9442826574621144
11790,44.59891745355048,-69.95550442642485,1.3760934815399148,10.979388920369118,1.5887341785339175,10.863834717754237,0.001494329450661308,0.012001751135555624,44.73697407761082,-62.009582294907595,1.576943020346861,11.069573272425798,-0.044707398994304974,11.069482990730812,0.005695230986814112,0.017330971928865388,7.947121375163631,S,1.0,1.0,1.0,1.7320508075688772,55.7117541896901,47.89853608821348,36.11224489795919,-14.893939393939394,2.947121375163631
11800,44.62025599404853,-69.84802768859171,1.3808511559166041,10.97318205021672,1.529540808592975,10.866058587272901,0.0013712455715592473,0.013121449776852447,44.73633702798361,-61.898883501005336,1.576794791502242,11.069464681940406,-0.04305167936627616,11.069380962711048,0.005837745520667773,0.014270262514466319,7.94999170574899,S,1.0,1.0,1.0,1.7320508075688772,55.608794925871415,47.78953583762393,36.11224489795919,-14.893939393939394,2.9499917057489897
11810,44.64104993974661,-69.7404770574009,1.38563941869765,10.970275454160632,1.4707871609281504,10.871233999294109,0.0020687238650433986,0.014737613463520234,44.73571001713695,-61.78818517713439,1.576643401545927,11.069408475580808,-0.04192922886280408,11.069329064538067,0.005874796623037084,0.011356655555895148,7.95285525325365,S,1.0,1.0,1.0,1.7320508075688772,55.50570429343564,47.68054569985936,36.11224489795919,-14.893939393939394,2.9528552532536496
11820,44.66131843815884,-69.63286222301505,1.390458677739985,10.966940128234459,1.4137009712189164,10.87544138599689,0.002274300543100689,0.01436472876698563,44.73509236912277,-61.67748690744829,1.5764903821446972,11.069403772893706,-0.041053154753145235,11.069327645608753,0.005815285920418944,0.008641933574436223,7.955717378364998,S,1.0,1.0,1.0,1.7320508075688772,55.40249390490687,47.57156520926862,36.11224489795919,-14.893939393939394,2.955717378364998
11830,44.681063109649834,-69.52518011700674,1.395313496011693,10.964188236296808,1.3561895170392306,10.879989599021783,0.0025745454906451167,0.01390862439426695,44.73448376383465,-61.5667883118578,1.576336008869934,11.069446284332223,-0.04022432298274696,11.06937320021134,0.005668520207560996,0.00613235212535891,7.9585710960294485,S,1.0,1.0,1.0,1.7320508075688772,55.29916010652182,47.46259399964408,36.11224489795919,-14.893939393939394,2.9585710960294485
11840,44.70035493372701,-69.41744564640507,1.4002442609239236,10.96131929929639,1.3000896255800034,10.883946331482287,0.0021150590551071652,0.008180706852813626,44.733884425869135,-61.456089058824105,1.5761801534327307,11.069530068912309,-0.0393354943918253,11.069460179495417,0.005444149519299111,0.0038317579965428507,7.961427192498977,S,1.0,1.0,1.0,1.7320508075688772,55.195727806136595,47.35363185189012,36.11224489795919,-14.893939393939394,2.9614271924989772
11850,44.71906920864545,-69.3096175598559,1.4051878915218419,10.960779589263792,1.2404578867364466,10.890360574180043,0.0032958328743069396,0.011244452417140106,44.7332950207711,-61.34538886899469,1.5760226877936372,11.069648718055829,-0.03834142495548394,11.069582317155758,0.0051521370753254666,0.0017519509949444284,7.964241396019298,S,1.0,1.0,1.0,1.7320508075688772,55.092136053811004,47.24467867975874,36.11224489795919,-14.893939393939394,2.9642413960192977
11860,44.737218344622804,-69.20170222802997,1.410148148512107,10.960086232109202,1.1814535437047466,10.896222177403375,0.00416076963120862,0.012867693397283464,44.73271648403997,-61.23468751322894,1.5758636027840547,11.069796036399431,-0.03722889838229802,11.069733433855117,0.004802695484159864,-9.06969506632349e-05,7.967015986717039,S,1.0,1.0,1.0,1.7320508075688772,54.98839214779318,47.135734497532376,36.11224489795919,-14.893939393939394,2.9670159867170387
11870,44.75481524917372,-69.09370276945076,1.4151300411179921,10.959550391811396,1.1229929333388486,10.901863678395742,0.004786396713409766,0.013330525004043654,44.73214987937619,-61.12398480831937,1.5757029951158192,11.069966307858897,-0.03599734431555336,11.069907779576727,0.004406159815599171,-0.001681369363071379,7.969750190499592,S,1.0,1.0,1.0,1.7320508075688772,54.88450029140391,47.026799390393265,36.11224489795919,-14.893939393939394,2.9697501904995924
11880,44.77194484679269,-68.98564906202364,1.4201782993976595,10.957506638269564,1.0666756986723136,10.905464441351569,0.004262128192036106,0.0075612244747992104,44.731596306845525,-61.01328061237077,1.575541018136436,11.07015433348197,-0.03464958040091885,11.070100106759996,0.003972821154645939,-0.003011165226862866,7.972470551949148,S,1.0,1.0,1.0,1.7320508075688772,54.780502535301245,46.91787349328584,36.11224489795919,-14.893939393939394,2.972470551949148
11890,44.78847151146681,-68.877481779013,1.4252212345888966,10.959668570282956,1.0069312320208665,10.913314100878294,0.005655699183252928,0.011192630389901042,44.731056850571825,-60.902574820772536,1.5753778391560582,11.070355371053664,-0.03318889133258277,11.070305620844838,0.00351274704724257,-0.004078892880415754,7.9751136315338975,S,1.0,1.0,1.0,1.7320508075688772,54.67631806083852,46.80895697741773,36.11224489795919,-14.893939393939394,2.9751136315338975
11900,44.80443437832258,-68.7692424572089,1.430270399127869,10.958556562744555,0.9492820478419167,10.917363488155775,0.0057547966245272775,0.011286477639820644,44.73053254980691,-60.79186736297433,1.575213614433669,11.070565057513862,-0.03161897202010102,11.070519903475866,0.0030356113659969633,-0.004890973698751956,7.977717397499866,S,1.0,1.0,1.0,1.7320508075688772,54.57199316610745,46.70005004173669,36.11224489795919,-14.893939393939394,2.977717397499866
11910,44.819880411908834,-68.66089944563598,1.4353496322454533,10.961360921896434,0.8929403635792563,10.924929783168823,0.006338698540801442,0.007981819967733558,44.730024381399346,-60.68115819988796,1.5750484790497281,11.070779352783026,-0.029944610449521118,11.070738855122181,0.002550547220415883,-0.005460361232606777,7.980247142495715,S,1.0,1.0,1.0,1.7320508075688772,54.46750324225018,46.591152907059644,36.11224489795919,-14.893939393939394,2.980247142495715
11920,44.83474478701368,-68.55247312582728,1.4404100732226996,10.961604198825015,0.8367950458613856,10.929617589967181,0.006456972666854792,0.00854120054438701,44.72953324734269,-60.570447321611745,1.5748825455576232,11.070994515140388,-0.0281721775342336,11.070958670444107,0.002066028414678719,-0.005805133027429585,7.982719173767955,S,1.0,1.0,1.0,1.7320508075688772,54.36285723332343,46.48226581141603,36.11224489795919,-14.893939393939394,2.982719173767955
11930,44.84909275526597,-68.4439659815526,1.4454921809286765,10.962666078259446,0.7815476344096797,10.93477164089717,0.006358472129108546,0.0046736575755475,44.72905996507007,-60.45973474520367,1.5747159064316087,11.07120710312821,-0.026309706094222254,11.071175841784907,0.001589779552300502,-0.00594710273586542,7.985133455754645,S,1.0,1.0,1.0,1.7320508075688772,54.258067215998466,46.373389005916806,36.11224489795919,-14.893939393939394,2.985133455754645
11940,44.86285250031959,-68.33538849432017,1.4505566251969837,10.962208641665438,0.724693936209372,10.93822823871516,0.0061694750078475245,0.005802657185290266,44.72860526012784,-60.34902051232513,1.5745486374346935,11.071413993406715,-0.024366648541740966,11.071387179565209,0.0011287121958709191,-0.005910583109374603,7.98749622005135,S,1.0,1.0,1.0,1.7320508075688772,54.15313116855827,46.26452275091334,36.11224489795919,-14.893939393939394,2.9874962200513497
11950,44.87602342954976,-68.22672567998605,1.45560924698496,10.963575493602534,0.6670687923563857,10.943263079638825,0.006371013503617539,0.007127486108078046,44.72816976145832,-60.23830468668037,1.574380800688149,11.071612404097438,-0.02235347068200897,11.07158983836164,0.0006888836994642674,-0.00572132038626675,7.989789150750782,S,1.0,1.0,1.0,1.7320508075688772,54.048033333174054,46.15566731242215,36.11224489795919,-14.893939393939394,2.9897891507507817
11960,44.88869056376655,-68.11799194713228,1.4606848951287223,10.96458714738546,0.6128245717754605,10.947447983746653,0.00587637997567546,0.0019692002384620903,44.72775399946526,-60.127587351256416,1.574212447154045,11.071799915815435,-0.020281206132969205,11.071781340350272,0.0002754755425308378,-0.005405582727262945,7.9920251615922275,S,1.0,1.0,1.0,1.7320508075688772,53.942800897894685,46.046822958860304,36.11224489795919,-14.893939393939394,2.9920251615922275
11970,44.900776234315074,-68.00919287893534,1.4657402730142277,10.964585826549827,0.5569769315818403,10.95043008495388,0.005433063239023528,0.002485544427604088,44.72735840679396,-60.01686860541769,1.5740436186180014,11.071974485797083,-0.018161042229734494,11.071959591268689,-0.00010721145766840422,-0.004989382353744408,7.994205466208728,S,1.0,1.0,1.0,1.7320508075688772,53.837425976967765,45.937989958140186,36.11224489795919,-14.893939393939394,2.9942054662087276
11980,44.91235872452759,-67.9003513312054,1.47082562778208,10.963374293106165,0.5019737987514385,10.951876469176785,0.004435078168639496,-0.002202791014499566,44.72698332154869,-59.90614856193091,1.5738743493333727,11.072134453243818,-0.016003966648524014,11.072122886951728,-0.000455747161142707,-0.004497818566778505,7.996351790429525,S,1.0,1.0,1.0,1.7320508075688772,53.731943104858,45.829168575154064,36.11224489795919,-14.893939393939394,2.996351790429525
11990,44.923347517533294,-67.79145785279671,1.4758996520364567,10.962640568975196,0.44394173341229354,10.953647975988442,0.0039067477123500265,-9.941149638366615e-05,44.72662899255242,-59.795427343998014,1.5737046674460546,11.07227853586655,-0.013820480480815111,11.07226991046237,-0.000767549106798205,-0.003954535547372729,7.99844997957168,S,1.0,1.0,1.0,1.7320508075688772,53.62632738196619,45.7203590696578,36.11224489795919,-14.893939393939394,2.9984499795716797
12000,44.93376102564456,-67.6825234308595,1.4809778298080263,10.96132894269711,0.38565974675275716,10.954542379750235,0.0032032404919384305,0.0009054847796856093,44.72629558621473,-59.68470508236629,1.5735345962594272,11.07240581864913,-0.01162037359979942,11.072399720917437,-0.0010408480880311638,-0.003381291731145409,8.00050874907668,S,1.0,1.0,1.0,1.7320508075688772,53.520591844765605,45.611561694546225,36.11224489795919,-14.893939393939394,3.0005087490766797
12010,44.94370226992602,-67.57359337910547,1.48612235273139,10.95663257513227,0.3289779347580671,10.951692604565373,0.0014544431374133265,-0.004898898757077805,44.72598319458321,-59.57398191257172,1.5733641553578612,11.072515736258909,-0.009412555681257944,11.07251173553213,-0.0012746438398267626,-0.00279763727129765,8.00257366172074,S,1.0,1.0,1.0,1.7320508075688772,53.41479741897083,45.50277669449986,36.11224489795919,-14.893939393939394,3.0025736617207404
12020,44.95304684366455,-67.46463614999583,1.491285026209223,10.95450255814159,0.2670392238693963,10.951247250849825,0.0008208248617913127,-0.0012222464680174362,44.72569184418624,-59.46325797235971,1.57319336158815,11.07260805037068,-0.007204936636337213,11.072605706247362,-0.0014686524228219187,-0.002220694197561656,8.00460761295263,S,1.0,1.0,1.0,1.7320508075688772,53.30889172042906,45.39400430497613,36.11224489795919,-14.893939393939394,3.004607612952629
12030,44.9617971649188,-67.35564202494837,1.4964662397534036,10.95363176258296,0.20524592227643723,10.951708674981049,0.0004923006869151247,0.0018516024283778791,44.7254215053251,-59.35253339929527,1.5730222299014902,11.072682825216768,-0.0050043511410156356,11.072681694346679,-0.0016232464247001829,-0.0016650320876648785,8.006598599058865,S,1.0,1.0,1.0,1.7320508075688772,53.202864756233424,45.28524475149429,36.11224489795919,-14.893939393939394,3.006598599058865
12040,44.970031659060716,-67.24660826965733,1.5016967681913267,10.953663664806824,0.14671828864371528,10.95268101541749,0.00017191629491123517,-0.0011729310279760333,44.72517210147408,-59.24180832863346,1.572850774030341,11.07274039569075,-0.002816522382046333,11.07274003747778,-0.0017393910627855685,-0.0011426278422519433,8.008544081089724,S,1.0,1.0,1.0,1.7320508075688772,53.09672612050305,45.17649824922079,36.11224489795919,-14.893939393939394,3.008544081089724
12050,44.97764301414852,-67.13750688562853,1.5069087897582796,10.95605703212638,0.08695282660045923,10.9557119758212,0.0005356288860867717,0.0028443299971065766,44.72494351860209,-59.13108289140993,1.5726790070637986,11.072781339002765,-0.0006460605742267724,11.072781320155004,-0.0018185753244134013,-0.0006629042436540034,8.01041086400995,S,1.0,1.0,1.0,1.7320508075688772,52.99042958890984,45.06776500278025,36.11224489795919,-14.893939393939394,3.01041086400995
12060,44.98465958987392,-67.02835299709486,1.5121073212966891,10.957380126488758,0.029147255700323525,10.957341359739411,0.0005642417714467926,0.004385864428984462,44.724735614089084,-59.020357212755606,1.5725069418544848,11.072806445687386,0.0015035086695850373,11.072806343611262,-0.0018627409403052734,-0.00023282701875034005,8.012212987382638,S,1.0,1.0,1.0,1.7320508075688772,52.88399402664464,44.95904520623369,36.11224489795919,-14.893939393939394,3.0122129873826378
12070,44.991148086155484,-66.91913579696173,1.5173219932885942,10.960287629938625,-0.026312611349096897,10.96025604525139,0.000863234311582464,0.0008605198070519809,44.724548225138705,-58.90963141049406,1.572334591331229,11.072816684753143,0.003629690839330701,11.072816089843268,-0.001874211715508375,0.00014294162120719565,8.013940104763636,S,1.0,1.0,1.0,1.7320508075688772,52.77741924912974,44.85033904326188,36.11224489795919,-14.893939393939394,3.013940104763636
12080,44.9970212169392,-66.80984764267177,1.5224933736082733,10.963821109023678,-0.0822185968558044,10.963512822677057,0.0012556936928959249,0.0030019202701831384,44.72438117650621,-58.79890559397345,1.5721619687044524,11.072813173482597,0.0057309487444784195,11.072811690400783,-0.0018556221389785185,0.00046185054776348055,8.015580147391088,S,1.0,1.0,1.0,1.7320508075688772,52.67068235298558,44.74164668747004,36.11224489795919,-14.893939393939394,3.0155801473910877
12090,45.0023691777317,-66.70051318206718,1.5276644061877582,10.965515950191296,-0.1353005931625213,10.964681199350467,0.001207683173553615,-0.0013939925251488928,44.72423428744233,-58.68817986314026,1.5719890875837825,11.072797146639838,0.0078066131989967605,11.072794394705689,-0.0018098478652183137,0.0007232368039967086,8.017159361693066,S,1.0,1.0,1.0,1.7320508075688772,52.563822134378036,44.63296830280014,36.11224489795919,-14.893939393939394,3.017159361693066
12100,45.007115380844915,-66.59113913536044,1.5327970810065037,10.96665760229399,-0.1905118906466465,10.965002698835729,0.001002171040550752,6.324572951341709e-05,44.7241073777815,-58.57745430784675,1.5718159620224386,11.07276992661292,0.009856782675985692,11.072765539445815,-0.0017399386941355933,0.000928082643988931,8.018680567557295,S,1.0,1.0,1.0,1.7320508075688772,52.456831604774756,44.52430404402676,36.11224489795919,-14.893939393939394,3.018680567557295
12110,45.0112773237748,-66.4817350027985,1.5379071956867463,10.967288884809458,-0.24609141018105474,10.964527554833367,0.0007234739915021173,0.000613018239002026,44.72400027313451,-58.46672900738139,1.5716426065019653,11.072732894903405,0.01188221610089709,11.072726519462877,-0.0016490549089332414,0.0010787617456448156,8.020152692461464,S,1.0,1.0,1.0,1.7320508075688772,52.34972238605608,44.41565405731565,36.11224489795919,-14.893939393939394,3.0201526924614637
12120,45.01492574304757,-66.37230115028946,1.5430317906235598,10.968280540432097,-0.2998915857916477,10.964179998996403,0.0006006839543053635,-0.00394628192631313,44.72391280917357,-58.35600403020877,1.57146903586998,11.072687465272375,0.013884222559711022,11.072678760442926,-0.0015404076831734067,0.001178782816774543,8.021577653123845,S,1.0,1.0,1.0,1.7320508075688772,52.24250621234733,44.30701848082645,36.11224489795919,-14.893939393939394,3.0215776531238454
12130,45.01796979130228,-66.26282517734052,1.5481158880634307,10.970602931242292,-0.3549917992668099,10.96485793329924,0.00063525191834294,-0.002110231925785787,44.72384483502301,-58.24527943390377,1.5712952652425825,11.072635058807363,0.01586455125590175,11.072623693666436,-0.001417204130688199,0.0012325377631804877,8.022938940189375,S,1.0,1.0,1.0,1.7320508075688772,52.13515476628051,44.19839744534473,36.11224489795919,-14.893939393939394,3.022938940189375
12140,45.020435075052156,-66.15332150927138,1.5531680372324055,10.971834578424476,-0.40879717780445196,10.964216291360277,0.00045848230796601664,-0.002037225407989131,44.72379621578976,-58.13455526526284,1.5711213098819832,11.072577081123125,0.017825284592341714,11.072562733019051,-0.0012825974409810827,0.0012450605016227137,8.024251160630211,S,1.0,1.0,1.0,1.7320508075688772,52.02768596696256,44.08979107493001,36.11224489795919,-14.893939393939394,3.024251160630211
12150,45.022385917054464,-66.04378495439025,1.5582205291791997,10.973855949666307,-0.4608079564072019,10.964176687345859,0.0006126421755831052,-0.006643440362424714,44.723766834285705,-58.023831560574564,1.5709471850587533,11.072514901859506,0.01976873678524669,11.072497254411344,-0.0011396424177399342,0.0012218014148390145,8.025510936729782,S,1.0,1.0,1.0,1.7320508075688772,51.920105102341026,43.98119948756981,36.11224489795919,-14.893939393939394,3.0255109367297823
12160,45.023744047115215,-65.93421343932788,1.563223296084297,10.976323612162858,-0.5135638517350138,10.964302632138306,0.0006236634198341183,-0.005534282464399446,44.72375659200754,-57.91310834603029,1.5707729059068942,11.07244983658811,0.021697359957768652,11.072428577702858,-0.0009912566206635499,0.0011684213764582012,8.026712863367322,S,1.0,1.0,1.0,1.7320508075688772,51.81239612017347,43.87262279583103,36.11224489795919,-14.893939393939394,3.0267128633673224
12170,45.024476397514505,-65.82454669399468,1.5681473478687626,10.984975114986785,-0.5656981315097455,10.970399441263991,0.0019521437700955298,-0.0029175875546206776,44.723765409450806,-57.802385638255686,1.5705984872787764,11.072383131189966,0.023613659214954043,11.072357951175468,-0.0008401872022537427,0.0010906082491693684,8.027795158233522,S,1.0,1.0,1.0,1.7320508075688772,51.704493327505986,43.764061107502606,36.11224489795919,-14.893939393939394,3.0277951582335216
12180,45.02456833621149,-65.71471442298383,1.5729330209337267,11.000570021299286,-0.6116776663588214,10.983550938835146,0.004551215015786477,-0.0016804088920352863,44.72379322584184,-57.69166344494358,1.5704239436058036,11.072315948724796,0.025520117776730123,11.072286538559872,-0.0006889834306307442,0.000993917795958117,8.028686857964416,S,1.0,1.0,1.0,1.7320508075688772,51.59632432277292,43.65551452622407,36.11224489795919,-14.893939393939394,3.0286868579644164
12190,45.02403171825015,-65.60466728749583,1.5775144320999224,11.02094739446291,-0.6482455074671574,11.00186617049887,0.007864897660577876,-0.003791757748794057,44.72383999837563,-57.580941765569094,1.5702492887695407,11.072249358763747,0.027419132849305226,11.072215408571042,-0.0005399748011088777,0.0008836400505256335,8.029339096083792,S,1.0,1.0,1.0,1.7320508075688772,51.487841941808306,43.54698315209719,36.11224489795919,-14.893939393939394,3.029339096083792
12200,45.02267680107909,-65.49407547706869,1.5816844348816923,11.073798654992727,-0.6762025574517532,11.053133797824689,0.017370586692360995,0.0011497001907635656,44.72390570104928,-57.47022059216825,1.5700745359869732,11.072184329129888,0.029312962550241753,11.072145526882132,-0.000395254557885565,0.0007646913868039675,8.029415382464258,S,1.0,1.0,1.0,1.7320508075688772,51.37868788059248,43.438467082277825,36.11224489795919,-14.893939393939394,3.029415382464258
12210,45.02072232201715,-65.38312459052364,1.5853302186341642,11.10742840314758,-0.6697972165830238,11.087215043450147,0.022061626067658616,-0.015384158145669072,44.72399032317961,-57.35949991016215,1.5698996977125337,11.072121719952516,0.031203683874428095,11.072077750429543,-0.0002566683794944392,0.0006415318100492497,8.029109719666314,S,1.0,1.0,1.0,1.7320508075688772,51.269082221451285,43.32996641154689,36.11224489795919,-14.893939393939394,3.029109719666314
12220,45.018341736038444,-65.27189896002174,1.5884732009941076,11.132748051101522,-0.6497304565732467,11.113772064565023,0.0247054948421441,-0.04095394828141814,44.72409386769046,-57.24877969920987,1.569724785558636,11.072062279911481,0.03309316139357532,11.072012823913617,-0.00012580792396922846,0.0005181063719450474,8.028513217354618,S,1.0,1.0,1.0,1.7320508075688772,51.159137707071196,43.221481232859496,36.11224489795919,-14.893939393939394,3.028513217354618
12230,45.01563972368633,-65.16052984760732,1.5912215932762037,11.145873456599631,-0.6332327568305095,11.127870927819437,0.024276592965060004,-0.06650386512658865,44.72421634924986,-57.138059934074555,1.5695498102355139,11.072006644497746,0.03498302613497837,11.071951378311082,-4.008888058521922e-06,0.000397809098126416,8.027761275518,S,1.0,1.0,1.0,1.7320508075688772,51.04900151089701,43.113011637872326,36.11224489795919,-14.893939393939394,3.0277612755179995
12240,45.012666556030894,-65.04911261608757,1.5936724372146354,11.150280989450497,-0.6239363693401189,11.13281049648811,0.021704451526271974,-0.08843779557796577,44.72435779233542,-57.02734058547702,1.5693747815137498,11.071955337266793,0.036874663864818864,11.071893932367464,0.0001076470548744376,0.0002834671960609364,8.026951379839629,S,1.0,1.0,1.0,1.7320508075688772,50.938776061416725,43.00455771743904,36.11224489795919,-14.893939393939394,3.0269513798396286
12250,45.00943870772488,-64.9376968963791,1.5958891105276651,11.150283284906196,-0.6207174084220732,11.132992734774433,0.01803487467279039,-0.10538650650308004,44.724518229267304,-56.916621620972194,1.569199708189115,11.071908768054847,0.03876921190329024,11.071840891032448,0.00020832555767363167,0.000177344604451759,8.026134078919215,S,1.0,1.0,1.0,1.7320508075688772,50.82851289041932,42.89611956211587,36.11224489795919,-14.893939393939394,3.026134078919215
12260,45.00601149710552,-64.82633125365743,1.597924003891343,11.145644918093307,-0.6181074070288228,11.128492434898595,0.013000182658431978,-0.11576678922870162,44.72469769834306,-56.80590300575278,1.5690245981059043,11.071867240930661,0.0406675632576868,11.071792553606313,0.0002974315423798988,8.11574530661071e-05,8.025360224510859,S,1.0,1.0,1.0,1.7320508075688772,50.71826930360032,42.78769726261054,36.11224489795919,-14.893939393939394,3.025360224510859
12270,45.002370937180686,-64.71521687513314,1.5997816277050034,11.121527625227797,-0.6167600709943964,11.104412804535503,0.004185691449953288,-0.11888401928587836,44.72489624199628,-56.69518470342083,1.5688494581439205,11.071830958527634,0.04257037717380723,11.071749118237744,0.0003745970474270934,-3.8914245556027715e-06,8.024830729789143,S,1.0,1.0,1.0,1.7320508075688772,50.60824074052908,42.67929091019891,36.11224489795919,-14.893939393939394,3.0248307297891426
12280,44.998589607331425,-64.60431246853,1.601535748496496,11.101324785582158,-0.6176628482408135,11.084128499836321,-0.002984024865215611,-0.1214178747398614,44.72511390514187,-56.58446667674868,1.568674294258555,11.07180002455993,0.04447809473451554,11.071710684575084,0.00043966613903776645,-7.707410677938046e-05,8.024507180110223,S,1.0,1.0,1.0,1.7320508075688772,50.498399118276716,42.57090059716324,36.11224489795919,-14.893939393939394,3.0245071801102235
12290,44.99458991792574,-64.49347112276558,1.6031961973720958,11.09585967552865,-0.6261980784053474,11.078175748092473,-0.006561059785264312,-0.10992925307177538,44.72535073366689,-56.47374888836229,1.5684991115205917,11.07177445313328,0.0463909584119296,11.071677263180694,0.0004926792540948557,-0.0001380880196590557,8.024240428559139,S,1.0,1.0,1.0,1.7320508075688772,50.38858601680107,42.462526417178736,36.11224489795919,-14.893939393939394,3.024240428559139
12300,44.990503608329476,-64.3826307332148,1.6048339390215494,11.095983062614875,-0.6313971771801009,11.078004230477852,-0.00843052653411087,-0.1048259593199261,44.72560677310661,-56.36303130136908,1.5683239141676086,11.071754176095652,0.048309034419926455,11.071648782953917,0.000533855302618782,-0.00018700245352518163,8.02397316674048,S,1.0,1.0,1.0,1.7320508075688772,50.278763391737655,42.35416846567872,36.11224489795919,-14.893939393939394,3.023973166740481
12310,44.98630424178935,-64.27176823073205,1.6064773089961555,11.098559486274604,-0.6423106095627211,11.079957569919623,-0.009687242473391587,-0.09370536472651099,44.72588206751671,-56.252313879924,1.568148705664333,11.071739051171638,0.05023223679218776,11.071625099307957,0.0005635727641860179,-0.00022420240608652777,8.023681685706817,S,1.0,1.0,1.0,1.7320508075688772,50.16890381375113,42.24582684019483,36.11224489795919,-14.893939393939394,3.0236816857068174
12320,44.98201728518833,-64.16087531901599,1.608144728164261,11.101825256300938,-0.6530607027289796,11.082600585602304,-0.010490264358566799,-0.08255145358195644,44.7261766585457,-56.14159658973008,1.5679734887695944,11.071728870551762,0.052160352204815845,11.07160600277427,0.0005823500732947294,-0.00025033186140353196,8.023358758289342,S,1.0,1.0,1.0,1.7320508075688772,50.059003562264955,42.137501640670436,36.11224489795919,-14.893939393939394,3.0233587582893424
12330,44.97756733205663,-64.04996057021897,1.609802656144505,11.104563582639644,-0.6664580726385777,11.084546269392423,-0.01135614310414261,-0.06594088946305379,44.72649058470465,-56.03087939847177,1.5677982656077611,11.07172336972493,0.05409306467539184,11.07159122782571,0.0005908256479676475,-0.00026623831443208434,8.023010804687436,S,1.0,1.0,1.0,1.7320508075688772,49.94905764619947,42.02919296974555,36.11224489795919,-14.893939393939394,3.023010804687436
12340,44.97296330101628,-63.9390292168543,1.6114178807889783,11.106651780809488,-0.6749288087561564,11.086125783305436,-0.011977200550149544,-0.052024744819430105,44.72682388082587,-55.920162276180605,1.5676230377427072,11.07172223639243,0.056029979403566535,11.0715804617604,0.0005897378925767712,-0.00027292003297967765,8.022643680633037,S,1.0,1.0,1.0,1.7320508075688772,49.83907268756177,41.9209009330117,36.11224489795919,-14.893939393939394,3.0226436806330366
12350,44.9682172829358,-63.828087680877175,1.6129824836728706,11.108032709785975,-0.6813281298885637,11.087117869901885,-0.01243108546160423,-0.03974181169665736,44.72717657769764,-55.80944519553354,1.567447806252511,11.071725119317755,0.05797064515846212,11.071573353504535,0.0005799054753718254,-0.00027147722223461694,8.022264513797811,S,1.0,1.0,1.0,1.7320508075688772,49.72905705371342,41.8126256392354,36.11224489795919,-14.893939393939394,3.0222645137978112
12360,44.963317865831996,-63.717142639895485,1.6144837957462361,11.108813643051125,-0.6872677957807322,11.087533699291358,-0.012762639923729462,-0.027859718751655146,44.72754870185853,-55.69872813208564,1.5672725718032836,11.071731636983841,0.05991457475998755,11.071569522209588,0.0005622081494480658,-0.0002630679388231841,8.021879974029538,S,1.0,1.0,1.0,1.7320508075688772,49.619015184488966,41.70436720054902,36.11224489795919,-14.893939393939394,3.021879974029538
12370,44.95825941065697,-63.60619772111588,1.6159011846609919,11.10925045283451,-0.691261017449852,11.087723112955066,-0.0128739963443934,-0.0175974420722332,44.727940275532596,-55.58801106443941,1.567097334720718,11.071741385942257,0.061861263340398036,11.07156856553237,0.000537568352685665,-0.00024886929532588574,8.021493886135497,S,1.0,1.0,1.0,1.7320508075688772,49.50894953533588,41.59612573260797,36.11224489795919,-14.893939393939394,3.021493886135497
12380,44.953045302061334,-63.495253957927986,1.6172155137141369,11.109557663981391,-0.6926653492261015,11.087943281028684,-0.012708553019823871,-0.00961074609063574,44.728351316685426,-55.47729397435389,1.5669220950581564,11.071753948756882,0.06381020420708738,11.071570067504096,0.0005069337895611898,-0.0002300442207806648,8.02110775923498,S,1.0,1.0,1.0,1.7320508075688772,49.39886161778369,41.48790135471383,36.11224489795919,-14.893939393939394,3.0211077592349795
12390,44.947699494548566,-63.3843102751326,1.6184245991112924,11.109859072476311,-0.6916948622140162,11.08830585923165,-0.012229313934771948,-0.004642373901361151,44.72878183918076,-55.36657684679733,1.5667468526601682,11.0717689014575,0.06576090224030634,11.071573605907064,0.00047126116451110434,-0.00020771379682175376,8.020721555301403,S,1.0,1.0,1.0,1.7320508075688772,49.28875456048836,41.379694189903276,36.11224489795919,-14.893939393939394,3.020721555301403
12400,44.9421335431077,-63.27337139924165,1.619456298512541,11.110143648362426,-0.6899289780592157,11.08870100113093,-0.011755153668663223,0.003282598074443286,44.729231853017524,-55.25585966994742,1.566571607220834,11.071785820435936,0.06771288486112167,11.071578759094388,0.00043150120446213043,-0.00018293498956341243,8.020337989075882,S,1.0,1.0,1.0,1.7320508075688772,49.17861704685672,41.27150436500314,36.11224489795919,-14.893939393939394,3.020337989075882
12410,44.93637668996383,-63.1623995856459,1.6202418122413187,11.113899009311666,-0.6770193192013197,11.093259035585845,-0.010088606629978942,0.004301463830322257,44.72970136462872,-55.14514243514403,1.566396358336126,11.071804288729833,0.069665710690619,11.071585112200074,0.00038858507670890544,-0.0001566834447177662,8.019920629742899,S,1.0,1.0,1.0,1.7320508075688772,49.068417043562995,41.1633320106527,36.11224489795919,-14.893939393939394,3.0199206297428987
12420,44.93049192873252,-63.05135275302759,1.6207630228476089,11.121473026013204,-0.6560507052599057,11.102106094812248,-0.007348187491846356,-0.0005265306769499482,44.730190377224645,-55.034425136799165,1.566221105549971,11.071823901656696,0.07161897607336513,11.071592262703803,0.00034341227894965393,-0.00012984089934141632,8.019429475678578,S,1.0,1.0,1.0,1.7320508075688772,48.95812437311941,41.05517726129459,36.11224489795919,-14.893939393939394,3.019429475678578
12430,44.924622038025156,-62.94031472745906,1.6210972187751729,11.120239970205635,-0.6314815989969008,11.102295617802984,-0.006238228762531595,-0.011981053974054513,44.730698891165304,-54.92370777226921,1.5660458483937303,11.071844271768937,0.07357231968668432,11.071599825322378,0.00029684004895056955,-0.00010318670371554779,8.01895212985377,S,1.0,1.0,1.0,1.7320508075688772,48.84784717414068,40.9470402551362,36.11224489795919,-14.893939393939394,3.018952129853769
12440,44.918793712113924,-62.82929679037228,1.6213434538611504,11.117881407357357,-0.616636913989282,11.100767806974803,-0.005463438386710278,-0.01904977599378923,44.731226904348354,-54.81299034169504,1.5658705864190139,11.071865033108132,0.07552542546789687,11.071607436206833,0.00024967431388819183,-7.739291718491914e-05,8.018500507356702,S,1.0,1.0,1.0,1.7320508075688772,48.737601405278895,40.83892113408447,36.11224489795919,-14.893939393939394,3.018500507356702
12450,44.912979578973896,-62.71830135795618,1.6215423847735784,11.115471867033369,-0.6092791477387344,11.098760910432347,-0.004901483271870552,-0.020946385482567508,44.731774412600586,-54.70227284781829,1.5656953192230574,11.071885844431131,0.07747802410453901,11.071614756118247,0.0002026621070911879,-5.3022407911559824e-05,8.018076352072471,S,1.0,1.0,1.0,1.7320508075688772,48.62738455017821,40.73082004365967,36.11224489795919,-14.893939393939394,3.0180763520724714
12460,44.90717451532893,-62.60732415754464,1.6217053684868596,11.11351453820706,-0.6037321532646048,11.097103805860975,-0.00428255303687672,-0.021114915312326947,44.73234141007663,-54.59155529575747,1.5655200464768675,11.07190639388419,0.07942989329001685,11.071621475058905,0.00015648596655307818,-3.053011728011805e-05,8.017675290275161,S,1.0,1.0,1.0,1.7320508075688772,48.51719151573311,40.622737132873006,36.11224489795919,-14.893939393939394,3.017675290275161
12470,44.90137308735276,-62.496359640322254,1.6218348277540378,11.112130800955482,-0.5989034907134116,11.095979701962094,-0.003587438835883785,-0.019894208988265723,44.7329278896003,-54.48083769278526,1.565344767913575,11.071926399427376,0.08138085706509557,11.071627312660059,0.00011175897781075548,-1.0263779379781294e-05,8.017291679619317,S,1.0,1.0,1.0,1.7320508075688772,48.407015892769444,40.51467255409497,36.11224489795919,-14.893939393939394,3.0172916796193174
12480,44.89558213799397,-62.38540239792106,1.621936401894661,11.111244963156194,-0.5940899961676609,11.095351355757844,-0.002801528492924828,-0.018362815490424816,44.73353384307289,-54.37012004812683,1.565169483374634,11.071945607199085,0.0833307841472766,11.071632016518095,6.902097318812602e-05,7.527318409449168e-06,8.016920281305646,S,1.0,1.0,1.0,1.7320508075688772,48.2968536380036,40.40662646296003,36.11224489795919,-14.893939393939394,3.016920281305646
12490,44.88979043346182,-62.27444952830219,1.622007396815834,11.110705593671254,-0.5899288613440437,11.095033245907423,-0.0020262670833121965,-0.015610890030336848,44.73415926177019,-54.25940237266364,1.564994192785509,11.071963800945788,0.08527958578372137,11.071635371601724,2.8738704821729648e-05,2.2690788548865488e-05,8.016557987609882,S,1.0,1.0,1.0,1.7320508075688772,48.18669988928768,40.298599018156935,36.11224489795919,-14.893939393939394,3.0165579876098825
12500,44.88399949333211,-62.16349893729437,1.622043028998199,11.11036872588481,-0.5850177322559155,11.094955947549561,-0.0012365124984662032,-0.013074787500128091,44.734804136661104,-54.14868467870116,1.5648188961623444,11.071980795884203,0.08722721292857306,11.07163719409886,-8.69635794814553e-06,3.516133938255646e-05,8.016202770277287,S,1.0,1.0,1.0,1.7320508075688772,48.076552893320326,40.190590381287635,36.11224489795919,-14.893939393939394,3.016202770277287
12510,44.87823781206825,-62.05254830233262,1.6220607950468802,11.110123901864354,-0.579659393081365,11.09499202806339,-0.0004133373015282781,-0.011896079924793366,44.73546845868763,-54.037966979720764,1.5646435936079384,11.071996440183161,0.0891736529828792,11.07163733288994,-4.2966955452438895e-05,4.495307141088612e-05,8.01585284701656,S,1.0,1.0,1.0,1.7320508075688772,47.96641560451432,40.082600716703936,36.11224489795919,-14.893939393939394,3.0158528470165606
12520,44.872530634664216,-61.94159618934601,1.6220994882947086,11.109903474371292,-0.5768059867661405,11.094920011585394,0.00034800570897480006,-0.010759543108432055,44.73615221901234,-53.92724929013417,1.5644682853040113,11.072010614534298,0.09111892613776737,11.07163566911681,-7.382841856792985e-05,5.215046573070394e-05,8.01550717629035,S,1.0,1.0,1.0,1.7320508075688772,47.85629129097957,39.974630191341255,36.11224489795919,-14.893939393939394,3.0155071762903507
12530,44.86695289302607,-61.83063894476911,1.62225330370072,11.109673827343062,-0.5788234234560466,11.094584985226355,0.0011075387434925214,-0.01124632579484035,44.7368554092329,-53.816531625045,1.564292971501235,11.072023231159479,0.09306308138853826,11.071632115195015,-0.00010110613695358568,5.689864353788289e-05,8.015163222751292,S,1.0,1.0,1.0,1.7320508075688772,47.74619018103692,39.86667897455337,36.11224489795919,-14.893939393939394,3.0151632227512923
12540,44.86141845070528,-61.71968191444617,1.6225560148477585,11.109373031513249,-0.592982561980728,11.093535993293601,0.001327045964093566,-0.0032689816574276876,44.73757802156238,-53.70581400002046,1.564117652507823,11.07203423243438,0.09500619227877549,11.071626613448787,-0.00012469222976119968,5.9393103975994825e-05,8.014824726826667,S,1.0,1.0,1.0,1.7320508075688772,47.636101860383874,39.75874723795113,36.11224489795919,-14.893939393939394,3.0148247268266672
12550,44.85586548310393,-61.60872913151721,1.6229788664918057,11.109009021591145,-0.6093953766896909,11.09228194361569,0.0013439057230920598,0.006739865922938593,44.738320048974444,-53.59509643087553,1.5639423286773428,11.072043589187095,0.09694835243279805,11.071619134427431,-0.00014454153746432536,5.986911615775992e-05,8.014494743268495,S,1.0,1.0,1.0,1.7320508075688772,47.52601899131751,39.65083515524679,36.11224489795919,-14.893939393939394,3.0144947432684948
12560,44.8501804592466,-61.49778697264171,1.6234205786736422,11.108612979827464,-0.6237733335660101,11.091086022744715,0.0011399249691517658,0.019432112854537213,44.73908148531311,-53.48437893347177,1.5637670003963728,11.072051298729233,0.0988896709505321,11.071609674960142,-0.00016066705099393667,5.859095207823287e-05,8.01417814777302,S,1.0,1.0,1.0,1.7320508075688772,47.415926934017946,39.54294290210595,36.11224489795919,-14.893939393939394,3.01417814777302
12570,44.84440197951382,-61.38685203127631,1.623820351662204,11.108331429369175,-0.6272313721789493,11.090608998177942,0.0013130186947823985,0.023970624159512025,44.73986232536701,-53.37366152353227,1.5635916680725197,11.072057382669321,0.10083026774588576,11.071598255998477,-0.00017313489335124457,5.584117975678992e-05,8.013872388096054,S,1.0,1.0,1.0,1.7320508075688772,47.3058293744015,39.4350706560086,36.11224489795919,-14.893939393939394,3.013872388096054
12580,44.838560132455974,-61.275921776789595,1.6241715702795574,11.108145144815632,-0.6272037195877822,11.090423979831716,0.0016219854104705948,0.02471291608804787,44.74066256490891,-53.26294421647419,1.56341633212326,11.072061884561114,0.10277026892637228,11.071584920298259,-0.00018205896375906523,5.1910253509998424e-05,8.01357556374493,S,1.0,1.0,1.0,1.7320508075688772,47.19572933364667,39.32721859612027,36.11224489795919,-14.893939393939394,3.0135755637449293
12590,44.83268265603939,-61.16499408495088,1.6244921141955495,11.108035284707217,-0.6269601231308461,11.090327717894738,0.0019901965902135235,0.023038188516549905,44.741482200701924,-53.15222702725952,1.563240992965943,11.072064867434452,0.10470980232306096,11.071569729987422,-0.00018759534989051403,4.7086664303731716e-05,8.013286057784132,S,1.0,1.0,1.0,1.7320508075688772,47.085629834495435,39.21938690317459,36.11224489795919,-14.893939393939394,3.013286057784132
12600,44.82677480483783,-61.0540683744167,1.6247998112253665,11.107971114442076,-0.6285328393572427,11.090174423746863,0.0023023167333748474,0.02103818422929507,44.74232123047452,-53.04150997026492,1.5630656510092023,11.072066411253894,0.10664899329024734,11.071552764063714,-0.0001899366070044771,4.164791375144464e-05,8.013003468498319,S,1.0,1.0,1.0,1.7320508075688772,46.97553127950959,39.111575759367945,36.11224489795919,-14.893939393939394,3.0130034684983187
12610,44.820826504729986,-60.9431450133088,1.6250977233614963,11.10793754305341,-0.6314747700705574,11.089973673329427,0.002523454358745957,0.01938687536918996,44.7431796528674,-52.93079305917064,1.5628903066459146,11.072066610349292,0.10858796089478434,11.071534115864901,-0.00018930599553207989,3.585257333802222e-05,8.012728179002815,S,1.0,1.0,1.0,1.7320508075688772,46.865432162487835,39.00378534826714,36.11224489795919,-14.893939393939394,3.0127281790028153
12620,44.814837791442656,-60.83222376889262,1.625384599512581,11.10793557134274,-0.634303270592318,11.089810278720607,0.0027062060634265605,0.017214583228722956,44.74405746735593,-52.82007630686867,1.5627149602477306,11.072065570855642,0.11052681461237436,11.071513890547152,-0.0001859517613237356,2.99336621610932e-05,8.01246009709219,S,1.0,1.0,1.0,1.7320508075688772,46.75533225615856,38.89601585473058,36.11224489795919,-14.893939393939394,3.0124600970921893
12630,44.80880931580756,-60.72130442687941,1.6256602575570696,11.1079597248703,-0.6370699479664389,11.089675880328455,0.0028409751734535097,0.014774674640035592,44.744954674152844,-52.709359725389675,1.5625396121611386,11.072063408200034,0.11246565163109651,11.071492202607802,-0.00018014153389747005,2.4093536628615775e-05,8.012199155973992,S,1.0,1.0,1.0,1.7320508075688772,46.645231466207996,38.788267464843706,36.11224489795919,-14.893939393939394,3.012199155973992
12640,44.80275067032573,-60.61038631336797,1.625931726963737,11.108006180916359,-0.6398397055323066,11.089562952005835,0.0029473269174721916,0.011816085555168533,44.745871274095975,-52.59864332584829,1.5623642627049097,11.072060244663973,0.11440455484675627,11.071469173479136,-0.0001721569108208097,1.8500425582480704e-05,8.011944892707772,S,1.0,1.0,1.0,1.7320508075688772,46.53513091758168,38.68054036586913,36.11224489795919,-14.893939393939394,3.0119448927077723
12650,44.79665958171421,-60.49946952299026,1.626204627773474,11.10806474453677,-0.6435122482484518,11.089409107575344,0.0029718115561711785,0.009381638130237716,44.74680726852686,-52.48792711840603,1.5621889121687433,11.072056207048705,0.11634359160116559,11.071444929219451,-0.00016228828742344918,1.3286673368344012e-05,8.01169750761856,S,1.0,1.0,1.0,1.7320508075688772,46.42503028271695,38.57283474621188,36.11224489795919,-14.893939393939394,3.0116975076185604
12660,44.79052498192625,-60.388554622956406,1.6264737763960373,11.10813511414298,-0.647549797560538,11.089244562806593,0.002910571530521621,0.007652255693177054,44.74776265916539,-52.37721111225142,1.5620135608127819,11.072051424420867,0.11828281318377584,11.071419598277606,-0.00015082999236662413,8.548677653928987e-06,8.011457636582918,S,1.0,1.0,1.0,1.7320508075688772,46.3149280475754,38.46515079540074,36.11224489795919,-14.893939393939394,3.011457636582918
12670,44.78434872901957,-60.27764134757312,1.6267338355430918,11.108225065990473,-0.6507429504099932,11.089147745845517,0.0028300148421439757,0.005597271766898039,44.748737447990514,-52.26649531558638,1.5618382088708498,11.072046026980264,0.12022225507581899,11.071393310372184,-0.0001380755520448473,4.348229650166982e-06,8.011225181528317,S,1.0,1.0,1.0,1.7320508075688772,46.20482429219865,38.357488704076786,36.11224489795919,-14.893939393939394,3.0112251815283173
12680,44.77813386174204,-60.16672938673683,1.6269832384365936,11.10833261961251,-0.65343848543844,11.089096975574487,0.002723676011661794,0.0034514407069423493,44.74973163710822,-52.15577973565551,1.5616628565395683,11.072040141375966,0.12216193789801771,11.071366191810734,-0.00012431415145429126,7.163490557240802e-07,8.010999999907886,S,1.0,1.0,1.0,1.7320508075688772,46.094719277424325,38.24984866402111,36.11224489795919,-14.893939393939394,3.0109999999078862
12690,44.77189195353243,-60.055817980034256,1.6272289061336394,11.108454480796363,-0.6559058039184751,11.08907338456694,0.0026118434562294427,0.0009777086889605187,44.7507452286756,-52.045064378757715,1.561487504000657,11.072033892038602,0.12410186890781975,11.071338366818397,-0.00010982615472425597,-2.3447797293937755e-06,8.010781512707561,S,1.0,1.0,1.0,1.7320508075688772,45.98461443300652,38.14223086817786,36.11224489795919,-14.893939393939394,3.0107815127075614
12700,44.76560806386179,-59.94490798361912,1.627465920053125,11.10858045673667,-0.6590970683685337,11.089010362438113,0.0024036453121325315,-0.000163977214149963,44.751778224786186,-51.934349250269676,1.5613121514035622,11.07202739962498,0.12604204403624375,11.07130995597095,-9.487981429344798e-05,-4.854185231366789e-06,8.010570671611971,S,1.0,1.0,1.0,1.7320508075688772,45.874507789722486,38.034635510680054,36.11224489795919,-14.893939393939394,3.010570671611971
12710,44.7592768822011,-59.833999573456104,1.62768064928764,11.108718619499134,-0.6610546026778625,11.08903224720197,0.0021829024381956924,-0.00130842202020295,44.752830627408265,-51.823634354702605,1.5611367988738454,11.07202077747096,0.12798245019227156,11.071281072630729,-7.97288747397685e-05,-6.848536222101272e-06,8.01036781253,S,1.0,1.0,1.0,1.7320508075688772,45.764398511016026,37.9270627869201,36.11224489795919,-14.893939393939394,3.0103678125299993
12720,44.75289308639815,-59.72309289384024,1.6278553511256808,11.108870926701586,-0.6612530993760646,11.089172990114335,0.001958970670739013,-0.002514546803187211,44.75390243833237,-51.712919695754245,1.5609614465141948,11.07201413179067,0.12992306775933596,11.071251823124443,-6.460975765870028e-05,-8.376049806000667e-06,8.010173261679583,S,1.0,1.0,1.0,1.7320508075688772,45.65428572033567,37.81951289361774,36.11224489795919,-14.893939393939394,3.010173261679583
12730,44.74648386838024,-59.61218622043005,1.627991886972284,11.109037348711201,-0.6591419598005106,11.089465392519639,0.001832179493091732,-0.005404103101377558,44.754993659138236,-51.6022052763691,1.560786094405294,11.07200756067218,0.13186387308331973,11.071222305714821,-4.9739576863688544e-05,-9.491165005453983e-06,8.00998546445362,S,1.0,1.0,1.0,1.7320508075688772,45.54417286364173,37.71198602890087,36.11224489795919,-14.893939393939394,3.009985464453621
12740,44.74005202455025,-59.501279427777426,1.6280952413868923,11.109203152842406,-0.657325809166979,11.08973928781586,0.0016665753171418724,-0.007584104195968142,44.756104291180336,-51.491491098804886,1.5606107426067064,11.07200115330388,0.13380484080559013,11.071192609802226,-3.531455489910316e-05,-1.0249761673854164e-05,8.0098044139797,S,1.0,1.0,1.0,1.7320508075688772,45.434060359031356,37.6044823923968,36.11224489795919,-14.893939393939394,3.0098044139796993
12750,44.73360815366713,-59.39037197308684,1.6281713185787552,11.109362984106603,-0.6552147987901391,11.090024322790477,0.001507190046608803,-0.009768043510398563,44.757234335589786,-51.38077716470374,1.5604353911577749,11.071994989410184,0.13574594590406447,11.071162815336736,-2.150886178509476e-05,-1.0705172676656619e-05,8.009629653794853,S,1.0,1.0,1.0,1.7320508075688772,45.32394970275082,37.49700218533236,36.11224489795919,-14.893939393939394,3.0096296537948533
12760,44.72715526025476,-59.2794638033429,1.6282245933413475,11.109511536527863,-0.6533180223087216,11.090285034297915,0.0013193329467872964,-0.011303945402337801,44.75838379328983,-51.27006347516658,1.5602600400785989,11.071989138871677,0.13768716533128955,11.071132992417507,-8.473863255463098e-06,-1.09051811192046e-05,8.009461207738411,S,1.0,1.0,1.0,1.7320508075688772,45.21384143874685,37.389545610640766,36.11224489795919,-14.893939393939394,3.0094612077384113
12770,44.72068615478822,-59.16855545745788,1.6282493809877405,11.109647031326318,-0.651310674427197,11.090538831185565,0.0010892674537943863,-0.01190533132553005,44.75955266502118,-51.15935003082939,1.5600846893711522,11.071983661517343,0.13962847917705118,11.071103201068523,3.6622416929464165e-06,-1.0890110169163735e-05,8.009299730410453,S,1.0,1.0,1.0,1.7320508075688772,45.103734750508686,37.282112873072855,36.11224489795919,-14.893939393939394,3.0092997304104525
12780,44.71418704554139,-59.05764783742716,1.6282250094082336,11.109769414530193,-0.6479371881068384,11.090859021928768,0.0008339045322536802,-0.011821474950087174,44.76074095137334,-51.04863683194004,1.5599093390206367,11.071978607074662,0.1415698713192595,11.071073491177522,1.4794418164410163e-05,-1.0692023405658967e-05,8.009146306077952,S,1.0,1.0,1.0,1.7320508075688772,44.9936279065352,37.1747041793111,36.11224489795919,-14.893939393939394,3.0091463060779517
12790,44.70763812847828,-58.94674222218889,1.6281120922199204,11.109874729025549,-0.6414175533026041,11.091343472138794,0.0005782097523812208,-0.011473527525946492,44.76194865281815,-50.937923878434674,1.5597339889971422,11.071974015267982,0.1435113295720044,11.071043902589036,2.484045650095252e-05,-1.0334967951502626e-05,8.00900249071681,S,1.0,1.0,1.0,1.7320508075688772,44.8835183760351,37.06731973808408,36.11224489795919,-14.893939393939394,3.00900249071681
12800,44.701088940886045,-58.835836162000085,1.6279054173116487,11.10994139755083,-0.6296328797307541,11.092085479916555,0.0005449989693916111,-0.014763843499105537,44.763175769741736,-50.82721117001233,1.559558639257665,11.071969916047822,0.14545284537457773,11.071014465334262,3.3740328011097564e-05,-9.836110361259763e-06,8.008865652301091,S,1.0,1.0,1.0,1.7320508075688772,44.773413244565376,36.95995976027951,36.11224489795919,-14.893939393939394,3.0088656523010915
12810,44.69455083676973,-58.72492940071406,1.6276113798836636,11.10997326697447,-0.6174850061755599,11.0928002893785,0.0004959924483309815,-0.01749910448961788,44.76442230247192,-50.71649870620712,1.5593832897484936,11.071966329939544,0.147394413102364,11.070985199985643,4.1455269936725155e-05,-9.20755328730266e-06,8.008735493849219,S,1.0,1.0,1.0,1.7320508075688772,44.6633144784545,36.852624459054475,36.11224489795919,-14.893939393939394,3.008735493849219
12820,44.688071046363795,-58.61401977574436,1.627259588372286,11.109958019393977,-0.6045907752929998,11.093495264664204,0.0005443281875918618,-0.021664987693061872,44.765688251298705,-50.605786486456914,1.559207940407941,11.07196326849636,0.1493360291070574,11.070956118120202,4.796663525042245e-05,-8.458577345958359e-06,8.008609420252279,S,1.0,1.0,1.0,1.7320508075688772,44.55322909418741,36.74531404994122,36.11224489795919,-14.893939393939394,3.008609420252279
12830,44.68164724734612,-58.503107501415066,1.626872068821424,11.109931626186842,-0.594529255453923,11.09401260603917,0.0004760148694579041,-0.02331676733213489,44.76697361648644,-50.49507451016794,1.5590325911693461,11.071960734842376,0.15127769060819454,11.070927222875941,5.327454440806129e-05,-7.598027349155685e-06,8.008487558720002,S,1.0,1.0,1.0,1.7320508075688772,44.44315694965594,36.63802875094758,36.11224489795919,-14.893939393939394,3.0084875587200024
12840,44.67526803963614,-58.392193316898215,1.626447744232579,11.10989367041172,-0.5852912339125173,11.094465806849808,0.00033415043787833945,-0.02320127424772122,44.768278398277154,-50.384362776774616,1.558857241964244,11.071958724290036,0.15321939456763367,11.07089850958406,5.739637604413465e-05,-6.636568025451438e-06,8.008370676120752,S,1.0,1.0,1.0,1.7320508075688772,44.33309666232552,36.5307687826512,36.11224489795919,-14.893939393939394,3.0083706761207516
12850,44.66893479443508,-58.28127741193178,1.625979464316467,11.109832306498916,-0.5749535671928665,11.094944897298914,0.00019515777343933726,-0.022723934543769867,44.76960259688567,-50.27365128579426,1.5586818927255595,11.071957225018407,0.1551611366710247,11.070869966461727,6.036513350255296e-05,-5.588558186471926e-06,8.008258873341351,S,1.0,1.0,1.0,1.7320508075688772,44.22304876726593,36.42353436828747,36.11224489795919,-14.893939393939394,3.008258873341351
12860,44.662606305544394,-58.17036234519266,1.625426582979642,11.109745521716269,-0.5632524193887883,11.095458182037701,-4.118993230620263e-05,-0.020050287050907716,44.770946212487786,-50.16294003687616,1.55850654339067,11.071956218796906,0.1571029105257516,11.070841575348272,6.222772255021664e-05,-4.473339470641822e-06,8.008155190751566,S,1.0,1.0,1.0,1.7320508075688772,44.11300787359759,36.31632573383069,36.11224489795919,-14.893939393939394,3.008155190751566
12870,44.65632958953759,-58.05944690629575,1.624776289800477,11.109547674374546,-0.5455791479459754,11.096143155282714,-6.459709351793602e-05,-0.021273017429194428,44.77230924520361,-50.052229029845094,1.5583311939041402,11.071955681726712,0.15904470716064467,11.070813312455622,6.304317101424955e-05,-3.315797792402368e-06,8.008057779604197,S,1.0,1.0,1.0,1.7320508075688772,44.002981967318505,36.20914310806938,36.11224489795919,-14.893939393939394,3.008057779604197
12880,44.650121742502336,-57.9485309012997,1.6240349572368145,11.109285931874984,-0.5270149409647944,11.096778323826934,-7.885764918390959e-05,-0.02244211346818313,44.77369169507624,-49.941518264745994,1.5581558442182548,11.071955584323113,0.16098651487928656,11.070785148454954,6.288068057976897e-05,-2.1460326262631433e-06,8.00796608978271,S,1.0,1.0,1.0,1.7320508075688772,43.892974276964274,36.10198672268188,36.11224489795919,-14.893939393939394,3.0079660897827107
12890,44.64404102935063,-57.83761192123151,1.6232428182166743,11.108965808002104,-0.5080230744747177,11.097343550560247,1.696288527735276e-05,-0.025501783879282654,44.775093562059716,-49.83080774181229,1.5579804942988607,11.071955899185372,0.16292831956326442,11.07075705614526,6.181933305394148e-05,-9.987457212689535e-07,8.00787661829867,S,1.0,1.0,1.0,1.7320508075688772,43.78299390584123,35.99485681224071,36.11224489795919,-14.893939393939394,3.0078766182986705
12900,44.63808919774453,-57.72668905324444,1.6224367119262257,11.108708427517056,-0.49335100112188335,11.097747866899866,7.209415918298878e-06,-0.025797213096920422,44.77651484601098,-49.720097461665574,1.5578051441335454,11.071956578618835,0.1648701049303245,11.070728988071254,5.9941109597580415e-05,8.84154882496053e-08,8.007788119976665,S,1.0,1.0,1.0,1.7320508075688772,43.673040475800164,35.88775361444295,36.11224489795919,-14.893939393939394,3.0077881199766647
12910,44.63225244403707,-57.615762128636774,1.6216279722450884,11.108528695471525,-0.48129792104609576,11.098097228323017,-7.971813650659108e-05,-0.023799408293047684,44.77795554664241,-49.60938742511541,1.5576297937015382,11.07195759379504,0.16681185400109658,11.07070091566746,5.733816809872733e-05,1.0792944830718142e-06,8.007700374470543,S,1.0,1.0,1.0,1.7320508075688772,43.56311130257033,35.78067736994346,36.11224489795919,-14.893939393939394,3.0077003744705433
12920,44.626520962210016,-57.50483114960022,1.620813775245512,11.108402541374323,-0.46975174171305273,11.098465674243853,-0.000187886349406861,-0.0207226382346387,44.779415663562716,-49.498677633298875,1.557454443005836,11.071958901953732,0.16875354971028042,11.07067279644795,5.410289842728351e-05,1.9376488548501296e-06,8.00761330961268,S,1.0,1.0,1.0,1.7320508075688772,43.45320463568733,35.67362832253989,36.11224489795919,-14.893939393939394,3.0076133096126796
12930,44.62089045263991,-57.39389616540439,1.619988003012833,11.108303370548613,-0.45781072844787757,11.098865397375523,-0.0002872010204542094,-0.017323713358075442,44.78089519626866,-49.38796808766929,1.5572790920610622,11.071960461179136,0.17069517629981298,11.070644588762756,5.033022137660397e-05,2.632871039746627e-06,8.00752682816929,S,1.0,1.0,1.0,1.7320508075688772,43.343319839988965,35.5666067192,36.11224489795919,-14.893939393939394,3.00752682816929
12940,44.6153605239749,-57.28295725513866,1.6191458010822204,11.108210201859674,-0.44528898704109754,11.099281580657337,-0.0003647901000377544,-0.014016389907749975,44.78239414415876,-49.277258789996374,1.5571037408902646,11.071962229523763,0.17263672053137427,11.070616250901526,4.611550021926236e-05,3.1417064801211364e-06,8.00744079872298,S,1.0,1.0,1.0,1.7320508075688772,43.233457074197325,35.45961281010613,36.11224489795919,-14.893939393939394,3.00744079872298
12950,44.60993269734228,-57.17201452952424,1.6182845021712147,11.108110182614025,-0.432296548176778,11.099695109485118,-0.00041791737128863045,-0.01098078982477168,44.783912506557556,-49.166549742364474,1.5569283895227828,11.071964165358024,0.17457817279233245,11.07058774142352,4.1553159442342135e-05,3.4501814713559985e-06,8.007355083451062,S,1.0,1.0,1.0,1.7320508075688772,43.12361690658544,35.35264684870127,36.11224489795919,-14.893939393939394,3.0073550834510616
12960,44.60460902219493,-57.061068123714186,1.6174031058823415,11.107997652392129,-0.4190021461475455,11.10009229903395,-0.0004481808122014232,-0.008273442199654897,44.78545028274691,-49.05584094716711,1.5567530379919263,11.07196622789119,0.17651952797513976,11.070559019661406,3.673544178050172e-05,3.5550252267321123e-06,8.00726955395195,S,1.0,1.0,1.0,1.7320508075688772,43.013800038266844,35.24570909173389,36.11224489795919,-14.893939393939394,3.00726955395195
12970,44.599391405119135,-56.9501181824121,1.6165015069676076,11.107871875100496,-0.40553670669053976,11.100466547545432,-0.0004582355265695322,-0.005901065790309849,44.78700747200211,-48.945132407097866,1.5565776863324425,11.071968377672071,0.1784607860412592,11.070530046208983,3.175128956160389e-05,3.464332833911352e-06,8.007184090024147,S,1.0,1.0,1.0,1.7320508075688772,42.904007156930916,35.13879979930145,36.11224489795919,-14.893939393939394,3.007184090024147
12980,44.59428142337871,-56.83916484532852,1.615579928316265,11.107734756145708,-0.39197505549291667,11.100816500093977,-0.00045053726985574174,-0.0038573699022569673,44.788584073629956,-48.83442412513775,1.5564023345779758,11.071970577041265,0.18040195220699484,11.070500783366008,2.6685351646585778e-05,3.1973665341769948e-06,8.007098570479501,S,1.0,1.0,1.0,1.7320508075688772,42.79423888546696,35.03191923489188,36.11224489795919,-14.893939393939394,3.007098570479501
12990,44.58928037289411,-56.728208238116046,1.6146386241834254,11.107589126327863,-0.3783487211575649,11.101143564719601,-0.0004271799388653343,-0.0021355283631673207,44.79018008700605,-48.723716104539704,1.5562269827587545,11.07197279052461,0.18234303672443375,11.070471195530724,2.1617116801196922e-05,2.783475558500041e-06,8.007012864459242,S,1.0,1.0,1.0,1.7320508075688772,42.68449578207706,34.92506766542297,36.11224489795919,-14.893939393939394,3.0070128644592415
13000,44.584389384695925,-56.617248469586606,1.6136777755477967,11.107437711848368,-0.3646640584916433,11.101450024525432,-0.00039010961294782696,-0.0007290152517470711,44.791795511608306,-48.613008348810396,1.5560516308997063,11.071974985168461,0.18428405426058797,11.070441249541114,1.6620174863175812e-05,2.2602040173224113e-06,8.006926826974526,S,1.0,1.0,1.0,1.7320508075688772,42.57477836027016,34.81824536127923,36.11224489795919,-14.893939393939394,3.006926826974526
13010,44.57960953111615,-56.506285633399344,1.6126974836452157,11.10728267464722,-0.3509157339885568,11.101737997365888,-0.00034133795956930947,0.00037099324330762645,44.793430347044,-48.50230086168977,1.5558762790191472,11.071977130813725,0.1862250229196236,11.07041091496159,1.176160548776467e-05,1.6707209849339477e-06,8.00684029858738,S,1.0,1.0,1.0,1.7320508075688772,42.46508711145586,34.711452596345914,36.11224489795919,-14.893939393939394,3.0068402985873792
13020,44.57494189911222,-56.3953198117873,1.6116977968879178,11.107125527986325,-0.33709411799608185,11.10200905467375,-0.0002830334470776314,0.0011778280498992533,44.795084593068104,-48.39159364712888,1.5557009271281277,11.07197920030895,0.18816596297572522,11.070380164314658,7.101494034231933e-06,1.0607752040826796e-06,8.00675310750494,S,1.0,1.0,1.0,1.7320508075688772,42.3554225232172,34.60468964804023,36.11224489795919,-14.893939393939394,3.00675310750494
13030,44.57038763390408,-56.28435107945682,1.61067873883674,11.106967244253058,-0.32318831293752875,11.102264214082231,-0.0002175002968639815,0.0017101050525220333,44.79675824959112,-48.2808867092663,1.555525575230465,11.071981169664625,0.19010689541872458,11.070348973258355,2.692573611790593e-06,4.7541437091624535e-07,8.006665072335403,S,1.0,1.0,1.0,1.7320508075688772,42.24578509198562,34.497956797339285,36.11224489795919,-14.893939393939394,3.0066650723354034
13040,44.56594796298371,-56.17337950669913,1.6096403266316872,11.106808423462198,-0.30918692344184157,11.102504077993549,-0.00014709592908874715,0.0019912937667410963,44.79845131667589,-48.17018005240355,1.5553502233234244,11.07198301815019,0.1920478404304936,11.070317320709112,-1.4200087811072805e-06,-4.426786695954195e-08,8.006576004430054,S,1.0,1.0,1.0,1.7320508075688772,42.13617533111568,34.39125432880544,36.11224489795919,-14.893939393939394,3.0065760044300536
13050,44.561624209080406,-56.06240516149918,1.6085825798687523,11.106649447507436,-0.29507803250715625,11.102728984558208,-7.413276176136281e-05,0.002048622935822252,44.80016379452328,-48.05947368097999,1.5551748713989715,11.071984728337746,0.1939888159108516,11.070285188912063,-5.198804450812152e-06,-4.640876574353622e-07,8.006485709455072,S,1.0,1.0,1.0,1.7320508075688772,42.026593775821816,34.284582530609015,36.11224489795919,-14.893939393939394,3.006485709455072
13060,44.557417797191846,-55.95142811084844,1.6075055232310964,11.106490589700439,-0.28084911604508034,11.102939115077643,-7.915332884804731e-07,0.0019117769044607862,44.801895683447945,-47.94876759954747,1.5549995194454576,11.071986286095214,0.19592983618031726,11.070252563459194,-8.614057745824797e-06,-7.591899714041599e-07,8.006393988307352,S,1.0,1.0,1.0,1.7320508075688772,41.917040986179444,34.177941694549254,36.11224489795919,-14.893939393939394,3.0063939883073516
13070,44.55333025801229,-55.840448421604876,1.606409186059221,11.10633207689499,-0.26648713143338,11.10313454890316,7.094338614323997e-05,0.001611646054033466,44.80364698384587,-47.838061812745266,1.55482416744958,11.07198768053307,0.19787091096217146,11.070219433257458,-1.164358824022703e-05,-9.157271907170137e-07,8.00630063767828,S,1.0,1.0,1.0,1.7320508075688772,41.80751754898147,34.07133211607411,36.11224489795919,-14.893939393939394,3.0063006376782795
13080,44.549357678542606,-55.72946635453479,1.6052893365730727,11.106174230971796,-0.25195658312414526,11.103315897916369,0.000131622479764017,0.0014234733818851873,44.80541769615636,-47.727356325275544,1.5546488153984188,11.071988903904508,0.19981204473214398,11.070185790444734,-1.4272568137306758e-05,-9.316592654904762e-07,8.006205821298364,S,1.0,1.0,1.0,1.7320508075688772,41.69802314524992,33.96475409429997,36.11224489795919,-14.893939393939394,3.006205821298364
13090,44.54550393113794,-55.61848215796021,1.604142703194967,11.10599806002439,-0.23666030992767415,11.103476248768692,0.00019506871296851185,0.0007775296227256986,44.8072078208212,-47.61665114188054,1.554473463281222,11.071989951398317,0.20175323648769936,11.070151630191523,-1.649321658759078e-05,-8.165979542009299e-07,8.00610945064892,S,1.0,1.0,1.0,1.7320508075688772,41.58855901878846,33.858207932033125,36.11224489795919,-14.893939393939394,3.0061094506489194
13100,44.541797268756234,-55.5074952321911,1.6029871585067497,11.105805839336986,-0.22098634637477846,11.103606998438273,0.00028585763026941054,-0.0011771112856463575,44.80901735824912,-47.50594626731252,1.554298111094303,11.071990821803317,0.20369447995998594,11.070116951366444,-1.8304212545202714e-05,-5.909299064304186e-07,8.006009768516279,S,1.0,1.0,1.0,1.7320508075688772,41.47913054776822,33.751693935786285,36.11224489795919,-14.893939393939394,3.0060097685162788
13110,44.53824600127002,-55.39650444235058,1.6018480628111307,11.105688521419546,-0.20768745459607185,11.103746370301929,0.00035798841342416155,-0.002314261881537715,44.810846308762706,-47.39524170632436,1.5541227588296542,11.071991515412048,0.20563576425791869,11.070081754432278,-1.9710629589454002e-05,-2.829001046713898e-07,8.005905089280468,S,1.0,1.0,1.0,1.7320508075688772,41.369738578987594,33.64521241581146,36.11224489795919,-14.893939393939394,3.0059050892804677
13120,44.534844670535485,-55.285508711610085,1.6007421510688948,11.105684557574298,-0.19697195233092965,11.103937659332349,0.00040528538919604515,-0.0021268227775861153,44.812694672598184,-47.28453746365259,1.5539474064973215,11.071992034778946,0.20757707482884674,11.070046042190336,-2.0723162104906526e-05,7.17636182497384e-08,8.005794247561496,S,1.0,1.0,1.0,1.7320508075688772,41.260381225495216,33.53876368613971,36.11224489795919,-14.893939393939394,3.0057942475614965
13130,44.53156663756939,-55.174507773723725,1.5996633520423673,11.105786798013686,-0.18795479976466686,11.104196206668023,0.0004158198292047244,-0.00014909565384561016,44.814562449861015,-47.17383354398195,1.5537720541075872,11.071992386394438,0.2095183948136234,11.07000982143246,-2.1357081547874094e-05,4.3562317571626234e-07,8.005677657776932,S,1.0,1.0,1.0,1.7320508075688772,41.151053055220274,33.43234806459292,36.11224489795919,-14.893939393939394,3.005677657776932
13140,44.52839923933025,-55.063502043120025,1.5985952628240876,11.105912384543412,-0.17808184998204288,11.10448453319026,0.0004226668011764062,0.0017877651557750558,44.81644964052427,-47.06312995194084,1.5535967016764043,11.071992577678332,0.21145970647144127,11.069973099908738,-2.1632285923642624e-05,7.711077970321954e-07,8.005555985123513,S,1.0,1.0,1.0,1.7320508075688772,41.04175212298114,33.32596587283708,36.11224489795919,-14.893939393939394,3.0055559851235127
13150,44.525357456893495,-54.95249171138521,1.597538142886975,11.106009257046539,-0.16688794936230678,11.104755289062476,0.00044910484042374056,0.002292400100283448,44.81835624443049,-46.952426692087585,1.5534213492245452,11.07199261781182,0.21340099271725632,11.069935887130816,-2.157233857513015e-05,1.044164051039162e-06,8.00542869573439,S,1.0,1.0,1.0,1.7320508075688772,40.93248192693477,33.21961743642882,36.11224489795919,-14.893939393939394,3.0054286957343894
13160,44.52243674172471,-54.841476881017115,1.5964951750446543,11.106114391719329,-0.15652270492317347,11.10501136986355,0.00045765108652086296,0.003188659633929237,44.8202822613042,-46.84172376889873,1.5532459967759358,11.071992517493316,0.21534223857260226,11.069898194098919,-2.120382354950688e-05,1.2271628197631443e-06,8.00529586014042,S,1.0,1.0,1.0,1.7320508075688772,40.82324188658246,33.113303084867695,36.11224489795919,-14.893939393939394,3.0052958601404196
13170,44.519635464863924,-54.73045773694682,1.5954674323080518,11.10621787817883,-0.14647245126679043,11.105251972764911,0.00045871817428497534,0.003958286389743548,44.822227690774284,-46.73102118675964,1.553070644355693,11.071992288661779,0.2172834324235608,11.069860032998617,-2.055569590251406e-05,1.3011990445832405e-06,8.005157535967166,S,1.0,1.0,1.0,1.7320508075688772,40.71403209996826,33.00702315165458,36.11224489795919,-14.893939393939394,3.0051575359671663
13180,44.51694276391086,-54.61943466736764,1.5944489624418012,11.106321183323526,-0.136705915564661,11.105479805924213,0.0004441585931471766,0.005038000897837217,44.824192532404226,-46.620318949957365,1.5528952919880465,11.071991944230065,0.21922456697881354,11.069821416912218,-1.9658651160108246e-05,1.2576250109054241e-06,8.005014346068304,S,1.0,1.0,1.0,1.7320508075688772,40.60485095326792,32.90077797435537,36.11224489795919,-14.893939393939394,3.005014346068304
13190,44.51436128318836,-54.50840808211426,1.5934362775803073,11.106398642825768,-0.12629410401758812,11.105680556033136,0.00043105747365066393,0.0054057113515757465,44.82619287234697,-46.5095284554816,1.5527310762146753,11.080681795030952,0.22126290231022414,11.078472447534976,0.0018392882971486107,-0.0006686245684822392,8.004955603959099,S,1.0,1.0,1.0,1.7320508075688772,40.495699638323615,32.794486747144624,36.11224489795919,-14.893939393939394,3.0049556039590986
13200,44.51189205208707,-54.39737823952048,1.5924298313334952,11.106461383058171,-0.11586637319878021,11.105856987955688,0.00041322598385212507,0.00549331126698492,44.828242018717916,-46.39847906811646,1.55259865807148,11.106105637371641,0.22196983635796202,11.103887239170135,0.006993938296451067,-0.0011630147128222166,8.005152419265684,S,1.0,1.0,1.0,1.7320508075688772,40.386578871456955,32.68798901570531,36.11224489795919,-14.893939393939394,3.005152419265684
13210,44.509544417723724,-54.28634511071585,1.5914382046571947,11.106518110838373,-0.1056731142414649,11.10601538533543,0.00039784574750513225,0.005018344415306083,44.830306853006626,-46.28729505995464,1.5524945486840624,11.1193989640007,0.220052357876035,11.117221338104816,0.008808322429638776,0.0006889157116588126,8.005478764850457,S,1.0,1.0,1.0,1.7320508075688772,40.277490827753404,32.581396290290826,36.11224489795919,-14.893939393939394,3.005478764850457
13220,44.50730570448999,-54.17530866931243,1.5904618442404572,11.106603679334487,-0.09671647769284325,11.10618256705467,0.0003666376179524179,0.005434459523825728,44.83238031634119,-46.17607743097982,1.5524075987997534,11.122820795184337,0.21883214591869496,11.120667917607186,0.008376022944132472,0.002111036646853051,8.00583374218991,S,1.0,1.0,1.0,1.7320508075688772,40.16843310478479,32.47480441639905,36.11224489795919,-14.893939393939394,3.0058337421899104
13230,44.50517421645275,-54.06426907567295,1.5894980154052145,11.106691684302833,-0.08760327644029049,11.106346196482379,0.0003358358582316056,0.005568164427829704,44.83444258460407,-46.06487969490522,1.5523181324390005,11.120977012907645,0.218220979368136,11.118835790035927,0.006824288715484107,0.0039303532503675255,8.006163133699216,S,1.0,1.0,1.0,1.7320508075688772,40.059405760956125,32.36825994290223,36.11224489795919,-14.893939393939394,3.006163133699216
13240,44.50314590113877,-53.95322652398672,1.5885434841483903,11.10678025517557,-0.07847744253238813,11.106503001745036,0.0003015697422268825,0.005688760344043615,44.83651731914818,-45.95372134385637,1.5522265355301261,11.117267275204634,0.219702852582556,11.11509614555371,0.0048896617754925955,0.0035185989586595514,8.006448627779854,S,1.0,1.0,1.0,1.7320508075688772,39.95040839281422,32.26178829599356,36.11224489795919,-14.893939393939394,3.0064486277798537
13250,44.50123334332374,-53.84218102368981,1.5876060603270736,11.106859953178159,-0.06918994005440018,11.106644442481628,0.0002746791494519003,0.004971209011631289,44.838604914859175,-45.84260110026687,1.552140085137039,11.113673469307962,0.22031017943690873,11.111489612434335,0.003073070115719365,0.0034030812100975766,8.006690860056462,S,1.0,1.0,1.0,1.7320508075688772,39.84144391442011,32.155388670598455,36.11224489795919,-14.893939393939394,3.0066908600564624
13260,44.49943215382302,-53.73113235247481,1.5866933647227637,11.106968054618696,-0.06126695199457485,11.106799076552772,0.0002418090415065767,0.004882952825824731,44.84070347501169,-45.73150877135704,1.5520617205208038,11.11106234724186,0.22035835595184525,11.108877021520131,0.0015655323645605889,0.0034044082517390457,8.00689974673352,S,1.0,1.0,1.0,1.7320508075688772,39.73251146055881,32.04905106611377,36.11224489795919,-14.893939393939394,3.00689974673352
13270,44.49772099424673,-53.62008064344904,1.5857956289538155,11.107101195813186,-0.054108143037774496,11.1069694013665,0.00019864811630721885,0.005825198377261134,44.8428107624368,-45.62043253361857,1.551991670408143,11.109593209968716,0.2201581130582986,11.107411565987713,0.0003975549047196118,0.003455501871345152,8.007087911920523,S,1.0,1.0,1.0,1.7320508075688772,39.6236069211068,31.94276382808371,36.11224489795919,-14.893939393939394,3.0070879119205234
13280,44.4960892069665,-53.509026546824344,1.5848943451174746,11.107208169716165,-0.04564836500487662,11.10711436657523,0.00015399067015194482,0.006433533572551074,44.84492495300439,-45.5093626463538,1.551929047900197,11.109063941297151,0.21988871360556375,11.106887530062483,-0.00048152889872661163,0.003489269267935014,8.007266006459721,S,1.0,1.0,1.0,1.7320508075688772,39.51472891495746,31.836517426820745,36.11224489795919,-14.893939393939394,3.007266006459721
13290,44.49454420054619,-53.39797080466587,1.5839801667579265,11.107256163725575,-0.03535854907186943,11.107199883842341,0.00011214138515906134,0.005812836684129295,44.84705779037104,-45.39829291724402,1.551882795290811,11.109153286123712,0.21957082889695326,11.10698318112037,-0.0011578789432824996,0.002890743981986122,8.007441047770333,S,1.0,1.0,1.0,1.7320508075688772,39.405879973379115,31.73030948699038,36.11224489795919,-14.893939393939394,3.0074410477703335
13300,44.49310551103547,-53.28691375870209,1.5830623355781497,11.107258350288289,-0.0244290669632797,11.107231485871546,7.435410366331578e-05,0.0040389701697646834,44.84920076254317,-45.2872198290303,1.5518576917507914,11.109561753893725,0.21786950554434378,11.107425230094151,-0.0016702213922263546,0.0031674047220128614,8.007615549998269,S,1.0,1.0,1.0,1.7320508075688772,39.29706484190822,31.624134666197083,36.11224489795919,-14.893939393939394,3.0076155499982686
13310,44.49178491636327,-53.17585515166727,1.5821601387020967,11.107268452099541,-0.01481666890241007,11.10725856966193,3.892553476014717e-05,0.002331528280790608,44.85134883884888,-45.176142219542605,1.5518531171529768,11.110066678042687,0.21576261359137816,11.107971375779227,-0.00208094113027097,0.003615037318468776,8.007789533370358,S,1.0,1.0,1.0,1.7320508075688772,39.18828606869417,31.517990825251612,36.11224489795919,-14.893939393939394,3.0077895333703584
13320,44.49057506516461,-53.0647944769379,1.5812848145963732,11.107328543400826,-0.007278544887999708,11.107326158614008,4.7733540364653765e-06,0.0018101128262842236,44.85348791767263,-45.065060124645775,1.5518594568702138,11.110534285104082,0.21354141598337012,11.10848199188949,-0.0024124275175952626,0.004553453226514717,8.007962003266385,S,1.0,1.0,1.0,1.7320508075688772,39.07954188777009,31.411874437488596,36.11224489795919,-14.893939393939394,3.0079620032663854
13330,44.489455552901376,-52.953731536836756,1.5804289767792703,11.107431871539848,-0.0007007171652105995,11.107431849437326,-2.81397986801903e-05,0.002512045518772231,44.85562196540985,-44.953974545829034,1.551871244627488,11.11090374709063,0.21234213227633444,11.108874510767189,-0.0027026193462712225,0.004656253136385226,8.008132725974654,S,1.0,1.0,1.0,1.7320508075688772,38.97082801683625,31.305787897391482,36.11224489795919,-14.893939393939394,3.0081327259746544
13340,44.488413211067325,-52.84266668424213,1.5795748114117902,11.107531290451035,0.00687624142186924,11.10752916204377,-5.9092210700877735e-05,0.0032710035325547874,44.85776000640801,-44.842886707276186,1.5518940089103077,11.111162203053661,0.2112696235205191,11.109153462291616,-0.0029496557413477387,0.004171772300667945,8.00830173851446,S,1.0,1.0,1.0,1.7320508075688772,38.86214222817992,31.199735250305086,36.11224489795919,-14.893939393939394,3.0083017385144597
13350,44.48746701788554,-52.731600430241535,1.5787223786381148,11.107587208505175,0.01618061155417316,11.107575423212642,-8.50482623472019e-05,0.002404712623390255,44.859893352797044,-44.7317973730534,1.5519283367287082,11.111321928737311,0.20931503188895542,11.109350215987611,-0.003129006987891664,0.004315712529009691,8.008467414476517,S,1.0,1.0,1.0,1.7320508075688772,38.75348936878073,31.09371515710538,36.11224489795919,-14.893939393939394,3.0084674144765167
13360,44.4866178832759,-52.62053281198382,1.5778780707539097,11.107640110955115,0.02478007315012664,11.107612469944819,-0.00010996371603832286,0.0018710503599527854,44.86202082422846,-44.62070722176412,1.5519722687487407,11.111405566013017,0.2074762300112235,11.109468361105558,-0.003253951015525787,0.004257255004824079,8.008628899006982,S,1.0,1.0,1.0,1.7320508075688772,38.644869954854755,30.987728284747117,36.11224489795919,-14.893939393939394,3.0086288990069825
13370,44.48586452186522,-52.50946384691594,1.577045318463279,11.107695816896035,0.032828396086511905,11.10764730521725,-0.0001319527097946953,0.0015619859468739186,44.86413389008972,-44.50961657621529,1.5520189570914058,11.111434737871857,0.20569646012477855,11.109530633662143,-0.0033151033520301813,0.00443965400617921,8.00878543035544,S,1.0,1.0,1.0,1.7320508075688772,38.53628401232195,30.881772874874798,36.11224489795919,-14.893939393939394,3.0087854303554398
13380,44.48519175300794,-52.39839363370686,1.5762152962873548,11.107756301947953,0.04058005694832946,11.107682175973641,-0.00015209661737835065,0.002021150622140119,44.86624332618602,-44.39852593916567,1.5520700844166677,11.111427585840552,0.20468251159671358,11.109542207707069,-0.003335235360135444,0.0036866318348182563,8.008937721794647,S,1.0,1.0,1.0,1.7320508075688772,38.42772861958254,30.775852801931347,36.11224489795919,-14.893939393939394,3.0089377217946467
13390,44.484616834403255,-52.28732255779092,1.5753913090171956,11.107787456232842,0.049495119210214975,11.107677183192624,-0.0001700746007535753,0.0011438017919623421,44.8683557915224,-44.287435642672115,1.5521354629635877,11.111394048669036,0.20305565244801763,11.109538519074794,-0.003301267267640981,0.002870097871173254,8.009085231279538,S,1.0,1.0,1.0,1.7320508075688772,38.31920818963736,30.66997065053439,36.11224489795919,-14.893939393939394,3.0090852312795384
13400,44.484138228782484,-52.176250508469465,1.5745801299312794,11.107829739905448,0.05743463517930854,11.10768125188195,-0.0001831965247859166,0.000834176764422359,44.87046577849901,-44.17634575051632,1.552220458514999,11.11133908146737,0.20024869587249308,11.109534492639442,-0.0032047690937168356,0.0027187654451417648,8.009227497829698,S,1.0,1.0,1.0,1.7320508075688772,38.21072257865973,30.56412529460021,36.11224489795919,-14.893939393939394,3.0092274978296985
13410,44.48375300602189,-52.06517740226514,1.573784411718431,11.107884862471584,0.06476903111133948,11.107696029804481,-0.00019060008679620607,0.000844948704406124,44.872563744038956,-44.0652562213416,1.5523218935975094,11.111266360653806,0.1969494355454592,11.10952073931343,-0.0030547025032865447,0.0030671809073064826,8.009364062832113,S,1.0,1.0,1.0,1.7320508075688772,38.102271363725286,30.45831432843353,36.11224489795919,-14.893939393939394,3.0093640628321126
13420,44.48344431947579,-51.95410324061065,1.5729938945226032,11.107950236873448,0.07183114038553236,11.10771798130146,-0.00019271090474487067,0.0016729563307200873,44.874642023459174,-43.954167014555274,1.5524313920174488,11.1111796050508,0.1939775197382743,11.109486258938036,-0.0028648928542181575,0.0034915968558980586,8.009495318967044,S,1.0,1.0,1.0,1.7320508075688772,37.99385113537346,30.352535853647822,36.11224489795919,-14.893939393939394,3.009495318967044
13430,44.48323024234847,-51.84302844761481,1.5722116289235455,11.10798797541904,0.08015970943821081,11.107698739299547,-0.000196894755262216,0.0010497611957507838,44.876703138651365,-43.8430782431555,1.5525445376561893,11.111082403706996,0.19177630441609322,11.109427259360933,-0.002652601107693205,0.0033743350808723826,8.009620727222579,S,1.0,1.0,1.0,1.7320508075688772,37.885466574036236,30.2467910424235,36.11224489795919,-14.893939393939394,3.009620727222579
13440,44.483173475628554,-51.73195283915901,1.5714942119163668,11.108036509098604,0.08719049988704322,11.10769431089085,-0.00019888693657040934,-0.001843206167399007,44.87874872609514,-43.73199000533179,1.552660866702468,11.110975700953853,0.18977792123905174,11.109354858307352,-0.0024182833000184326,0.0030474764746943293,8.009736894642577,S,1.0,1.0,1.0,1.7320508075688772,37.77713170481082,30.14108081064698,36.11224489795919,-14.893939393939394,3.009736894642577
13450,44.48325129613371,-51.620874453101045,1.5708867042544365,11.108236235714292,0.08652431275890089,11.107899252862246,-0.00016620242183952715,-0.000536636676375696,44.8807781675445,-43.62090235385016,1.5527800105355563,11.110860802801518,0.1877634405014492,11.109274173844224,-0.002164870777308016,0.0026998728942906145,8.009842770135144,S,1.0,1.0,1.0,1.7320508075688772,37.66884000016666,30.03540538431119,36.11224489795919,-14.893939393939394,3.009842770135144
13460,44.48339735205656,-51.509792069673416,1.5703742469777684,11.108547834818278,0.08155568765022209,11.108248451860344,-0.00010507781297653137,0.004825235274622035,44.882789766067425,-43.509815306199016,1.5529001305101917,11.110739857296327,0.1858184406741188,11.10918591453121,-0.001897822208015134,0.002359596636621478,8.00994023176826,S,1.0,1.0,1.0,1.7320508075688772,37.560575881911056,29.929764641729815,36.11224489795919,-14.893939393939394,3.00994023176826
13470,44.48361689978281,-51.39870602794186,1.5699466453923923,11.108857933076104,0.07824503492105607,11.10858237093186,-5.072008719592016e-05,0.008287812516884242,44.88477643768069,-43.39872876115284,1.5530138721546132,11.110615566795431,0.18413904497759948,11.10908957049279,-0.0016193116661428082,0.0022217408190861364,8.010029041394771,S,1.0,1.0,1.0,1.7320508075688772,37.45234113104141,29.82415676066321,36.11224489795919,-14.893939393939394,3.0100290413947715
13480,44.48389894468693,-51.28761655487591,1.5696045414762771,11.109153332721405,0.07377432935158165,11.10890836753296,-1.6954889486278389e-06,0.01197722631396924,44.88674484713781,-43.28764281314926,1.553118416108962,11.110492627341374,0.18342330064680595,11.108978455059981,-0.001349553618094338,0.0013992687410675595,8.01011015463816,S,1.0,1.0,1.0,1.7320508075688772,37.34413379330903,29.718584138821043,36.11224489795919,-14.893939393939394,3.0101101546381592
13490,44.48423463939663,-51.17652409007946,1.56935023084369,11.10941221384192,0.06809874846530863,11.10920349518891,3.572632081989923e-05,0.015442726619103602,44.88869799596052,-43.176557502957536,1.5532146896743155,11.110371320738246,0.18287975582789356,11.108866093332445,-0.0010830208939722722,0.0004997062942820842,8.01018451734229,S,1.0,1.0,1.0,1.7320508075688772,37.235952578970114,29.613048071449487,36.11224489795919,-14.893939393939394,3.0101845173422905
13500,44.484584666216534,-51.065429121717116,1.5691643465215386,11.109623826567615,0.06111280834722969,11.109455737906101,6.514818346407302e-05,0.020002602966511157,44.89064398264379,-43.06547295568319,1.5533086604026256,11.110252680728797,0.18234742379213695,11.108756188101248,-0.0008270439116785639,-0.0006473086974445882,8.010254854055617,S,1.0,1.0,1.0,1.7320508075688772,37.12778935409262,29.50755146925018,36.11224489795919,-14.893939393939394,3.010254854055617
13510,44.48492584277211,-50.95433243160429,1.5690145796168316,11.109770178828647,0.05589296411744967,11.109629579916357,7.912784706592241e-05,0.023500004348037805,44.89258363194003,-42.95438918439557,1.5534063266406704,11.110136126482223,0.18115944873285975,11.108659055129031,-0.0005748224256078383,-0.0013965907497038724,8.010323141523672,S,1.0,1.0,1.0,1.7320508075688772,37.01963981773059,29.40209500573312,36.11224489795919,-14.893939393939394,3.0103231415236724
13520,44.48523250220457,-50.84323474656046,1.5688592108328874,11.109852804916953,0.053405097730744006,11.109724444938202,7.95846980073079e-05,0.025872667012276356,44.89451689523385,-42.84330617771959,1.553511793513421,11.110022683641724,0.1794670994358022,11.108573067286985,-0.00033106944515861925,-0.0018172591130642592,8.01039142744808,S,1.0,1.0,1.0,1.7320508075688772,36.91149899111155,29.296679078837425,36.11224489795919,-14.893939393939394,3.0103914274480807
13530,44.48549151436572,-50.73213675785456,1.5686529769659345,11.1098767254521,0.05525859476224421,11.109739301281879,6.461794428299133e-05,0.02608125085387666,44.896444573338194,-42.73222392952152,1.5536292060467898,11.109913491992982,0.17734179528634642,11.108497994203011,-0.00010012252556517966,-0.0019927611283878377,8.010461140134597,S,1.0,1.0,1.0,1.7320508075688772,36.80336464501717,29.19130435285411,36.11224489795919,-14.893939393939394,3.0104611401345966
13540,44.48570256237444,-50.6210391614743,1.5683550846911753,11.10984318437004,0.0621111352503325,11.10966956251046,3.123052602977434e-05,0.023686999179689708,44.89835752907293,-42.621142262555004,1.5537560173612353,11.109809041567352,0.1747027540689901,11.108435348320322,0.00012306042437480413,-0.0014713689407900572,8.010532723538399,S,1.0,1.0,1.0,1.7320508075688772,36.6952374438039,29.08596833670803,36.11224489795919,-14.893939393939394,3.0105327235383985
13550,44.485897699635,-50.5099428631165,1.5679498527004585,11.10974078125526,0.07384978657527996,11.109495327678436,-2.832390753389987e-05,0.01776161015626817,44.90025386707386,-42.5100610764977,1.553887725577095,11.109713210029136,0.17244975408132537,11.108374709713981,0.00032415869896744253,-0.0010325074892548849,8.010605447366,S,1.0,1.0,1.0,1.7320508075688772,36.58712566408365,28.980670772552983,36.11224489795919,-14.893939393939394,3.010605447366
13560,44.48613172246093,-50.39884874434764,1.567461831710587,11.109574237070538,0.08760437563042694,11.109228830227227,-0.00010998815109488205,0.009042810944451795,44.90213319657199,-42.398980281874856,1.5540213658648618,11.109627682817152,0.17053180480797003,11.108318781632356,0.0005017512314045108,-0.0006973737987514841,8.010677414758955,S,1.0,1.0,1.0,1.7320508075688772,36.47904286751875,28.875411868042537,36.11224489795919,-14.893939393939394,3.0106774147589555
13570,44.48643527248444,-50.28775697097808,1.5669321645921643,11.10939291236513,0.09913207560507063,11.108950612586899,-0.00018854129349486662,0.0007774743638233987,44.90399873300029,-42.28789984218661,1.554157502565074,11.109553432435304,0.1688380901278551,11.10827039495605,0.0006528832838053566,-0.0006034831792497865,8.01074736367548,S,1.0,1.0,1.0,1.7320508075688772,36.37099650965703,28.770192987466956,36.11224489795919,-14.893939393939394,3.0107473636754793
13580,44.48682546214339,-50.176667182094704,1.5664009778169163,11.109239673040284,0.10732432228651073,11.108721240669329,-0.00024855364536904156,-0.005909391885899295,44.90585047138175,-42.17681968117468,1.5542974843080488,11.109489619421762,0.16697558247724203,11.10823472739464,0.000781958957407426,-0.00044357287956797703,8.010814065770319,S,1.0,1.0,1.0,1.7320508075688772,36.26299049718706,28.66501449063893,36.11224489795919,-14.893939393939394,3.010814065770319
13590,44.487284534646115,-50.065578500417445,1.5658840121035407,11.109150865944553,0.11202494319621818,11.108586020480667,-0.00027462756176351754,-0.009339520322047361,44.90768701853459,-42.065739701134554,1.554441303374201,11.109436047551993,0.1649829966564161,11.108210922802192,0.0008891587972868508,-0.0002012905068470438,8.010877546372278,S,1.0,1.0,1.0,1.7320508075688772,36.155020209542315,28.559876295783965,36.11224489795919,-14.893939393939394,3.010877546372278
13600,44.48779905211154,-49.95449037175975,1.5653778283649533,11.109110213287014,0.1160024433584683,11.108504542200661,-0.00027923797184622686,-0.011023503465495889,44.90950731589582,-41.954659806305685,1.554588094892092,11.10939287433597,0.1629971169533774,11.108197062359476,0.0009736160791374827,4.497172691428006e-05,8.010937956052157,S,1.0,1.0,1.0,1.7320508075688772,36.047082298814125,28.454778426237972,36.11224489795919,-14.893939393939394,3.0109379560521567
13610,44.488373523309555,-49.843402614465234,1.5648821009038503,11.109095871759411,0.12051273585171984,11.10844218459274,-0.0002746263655714083,-0.012310705337490471,44.91131211526318,-41.84357992916179,1.5547379214149946,11.10936008644964,0.16106853464101326,11.108192402796638,0.0010344544735985247,0.00019351995804234133,8.010994947499299,S,1.0,1.0,1.0,1.7320508075688772,35.93917792815109,28.34972149549861,36.11224489795919,-14.893939393939394,3.0109949474992987
13620,44.48899762606582,-49.73231493445371,1.5643916832157134,11.10910637748878,0.12479080773383662,11.108405455359785,-0.0002549133308070415,-0.012272970021400124,44.91310290743493,-41.73250002364724,1.554892554500583,11.1093368147603,0.15905240866841364,11.10819817950172,0.001073029486034631,0.00027332256464636303,8.011048863716082,S,1.0,1.0,1.0,1.7320508075688772,35.831304700914096,28.244706377965013,36.11224489795919,-14.893939393939394,3.0110488637160824
13630,44.48967088874363,-49.6212273752714,1.5638999244363876,11.109118784682963,0.12990510207468609,11.10835923242721,-0.00023293640815164133,-0.012027493151247822,44.91487861506365,-41.62142001880539,1.5550533133297355,11.109321590844832,0.15676874969263732,11.108215417785656,0.0010932056020776647,0.0004659713250426888,8.011099759152298,S,1.0,1.0,1.0,1.7320508075688772,35.72346283284191,28.139733135019092,36.11224489795919,-14.893939393939394,3.011099759152298
13640,44.490395046824844,-49.51014007598352,1.5634028264208986,11.109124178244807,0.13572413510683834,11.108295052203685,-0.0002110780309243524,-0.011655539362635357,44.916635968796115,-41.510339812211754,1.555218997635931,11.109313846545033,0.15432818798044282,11.108241847899778,0.0010968833914991847,0.0008023584095714371,8.011147582201051,S,1.0,1.0,1.0,1.7320508075688772,35.61565315386606,28.034801111369454,36.11224489795919,-14.893939393939394,3.011147582201051
13650,44.49117768428639,-49.3990532444749,1.5629023645290665,11.109119355819994,0.14203184942333164,11.108211368875,-0.00019224208475022717,-0.011418471238362458,44.91837554269729,-41.39925935021878,1.5553890454388022,11.10931415056039,0.15200258570377892,11.10827421833746,0.0010813946853594526,0.0009854694253182681,8.01119219347585,S,1.0,1.0,1.0,1.7320508075688772,35.50787794949462,27.92991090062655,36.11224489795919,-14.893939393939394,3.01119219347585
13660,44.49201906472077,-49.28796691874821,1.5624006270887014,11.109112853007938,0.14813771639985532,11.108125116231182,-0.0001698758863972869,-0.010754705426165832,44.9200952560454,-41.288178551222536,1.5555623499827655,11.109321355780285,0.14961811696184785,11.10831379666026,0.0010515648362993952,0.001225316107035382,8.011233559869423,S,1.0,1.0,1.0,1.7320508075688772,35.40013763339391,27.825062239324787,36.11224489795919,-14.893939393939394,3.0112335598694226
13670,44.49291898438139,-49.176881141694636,1.5618976487873348,11.109104984027386,0.15424388263924974,11.108034136192169,-0.00014553978914476037,-0.009839019289008486,44.92179630843749,-41.17709737866836,1.555738949613647,11.109335533993763,0.14733114568593383,11.108358543923911,0.0010059591492858318,0.0012902879627699853,8.011271810035435,S,1.0,1.0,1.0,1.7320508075688772,35.292432517790665,27.720255945861723,36.11224489795919,-14.893939393939394,3.011271810035435
13680,44.493877413749864,-49.06579596525611,1.561392578289135,11.109095634722246,0.16047166296282347,11.107936562061868,-0.00012030887534377664,-0.008781645803631647,44.92347512197718,-41.06601574173165,1.5559169290523636,11.109355104618526,0.14494896448704928,11.10840945582255,0.0009509498939061086,0.0014971605988599512,8.01130687313919,S,1.0,1.0,1.0,1.7320508075688772,35.18476296865449,27.61549127600874,36.11224489795919,-14.893939393939394,3.0113068731391905
13690,44.49489330248407,-48.954711435254936,1.560883397993363,11.109084638907207,0.16686760755055308,11.107831323708261,-9.448209144025123e-05,-0.007608852707075731,44.92513279289221,-40.954933603725294,1.5560950031281056,11.109380872050595,0.1428199584466075,11.108462801835048,0.0008833441319923612,0.0014728339362256124,8.011338925107323,S,1.0,1.0,1.0,1.7320508075688772,35.07712910607631,27.510769023259805,36.11224489795919,-14.893939393939394,3.0113389251073226
13700,44.49598744318217,-48.84362784845971,1.5603836989877653,11.109069695485472,0.17348446436943402,11.10771500533643,-8.101641538136178e-05,-0.007392044750993275,44.92676995984492,-40.84385093701276,1.5562732022824382,11.109411430245686,0.14074224333619367,11.108519881037896,0.0008069999668190404,0.0013622364409823996,8.011367187289695,S,1.0,1.0,1.0,1.7320508075688772,34.96953653143793,27.406089855357767,36.11224489795919,-14.893939393939394,3.0113671872896948
13710,44.497153290352166,-48.73254480864785,1.5599043745362893,11.109082072644677,0.1781530954441325,11.107653486283185,-4.933699873324918e-05,-0.005983860219319732,44.92838676429554,-40.73276771906891,1.5564517781839067,11.109445475820042,0.13864292136746312,11.108580328762677,0.0007244426214376894,0.001220504913493037,8.011391626428045,S,1.0,1.0,1.0,1.7320508075688772,34.8619836664691,27.301454295016665,36.11224489795919,-14.893939393939394,3.011391626428045
13720,44.498365228784195,-48.62146182032667,1.5594332878658101,11.109115902405607,0.18196922088051398,11.10762545892385,2.4901119931120615e-06,-0.003226633050892234,44.92998487951876,-40.62168395813258,1.556632191590961,11.109481929869444,0.13651263891006646,11.108643168700375,0.0006365952399149036,0.0009903689904411357,8.011413194146893,S,1.0,1.0,1.0,1.7320508075688772,34.754464220090256,27.196863398979783,36.11224489795919,-14.893939393939394,3.0114131941468933
13730,44.499604868470946,-48.51037891726898,1.5589428176426356,11.109136557727787,0.18751583134343258,11.107553865331447,5.027942270091048e-05,-0.0005980245518345945,44.931565671828416,-40.51059967762023,1.5568171149559675,11.109518914953293,0.13417362175399686,11.108708654066431,0.0005463132129179506,0.0007725199491601412,8.011432956640927,S,1.0,1.0,1.0,1.7320508075688772,34.646974088664926,27.092318154818578,36.11224489795919,-14.893939393939394,3.0114329566409275
13740,44.500883456711996,-48.39929685660535,1.5584169862494162,11.109111311867428,0.19606935539101017,11.107380922041767,6.353121675429904e-05,0.00013099777966618783,44.933128386044906,-40.399514889923125,1.5570086333083337,11.109554577174803,0.13150388907333166,11.108776243600563,0.00045682317446099196,0.0007068402393188959,8.011451004243126,S,1.0,1.0,1.0,1.7320508075688772,34.53951701414511,26.987818861325362,36.11224489795919,-14.893939393939394,3.011451004243126
13750,44.50224804663281,-48.28821671439838,1.5578806362109852,11.109046364528,0.2058450494008981,11.107139098114775,3.111426651155175e-05,-0.0017512742266999224,44.934667322488195,-40.2884295445661,1.5572043634717836,11.109588138692502,0.12860504037033513,11.108843745186466,0.0003716937523954146,0.0009589760035299934,8.011465608285695,S,1.0,1.0,1.0,1.7320508075688772,34.432105811153555,26.883364139316882,36.11224489795919,-14.893939393939394,3.011465608285695
13760,44.503695509538616,-48.17713798237228,1.5573589508545953,11.10901365621205,0.21220933430589772,11.106986612593861,2.7183209893564728e-05,-0.0019576504909422786,44.93618164207525,-40.17734362308742,1.557401111290436,11.109621974868043,0.12602184948097533,11.108907188284737,0.00028668290792620434,0.001064272980341125,8.011476396125898,S,1.0,1.0,1.0,1.7320508075688772,34.32473964422217,26.778954219286863,36.11224489795919,-14.893939393939394,3.0114763961258983
13770,44.50520346323587,-48.06605993321201,1.5568509498774077,11.109017246192336,0.21662409235380028,11.106904977481829,5.3403356721813536e-05,-0.0005486780991770836,44.93767143896208,-40.0662571183307,1.557596920076201,11.109656285617854,0.12368917544216254,11.10896771857974,0.0002033990256154261,0.0010429386371525818,8.011483859249278,S,1.0,1.0,1.0,1.7320508075688772,34.217412738991285,26.674589654732138,36.11224489795919,-14.893939393939394,3.011483859249278
13780,44.506751705520536,-47.95498225996538,1.5563366434474257,11.109030172918343,0.22165502241477988,11.10681864594216,8.814625956073017e-05,0.001299121847545178,44.93914090134759,-39.95517008040454,1.557793588818627,11.109690790672829,0.12151499604370432,11.10902622060535,0.00012114359075903689,0.0007515087828950152,8.01148895804755,S,1.0,1.0,1.0,1.7320508075688772,34.1101201981377,26.570272421916503,36.11224489795919,-14.893939393939394,3.0114889580475506
13790,44.508343176974996,-47.84390538327723,1.5558003238930909,11.109019493988123,0.2288978036833323,11.106661060520263,9.904465824660744e-05,0.0019540283644536713,44.94058919640295,-39.84408252935588,1.5579928033867418,11.109722676825516,0.11905493318816329,11.109084745326893,4.573152319823739e-05,0.0006205393582834597,8.011491890742553,S,1.0,1.0,1.0,1.7320508075688772,34.00286348249824,26.466002824938162,36.11224489795919,-14.893939393939394,3.011491890742553
13800,44.50999787461665,-47.732829977872356,1.5552462328264578,11.10898086373406,0.23744497835495945,11.106442982029105,7.963084756635394e-05,0.0011576068987945636,44.94201498816881,-39.732994477920585,1.558194504052564,11.10975161535362,0.11647766988706754,11.1091410067237,-2.3070080406350097e-05,0.0005760969996079406,8.011492171417917,S,1.0,1.0,1.0,1.7320508075688772,33.895648538425704,26.361780996567973,36.11224489795919,-14.893939393939394,3.011492171417917
13810,44.51170797637111,-47.62175591100698,1.5546744934185557,11.10894132385816,0.24526511926799197,11.106233491071306,7.147699857302264e-05,0.0010734505388135002,44.94341749374443,-39.621905941022014,1.5583979491032378,11.1097777929479,0.11391974041546289,11.109193710680447,-8.550664334834617e-05,0.0005459763355758008,8.011490039291015,S,1.0,1.0,1.0,1.7320508075688772,33.7884736852739,26.257607259043716,36.11224489795919,-14.893939393939394,3.011490039291015
13820,44.513469123226166,-47.510683304327934,1.554076710060305,11.108888299300492,0.25372636866347836,11.105990373495748,5.8156052588589886e-05,0.0008723230807591712,44.94479564118192,-39.51081692792215,1.5586018436844795,11.1098013397373,0.11142428160611818,11.109242568145556,-0.00014106564029909077,0.0005331923832952435,8.011485792625463,S,1.0,1.0,1.0,1.7320508075688772,33.68133833147193,26.15348183616685,36.11224489795919,-14.893939393939394,3.0114857926254626
13830,44.51530544360706,-47.399612906497175,1.5534615455048,11.108810509749961,0.26332901901707173,11.1056890272182,1.2372950180309633e-05,-0.0008077128629870606,44.94615098322683,-39.399727473290106,1.5588062631990938,11.109822759907647,0.10906143679570678,11.109287437075613,-0.00019102738460773452,0.0003916084691963513,8.011478941085029,S,1.0,1.0,1.0,1.7320508075688772,33.57424961244591,26.049405868721387,36.11224489795919,-14.893939393939394,3.011478941085029
13840,44.51722574468342,-47.288544682080364,1.5528462607024343,11.108747102736688,0.2716132228087455,11.105426081414265,-2.3486827786706563e-05,-0.0020938622674054937,44.947483539885305,-39.28863760661121,1.559011725978107,11.109841102885435,0.1066369201323958,11.109329318128404,-0.00023350227747825306,0.0002855555729545826,8.011468965581368,S,1.0,1.0,1.0,1.7320508075688772,33.4672101437848,25.945379988489627,36.11224489795919,-14.893939393939394,3.0114689655813685
13850,44.51922228390756,-47.17747809862409,1.5522381977620907,11.108717244292206,0.27828428166175273,11.105231049924852,-3.079834969613793e-05,-0.0022472488050550013,44.9487952536404,-39.17754738082996,1.559220072758096,11.109856211293424,0.10416126505117555,11.109367914804064,-0.0002696191421277121,0.0001129864692047833,8.011455824369955,S,1.0,1.0,1.0,1.7320508075688772,33.36021792591773,25.841405516137563,36.11224489795919,-14.893939393939394,3.011455824369955
13860,44.521288418402484,-47.06641281549553,1.5516359286423527,11.10871112879359,0.2845274453462898,11.1050667299133,-2.318106478391175e-05,-0.0018886152442791136,44.950085127700326,-39.06645683218763,1.5594325838673189,11.109866733994412,0.10143545529917776,11.109403660661716,-0.0002972743532985467,9.62121147716891e-05,8.011439468208478,S,1.0,1.0,1.0,1.7320508075688772,33.253271402817575,25.73748276791742,36.11224489795919,-14.893939393939394,3.0114394682084775
13870,44.5234218363812,-46.95534872998238,1.5510364327701465,11.108716446600512,0.2909386852459687,11.104905932622755,-1.1799633621488844e-05,-0.0014544384201575224,44.95135213149993,-38.9553659911332,1.5596494747074556,11.109872971121037,0.09858682174223468,11.109435542502803,-0.00031743746061049777,0.00016117028861416304,8.011419859136412,S,1.0,1.0,1.0,1.7320508075688772,33.146370330742805,25.633612047040458,36.11224489795919,-14.893939393939394,3.011419859136412
13880,44.52563120097931,-46.84428603158947,1.5504448240140802,11.108725739592762,0.29750958810933814,11.104741131718189,-9.317254641253815e-06,-0.001455083314021411,44.95259378176589,-38.84427486628214,1.5598692703273183,11.109875420351912,0.09569246151203616,11.109463299752575,-0.00032999876233150377,0.00033922577252808037,8.011396612977904,S,1.0,1.0,1.0,1.7320508075688772,33.039517541118,25.529793137140413,36.11224489795919,-14.893939393939394,3.0113966129779044
13890,44.527889098860854,-46.73322398264956,1.5498472334262192,11.108751694216648,0.3032963583135173,11.104610552504532,3.1458401350596965e-05,0.00013154409102012366,44.95381119118253,-38.73318348572952,1.560091563517395,11.109875724723116,0.09294808608158403,11.109486904087234,-0.00033764512104417715,0.00037633448313764326,8.011370518275157,S,1.0,1.0,1.0,1.7320508075688772,32.932705786756216,25.426027086145677,36.11224489795919,-14.893939393939394,3.0113705182751573
13900,44.530201236724174,-46.62216319035743,1.5492304020629208,11.108745615223684,0.31124251921501217,11.104384595194105,3.632011592376546e-05,0.00041255826503421543,44.95500372638406,-38.62209186865385,1.5603162733116338,11.109873410536602,0.09015437394120775,11.109507612266507,-0.00033910220040102795,0.00044844744495664676,8.011341854369055,S,1.0,1.0,1.0,1.7320508075688772,32.82593752198011,25.322314340537353,36.11224489795919,-14.893939393939394,3.0113418543690553
13910,44.532574724494296,-46.51110420324977,1.5485909666024151,11.108709432680508,0.3202683298260462,11.104091743885915,1.955119257219207e-05,2.0127974622516365e-05,44.95616975893313,-38.51100001893582,1.5605421448798444,11.109868942959215,0.08736475705055334,11.10952543221155,-0.0003347245966897209,0.0005624887367962251,8.011310736270245,S,1.0,1.0,1.0,1.7320508075688772,32.71921553104126,25.218654990131995,36.11224489795919,-14.893939393939394,3.0113107362702447
13920,44.53503156901334,-46.400047791186026,1.5479423893383435,11.108651146482798,0.3296440545328843,11.103759052301372,-2.6959936550028296e-05,-0.0014218714396524832,44.95730977254307,-38.39990794821516,1.5607683664863738,11.109863503358026,0.08471774674624362,11.109540493046188,-0.00032631024721667347,0.0005660844254537949,8.011276826340868,S,1.0,1.0,1.0,1.7320508075688772,32.612546690578185,25.1150498767213,36.11224489795919,-14.893939393939394,3.0112768263408682
13930,44.53756223718437,-46.288993474259534,1.5472906327497273,11.108612315369674,0.3374189683179177,11.103486660189315,-3.868058950301077e-05,-0.0016065891956416778,44.95842459045609,-38.28881567542182,1.5609951977218488,11.109856998514232,0.08211260276935188,11.109553548541099,-0.00031403597746537876,0.0005017723948677859,8.01124022442326,S,1.0,1.0,1.0,1.7320508075688772,32.50592858191987,25.011499982564295,36.11224489795919,-14.893939393939394,3.0112402244232594
13940,44.54016541075631,-46.17794119852657,1.5466347808954402,11.108580148108576,0.34518769008269384,11.103215676801353,-4.715028678635656e-05,-0.0017221043866442688,44.95951507039688,-38.17772322660179,1.561223693774874,11.109848997808854,0.0794535438455677,11.109564882950401,-0.000298208911923046,0.00040913095710840073,8.011201017035388,S,1.0,1.0,1.0,1.7320508075688772,32.39936130665912,24.908006324679153,36.11224489795919,-14.893939393939394,3.011201017035388
13950,44.542848013805845,-46.06689114235829,1.5459790657913668,11.10855240393562,0.3530740015139904,11.102939937711938,-6.122040774990348e-05,-0.0020977811054631286,44.96057653813197,-38.06663058347902,1.5614513219023154,11.10983889851729,0.07668044488703565,11.109574269988018,-0.00027711177507059714,0.0005653991863910648,8.011158850627973,S,1.0,1.0,1.0,1.7320508075688772,32.292847344360574,24.804567921660116,36.11224489795919,-14.893939393939394,3.0111588506279734
13960,44.5456149564426,-45.95584327073898,1.545332356439281,11.108541286497598,0.36031665363340143,11.102696133054176,-6.783260812825054e-05,-0.002320070957027232,44.961609094919865,-37.95553773076629,1.5616750042214034,11.109829886493774,0.07429762381053312,11.109581448908251,-0.00025463930262160266,0.0005312003241892096,8.01111352161266,S,1.0,1.0,1.0,1.7320508075688772,32.186388473931984,24.701185488546628,36.11224489795919,-14.893939393939394,3.0111135216126605
13970,44.548455463318476,-45.8447970291331,1.5446947897852417,11.108556806489837,0.3665580333623957,11.102507353349926,-4.349348118467687e-05,-0.0016023797062589122,44.96261417644179,-37.844444663742244,1.5618934132026832,11.109822472727416,0.07221389990593774,11.109587774898737,-0.0002310683388563503,0.0003304532616067821,8.011065185733479,S,1.0,1.0,1.0,1.7320508075688772,32.079981874326364,24.597860242402326,36.11224489795919,-14.893939393939394,3.0110651857334787
13980,44.55135167878841,-45.733751940051775,1.5440510230929694,11.108579845508014,0.3730664812768439,11.102313614043453,3.8182085374597984e-07,-0.00025164952945157444,44.96359541209246,-37.733351405042306,1.562108089393483,11.109816243905863,0.07027455426998608,11.109593982696971,-0.0002071898404195733,-5.789358584038152e-05,8.011014518538103,S,1.0,1.0,1.0,1.7320508075688772,31.973622896656366,24.494594239075674,36.11224489795919,-14.893939393939394,3.0110145185381025
13990,44.554316550093944,-45.62270881521473,1.5433956943297398,11.108573013705092,0.3814232047166474,11.102022821978016,-1.9063228480272886e-06,-0.000316813437222014,44.96455402586786,-37.62225798290901,1.5623213400906342,11.109809190148578,0.06816519295055234,11.109600071468812,-0.00018185629371967474,-0.0003778982435831114,8.010961759156674,S,1.0,1.0,1.0,1.7320508075688772,31.867316233496716,24.39138870129696,36.11224489795919,-14.893939393939394,3.0109617591566735
14000,44.5573541579241,-45.511667935486116,1.5427311679797373,11.108553771911168,0.3898689649386886,11.101710187787262,-1.0199543061232371e-05,-0.0005055176318339283,44.965490560737926,-37.51116442717864,1.5625350485383573,11.109800527875857,0.06587523224433516,11.109605223542708,-0.00015557321733274945,-0.0006043415481190005,8.01090704662974,S,1.0,1.0,1.0,1.7320508075688772,31.761063764562262,24.288244625120498,36.11224489795919,-14.893939393939394,3.0109070466297396
14010,44.5604661810108,-45.400629439837914,1.5420597550354362,11.108528671180759,0.3981821686148041,11.101390012022916,-1.9885183033793288e-05,-0.0007012726551866987,44.96640458625963,-37.40007076228637,1.5627502554174624,11.109789940384118,0.06342032456930978,11.109608921194827,-0.00012864267219877306,-0.0007000701108454666,8.010850463078267,S,1.0,1.0,1.0,1.7320508075688772,31.654866614849762,24.18516266133466,36.11224489795919,-14.893939393939394,3.010850463078267
14020,44.563661132027946,-45.28959363335868,1.541388772180796,11.108501603384159,0.40636710106154234,11.101066329482194,-3.945654323895257e-05,-0.0012055753916102433,44.967294748073876,-37.28897699983974,1.5629666800617736,11.109777831293965,0.06087948310846896,11.109611026010194,-0.00010147059107390352,-0.0006648118531965583,8.010791884236053,S,1.0,1.0,1.0,1.7320508075688772,31.54872791419344,24.082143119284606,36.11224489795919,-14.893939393939394,3.0107918842360526
14030,44.566941769150574,-45.1785604264672,1.5407275399995939,11.108490910047527,0.41364972244185083,11.100786648059332,-4.643562384302594e-05,-0.0014070799364962687,44.96816163993689,-37.17788315268349,1.5631844176802236,11.109765357493712,0.05838348141091854,11.109611949463659,-7.535452397254859e-05,-0.0006514377984998889,8.010731191592493,S,1.0,1.0,1.0,1.7320508075688772,31.44264890666114,23.97918703341944,36.11224489795919,-14.893939393939394,3.010731191592493
14040,44.57029127244532,-45.06752904720548,1.5400712231543807,11.108505636099876,0.4199913936537447,11.100563260326906,-1.1811017621752344e-05,-0.00046718860458366926,44.96900708106828,-37.066789244868,1.5634053215465717,11.109752557616243,0.055825665734232796,11.109612296858337,-5.069941958993305e-05,-0.0006717326841702419,8.010668616336162,S,1.0,1.0,1.0,1.7320508075688772,31.33662491457311,23.876295920430703,36.11224489795919,-14.893939393939394,3.0106686163361616
14050,44.573694606536,-44.9564991867985,1.539401226349868,11.108515736881111,0.42726028255378556,11.100295965760884,2.8957532305627772e-05,0.0006732436779652406,44.96983091507381,-36.9556952997846,1.5636313938792283,11.109738448329166,0.05300506506783043,11.109612002827124,-2.6911375359148285e-05,-0.0005665968581510935,8.010604647178559,S,1.0,1.0,1.0,1.7320508075688772,31.230652130078933,23.77347058592162,36.11224489795919,-14.893939393939394,3.0106046471785586
14060,44.57717343001096,-44.84547210972236,1.5387167414174223,11.108486082510431,0.43661283250877464,11.099902354517207,-1.2458975178139406e-07,-5.450111312493822e-05,44.97063110994749,-36.844601327671526,1.5638629702146496,11.109722949077197,0.049954466992137875,11.109610639283451,-4.020956725808022e-06,-0.00029422598560787663,8.010539446065772,S,1.0,1.0,1.0,1.7320508075688772,31.12473818488055,23.670711134432388,36.11224489795919,-14.893939393939394,3.0105394460657724
14070,44.58074234502308,-44.73444833889584,1.5380331342843425,11.108451854257053,0.44540589087792715,11.099518736896577,-3.963937737524066e-05,-0.0010581301984547615,44.9714071281868,-36.73350733443855,1.564100043740161,11.109707184966311,0.04685141973587646,11.109608394545724,1.692052039426458e-05,-1.766806203540544e-05,8.010472890510918,S,1.0,1.0,1.0,1.7320508075688772,31.01888816680819,23.56801822914201,36.11224489795919,-14.893939393939394,3.0104728905109184
14080,44.58440801395848,-44.62342777267956,1.537369037879601,11.108443826355137,0.4524936692564447,11.099224014433188,-5.929721458946461e-05,-0.0016224084627341944,44.97215782567069,-36.62241332102504,1.5643424096548468,11.109691387378305,0.04366444946557943,11.109605579796275,3.601105104724865e-05,0.0002981622084415398,8.010404619747202,S,1.0,1.0,1.0,1.7320508075688772,30.913104456294025,23.46539231052126,36.11224489795919,-14.893939393939394,3.0104046197472023
14090,44.58813978166216,-44.51240885672141,1.536717042262056,11.10848144741726,0.4576896965577266,11.099048617304025,5.260866779535198e-06,-5.573723716014475e-05,44.972875737261724,-36.511319242504264,1.5645846319626504,11.109676111867344,0.04046403416939383,11.109602421893173,5.4623307374191565e-05,0.0008941245850048698,8.010334373187211,S,1.0,1.0,1.0,1.7320508075688772,30.807377807877984,23.362831386361066,36.11224489795919,-14.893939393939394,3.010334373187211
14100,44.591937384214454,-44.40139181992351,1.5360652285396985,11.10851130241759,0.4643251427278626,11.09880288669774,3.983049775093357e-05,0.0007183965991683101,44.9735606134446,-36.40022503148114,1.5648208913472406,11.10966664912634,0.03795743186430787,11.109601806008905,7.007282666636178e-05,0.0011299689160515945,8.010262559090133,S,1.0,1.0,1.0,1.7320508075688772,30.701708964374767,23.260336156922648,36.11224489795919,-14.893939393939394,3.0102625590901333
14110,44.595792696613564,-44.29037661643706,1.535400800680347,11.108527430404354,0.4718079916369697,11.098503452766659,7.244395183002675e-05,0.0015052969856971996,44.974214579816895,-36.2891306320036,1.5650483207145405,11.109663806652833,0.03600092612538396,11.109605475901024,8.260941520502372e-05,0.001022461026534615,8.010189787083682,S,1.0,1.0,1.0,1.7320508075688772,30.596096231844673,23.15790825518368,36.11224489795919,-14.893939393939394,3.0101897870836822
14120,44.599729980628695,-44.179364598463046,1.5347303257386162,11.108508627444081,0.480691084789709,11.098103441895073,3.275505311748996e-05,0.0005465988557318,44.97484732537858,-36.17803604796049,1.5652718125124951,11.109666499437411,0.03432389100610304,11.109613476589908,9.107901250423282e-05,0.000366197279062834,8.010116827825893,S,1.0,1.0,1.0,1.7320508075688772,30.490548247584638,23.05555230663998,36.11224489795919,-14.893939393939394,3.010116827825893
14130,44.6037401250879,-44.068355302534904,1.5340571612532279,11.10849879644097,0.4883296875730708,11.097760117553689,3.332687331105041e-05,0.0006070453722743273,44.97545907271718,-36.06694131536769,1.5654967075447994,11.109668139326388,0.03200665471765349,11.10962203407558,9.84922542182011e-05,1.2424303389439956e-05,8.010043743330103,S,1.0,1.0,1.0,1.7320508075688772,30.38506269205414,22.953269393976047,36.11224489795919,-14.893939393939394,3.010043743330103
14140,44.60783956210572,-43.957349449084454,1.533392349244611,11.108483988287437,0.4960904621117653,11.097401081849755,-2.2579765677146972e-06,-0.00023029893706155127,44.97604918632244,-35.95584647120299,1.5657258987379223,11.109667442802934,0.02927043428008152,11.109628883601491,0.00010409796442262195,-0.00014350520761773457,8.009970551282432,S,1.0,1.0,1.0,1.7320508075688772,30.279645518581983,22.851060285984392,36.11224489795919,-14.893939393939394,3.009970551282432
14150,44.61201290328167,-43.84634611182326,1.5327371806871273,11.108498618589648,0.5022849270237664,11.097137081756395,2.274992627810696e-05,0.00033048591733971996,44.97661489946584,-35.84475154172079,1.565959570758428,11.10966405440623,0.026257882918072694,11.109633023882946,0.00010804240159031135,-5.649980381497991e-05,8.009897020556181,S,1.0,1.0,1.0,1.7320508075688772,30.174292218742604,22.74892492350431,36.11224489795919,-14.893939393939394,3.0098970205561812
14160,44.61626380232724,-43.73534545983647,1.5320920270422322,11.10851832167305,0.508754543594063,11.096862084270409,3.162503446267211e-05,0.0004699706841604091,44.97715542753472,-35.733656541588246,1.566197224872788,11.10965951993806,0.02323438973945464,11.109635224078412,0.0001097980636299908,5.8831661904187134e-05,8.009823238346861,S,1.0,1.0,1.0,1.7320508075688772,30.06900466233982,22.646864010087327,36.11224489795919,-14.893939393939394,3.0098232383468613
14170,44.620564948697904,-43.6243463390381,1.5314391478472185,11.10854989494514,0.5149263783089554,11.096609013271005,9.752871170677575e-05,0.001949237372220252,44.977670838685945,-35.622561483484255,1.566439101999625,11.10965448229212,0.020186001060127017,11.109636143514088,0.00010951723501631847,0.00016952736903426093,8.009749402524088,S,1.0,1.0,1.0,1.7320508075688772,29.963774684054382,22.544878594520707,36.11224489795919,-14.893939393939394,3.009749402524088
14180,44.62493691936488,-43.51335018646012,1.5307742120992174,11.108539822081159,0.5235080728301283,11.09619737912248,6.891045597225574e-05,0.0013382512586546586,44.97816093978225,-35.51146638033201,1.5666858858390802,11.109648984231832,0.017032289040261297,11.109635928056933,0.0001075090309403321,0.0003069025920988521,8.009676126746646,S,1.0,1.0,1.0,1.7320508075688772,29.8586101411696,22.442969640742362,36.11224489795919,-14.893939393939394,3.009676126746646
14190,44.62937539241624,-43.40235694233763,1.5300959898231963,11.10852018069564,0.5318592193130119,11.095780566312316,5.6233132090704194e-05,0.0011512842037509886,44.97862339855991,-35.4003712371288,1.566936847039501,11.109643022435346,0.013751567341722015,11.109634511555365,0.00010425541115763634,0.0005604539949842045,8.009603572971749,S,1.0,1.0,1.0,1.7320508075688772,29.753510431097553,22.34113727309528,36.11224489795919,-14.893939393939394,3.0096035729717485
14200,44.633910606008286,-43.29136811216062,1.5294232022789815,11.108481608612419,0.5406499237336606,11.095317089152843,-2.784991420754293e-05,-0.0006149624525866959,44.979055871700865,-35.289276040548636,1.5671896180988663,11.109638029223449,0.010545274963561072,11.109633024431718,9.987276562957998e-05,0.0008308933658790876,8.009531994878687,S,1.0,1.0,1.0,1.7320508075688772,29.64848637361097,22.239381596001895,36.11224489795919,-14.893939393939394,3.009531994878687
14210,44.63851974539202,-43.18038219958259,1.5287595831976786,11.10848519884665,0.5468990447538049,11.095014414043925,-6.878508438616171e-06,-0.0001439513601003275,44.97945671738729,-35.178180760645326,1.5674410330728505,11.109635642220967,0.007577681584586572,11.109633057920874,9.457550204522375e-05,0.00102380276587522,8.009461023577236,S,1.0,1.0,1.0,1.7320508075688772,29.54353075329503,22.137702980964164,36.11224489795919,-14.893939393939394,3.009461023577236
14220,44.64320035132525,-43.06939913030448,1.5280996604075858,11.108494745071079,0.5535895663045912,11.094692158566206,5.600376325317707e-06,0.00010853232163565517,44.979825869300235,-35.0670853587386,1.5676883653147113,11.109637150237115,0.004939885978933781,11.109636051980063,8.855108005108084e-05,0.001044441556209692,8.009390890569948,S,1.0,1.0,1.0,1.7320508075688772,29.438643520088462,22.03610243215402,36.11224489795919,-14.893939393939394,3.0093908905699482
14230,44.647948421145706,-42.95841880690247,1.5274373764259064,11.108504497390978,0.5606698820563567,11.094346373352082,2.0600047226931658e-05,0.0004121577585998757,44.98016804671319,-34.95598981048369,1.567932865067421,11.109642726757267,0.002577474998075836,11.109642427765769,8.165154629054007e-05,0.0007212318412023027,8.009322051355923,S,1.0,1.0,1.0,1.7320508075688772,29.333824151589358,21.934582920314952,36.11224489795919,-14.893939393939394,3.009322051355923
14240,44.65275577201128,-42.84744105951562,1.5267613900166348,11.108504182988494,0.5684117582213079,11.09395210268138,3.855853304693521e-05,0.0008190368350987512,44.98048208100903,-34.844894120642714,1.5681752917654044,11.10964888213532,1.4925377680584558e-05,11.109648882125294,7.451296773946573e-05,0.000550237948979605,8.009254774476421,S,1.0,1.0,1.0,1.7320508075688772,29.22907082610008,21.83314510650706,36.11224489795919,-14.893939393939394,3.009254774476421
14250,44.657656468975006,-42.7364678428052,1.52608644747991,11.108472756635363,0.5774423307013815,11.093454256435379,-4.482269270863791e-05,-0.0008427399061938449,44.980772827341625,-34.73379829988189,1.5684190405562342,11.109655893330299,-0.002525956111666474,11.109655606172243,6.66040895824996e-05,0.00014437252356829303,8.009189971169146,S,1.0,1.0,1.0,1.7320508075688772,29.124396119815987,21.731792126788395,36.11224489795919,-14.893939393939394,3.009189971169146
14260,44.662632380250784,-42.625497891805715,1.5254180090402039,11.108474992664009,0.5841496219364737,11.093105330872556,-2.9572600299031056e-05,-0.0005304092886775492,44.98103138000412,-34.622702376302605,1.568661005977803,11.109659875473868,-0.005493114198758687,11.10965851745275,5.874118993665631e-05,0.0003535376022337784,8.009126917835713,S,1.0,1.0,1.0,1.7320508075688772,29.019794327629384,21.63052154892174,36.11224489795919,-14.893939393939394,3.0091269178357134
14270,44.66768162243196,-42.51453114590089,1.524752865344157,11.108481881259843,0.5910713688139471,11.092745572816796,-1.9695568476799922e-05,-0.00034874290004920794,44.981264004003776,-34.51160632656771,1.5689011149325203,11.109666743282727,-0.007879156862318847,11.109663949269095,5.044186033182966e-05,1.4025368605697698e-05,8.00906608625071,S,1.0,1.0,1.0,1.7320508075688772,28.915265626913765,21.52933709576127,36.11224489795919,-14.893939393939394,3.0090660862507104
14280,44.67280033933184,-42.403567483972054,1.5240863401163869,11.108489712520907,0.5982241591093341,11.092369969877526,-4.297512971302293e-06,-5.918083693597835e-05,44.98146601211069,-34.400510164800636,1.56913747409815,11.10967262588371,-0.010452120047653748,11.109667709139476,4.2280944411313376e-05,3.680938150981691e-05,8.00900748854034,S,1.0,1.0,1.0,1.7320508075688772,28.81080955330358,21.428238061266935,36.11224489795919,-14.893939393939394,3.0090074885403393
14290,44.67799013286907,-42.29260714279987,1.5234155946287522,11.108489566673907,0.6058774152788791,11.091954426996084,-3.7136588219419575e-06,-4.415547491178008e-05,44.981641907508326,-34.28941387309408,1.569370310053817,11.10968081245125,-0.012639595991918391,11.109673622350957,3.4296496542499824e-05,-0.00029485371623343766,8.008951673752673,S,1.0,1.0,1.0,1.7320508075688772,28.70642760501259,21.327227517531195,36.11224489795919,-14.893939393939394,3.008951673752673
14300,44.68325394127237,-42.18165039549207,1.5227410306537301,11.108482221969258,0.6137530934455308,11.091514072302893,-1.3984066242392722e-05,-0.00022172214615887698,44.9817873521036,-34.178317459495034,1.5695972748991025,11.109688662516058,-0.01492519629989401,11.109678636961252,2.662059164966249e-05,-0.00031500114682659697,8.008898818301894,S,1.0,1.0,1.0,1.7320508075688772,28.602121734668835,21.22630492387108,36.11224489795919,-14.893939393939394,3.008898818301894
14310,44.6885370973643,-42.07069465476642,1.5220210448668778,11.108472948657662,0.6217976858336477,11.091056707498657,9.929764242081341e-05,0.002060641214519224,44.98190615080835,-34.067220898763026,1.569817574548532,11.109699159255316,-0.016759657079849995,11.109686517766955,1.9556617007144674e-05,-0.0006586395515436659,8.008848704061885,S,1.0,1.0,1.0,1.7320508075688772,28.49787385747341,21.125473116678492,36.11224489795919,-14.893939393939394,3.0088487040618848
14320,44.69379953835322,-41.959739591203075,1.521175932394937,11.108341437880233,0.6360793903600755,11.090115080993804,0.00014727190954652033,0.003529715353368676,44.982002594610165,-33.956124195103214,1.5700341925649504,11.109710313378605,-0.01856295098488117,11.109694805170918,1.2973805175886654e-05,-0.0011118237723729048,8.008802682693748,S,1.0,1.0,1.0,1.7320508075688772,28.393672188786482,21.02473521809538,36.11224489795919,-14.893939393939394,3.008802682693748
14330,44.69910807538025,-41.848792075716744,1.5201779245916098,11.107927686379604,0.6599821578572123,11.088303794410969,-0.00020203337888454544,-0.0015521074455277692,44.98208005548007,-33.8450273839144,1.5702522062596846,11.109719482712729,-0.020680993063257484,11.109700233628839,6.52118283009402e-06,-0.0014990159810760642,8.00876534699722,S,1.0,1.0,1.0,1.7320508075688772,28.289544045885034,20.9240940479001,36.11224489795919,-14.893939393939394,3.0087653469972206
14340,44.70454849372762,-41.73785869555467,1.5190736068861679,11.107318503893339,0.6860733793207334,11.086109672248366,-0.0007762325204280186,-0.010161712433826794,44.98213532329508,-33.733930524215054,1.570473417543425,11.109724220318668,-0.023311008377222324,11.109699764099103,-2.8773075365157234e-07,-0.0014586880871816825,8.008740264230902,S,1.0,1.0,1.0,1.7320508075688772,28.185522605647893,20.823549696109232,36.11224489795919,-14.893939393939394,3.0087402642309016
14350,44.71018755899399,-41.62694236030732,1.5179513938515257,11.106733456440637,0.7074157365426611,11.084182019802345,-0.0013249914036640724,-0.01848364817583699,44.98216539510695,-33.622833647982645,1.5706961500247363,11.109726227586435,-0.026004861966090576,11.109695792373257,-7.0960965094549326e-06,-0.0012281493492800931,8.008728252478567,S,1.0,1.0,1.0,1.7320508075688772,28.08163217482699,20.723102316131538,36.11224489795919,-14.893939393939394,3.0087282524785675
14360,44.7159984150783,-41.51603832981119,1.51686102256594,11.106406215886278,0.7202242640443497,11.08302919069327,-0.001488961922127157,-0.02086458940556719,44.98217046949693,-33.51173676043115,1.5709189895912425,11.10972768434542,-0.028501741345830205,11.109691124016514,-1.3325064425954154e-05,-0.001060617635329995,8.00872593963192,S,1.0,1.0,1.0,1.7320508075688772,27.977861360988364,20.62275341520541,36.11224489795919,-14.893939393939394,3.008725939631921
14370,44.72195406498208,-41.405142821029614,1.5158091772893068,11.106295514004925,0.7297905434343276,11.082292443674266,-0.0014244833059941487,-0.020019629811487232,44.98214933489361,-33.400639865813474,1.5711403058588047,11.10972900344534,-0.03090370099964058,11.10968602127257,-1.8918950717139306e-05,-0.0008469991198970612,8.008730806972366,S,1.0,1.0,1.0,1.7320508075688772,27.87419952381195,20.52250391828476,36.11224489795919,-14.893939393939394,3.008730806972366
14380,44.728037237380725,-41.294253590226084,1.5147868546289969,11.106328167990945,0.7389523852264619,11.081718041327221,-0.001238763654069103,-0.01761401237704798,44.982102365030336,-33.289542953830484,1.5713587749193665,11.10973138886892,-0.03310543637471069,11.10968206398823,-2.348680058015426e-05,-0.0007220405196311852,8.008741565409167,S,1.0,1.0,1.0,1.7320508075688772,27.770640383302137,20.422355442476157,36.11224489795919,-14.893939393939394,3.008741565409167
14390,44.734231189152574,-41.18336919395355,1.5137770875184853,11.106433412967553,0.7487293710066732,11.081167243827432,-0.0009825992342457836,-0.014290056254430243,44.98203225866224,-33.1784460128248,1.5715753184098542,11.109734981509574,-0.03517282936220957,11.109679303717645,-2.687879133119528e-05,-0.0007570263242745672,8.008757737990493,S,1.0,1.0,1.0,1.7320508075688772,27.66717851200948,20.322310649140068,36.11224489795919,-14.893939393939394,3.008757737990493
14400,44.740545374251454,-41.07249053806771,1.5127746423668662,11.106532700677928,0.7600397905258389,11.08049674644804,-0.0007808625557703979,-0.011863761707188364,44.981939879540896,-33.06734905349243,1.571791645122342,11.10973821561847,-0.03737164792602261,11.109675358870968,-2.96477159972179e-05,-0.0007536655668779578,8.0087802751263,S,1.0,1.0,1.0,1.7320508075688772,27.563818841280455,20.22237146628039,36.11224489795919,-14.893939393939394,3.0087802751263
14410,44.74697982802655,-40.96161777568111,1.5117805846952779,11.10662991844247,0.7712295591290237,11.079820987379131,-0.0005721459964556269,-0.009299822396015204,44.9818242638071,-32.956252095735955,1.5720082414698897,11.10974033416173,-0.03971884137666566,11.109669333789359,-3.2085960277606776e-05,-0.0006393125597541028,8.008809623075134,S,1.0,1.0,1.0,1.7320508075688772,27.460562695007724,20.122539061076672,36.11224489795919,-14.893939393939394,3.008809623075134
14420,44.753533890316675,-40.85075109731998,1.5107959304376186,11.10671677558787,0.7822188752182533,11.079137654365402,-0.00036919239427666645,-0.006765324848779623,44.98168353008686,-32.8451551536561,1.5722237368103813,11.10974173028629,-0.04206810112148396,11.109662082553754,-3.412369275204086e-05,-0.0004420343788127868,8.00884627592107,S,1.0,1.0,1.0,1.7320508075688772,27.35741123085651,20.022814210319694,36.11224489795919,-14.893939393939394,3.0088462759210692
14430,44.76020637794278,-40.73989066837396,1.5098214552443647,11.106792288517237,0.7929808119609593,11.07844828358772,-0.0001761555647826296,-0.004317972804925776,44.98151740054481,-32.73405822343808,1.572436432105013,11.10974361793051,-0.0442315879630546,11.109655567243026,-3.5270973102281e-05,-0.0003129165042794279,8.008890791184077,S,1.0,1.0,1.0,1.7320508075688772,27.254365430875943,19.923198402258485,36.11224489795919,-14.893939393939394,3.0088907911840774
14440,44.766995750941355,-40.62903659915262,1.5088577638280347,11.106859240049886,0.8034969549214578,11.077757662167624,4.169020045647996e-06,-0.002006719198242889,44.981309718186964,-32.62296132565728,1.572632461917714,11.10974639531257,-0.046148005852121005,11.109650549396974,-3.716454301109529e-05,0.0004599109521694753,8.008943236247218,S,1.0,1.0,1.0,1.7320508075688772,27.151426122562498,19.823686070979225,36.11224489795919,-14.893939393939394,3.0089432362472177
14450,44.77390023342404,-40.518188940126116,1.5079053683388277,11.106921486280838,0.8137516378082744,11.077071507143541,0.00016967982087105798,0.00012762489975623546,44.98106930359817,-32.51186430488226,1.5728028095180433,11.109759883221297,-0.046134098382388536,11.109664095183064,-3.368109096141488e-05,2.0415732374449145e-05,8.009004506713023,S,1.0,1.0,1.0,1.7320508075688772,27.048594010699283,19.72428261067253,36.11224489795919,-14.893939393939394,3.0090045067130227
14460,44.78090056048747,-40.40734658821559,1.506951411083433,11.106982687405498,0.8237997040980017,11.076390136946852,0.0003701502574999664,0.0028161752795465354,44.98080825190862,-32.40076706881817,1.572950266245662,11.109779978338302,-0.04534139561026919,11.109687453971453,-2.688444780042068e-05,-0.0011057636572847354,8.009074770878566,S,1.0,1.0,1.0,1.7320508075688772,26.945863089840486,19.6249950624431,36.11224489795919,-14.893939393939394,3.0090747708785663
14470,44.78801857293085,-40.296511715161046,1.5059993865694776,11.106994570143327,0.8353695674940246,11.07553547540245,0.0004182925812354053,0.003406506494806459,44.98053293548065,-32.289669614655175,1.57308143705868,11.109800634778402,-0.044767540219306644,11.109710437804637,-1.9724772994091773e-05,-0.002225903114623333,8.009156147948499,S,1.0,1.0,1.0,1.7320508075688772,26.843243645174994,19.525828090720523,36.11224489795919,-14.893939393939394,3.0091561479484987
14480,44.79525259990768,-40.185684082425226,1.5050579003286566,11.107018606989188,0.8456913371017145,11.074776227913373,0.00048815383524415836,0.004325218703834109,44.98024294456981,-32.178571988924205,1.5731993370587392,11.109818293252522,-0.04458743983556975,11.109728820691227,-1.402346517443706e-05,-0.0029631497184460097,8.009248747885692,S,1.0,1.0,1.0,1.7320508075688772,26.74073619292573,19.426783400715138,36.11224489795919,-14.893939393939394,3.0092487478856924
14490,44.80259886608334,-40.07486330255323,1.5041306046793588,11.107060558828278,0.8551703705850794,11.074090386788079,0.0005637754228076666,0.005317278112325739,44.97993804073577,-32.067474230656074,1.5733036272272667,11.10983272370778,-0.04436713414747405,11.109744133245185,-9.42772394616997e-06,-0.003499612530540574,8.009352591290037,S,1.0,1.0,1.0,1.7320508075688772,26.63834043221708,19.327862801209246,36.11224489795919,-14.893939393939394,3.009352591290037
14500,44.81005350935035,-39.96404902777544,1.5032184030144078,11.107118969494108,0.8641425372710373,11.073452464239626,0.0006373284076174456,0.0062695644341958295,44.97961931907902,-31.95637636670547,1.573393174190916,11.10984443374992,-0.04388252373130343,11.109757768116957,-5.538994816603071e-06,-0.003958141050199067,8.00946777324663,S,1.0,1.0,1.0,1.7320508075688772,26.536056068921564,19.22906873912372,36.11224489795919,-14.893939393939394,3.00946777324663
14510,44.817613233848306,-39.8532410023548,1.5023212193525146,11.10718956603855,0.8727824359375502,11.072845653915461,0.0007017943674346127,0.0070941520202759635,44.979292954238204,-31.845278405149404,1.5734704827352668,11.109853928379573,-0.0431198979322754,11.109770248944546,-1.5520762481587087e-06,-0.004562352096470256,8.009594577144709,S,1.0,1.0,1.0,1.7320508075688772,26.433883079172244,19.130406046535757,36.11224489795919,-14.893939393939394,3.009594577144709
14520,44.82527531073193,-39.742439053953774,1.501438897027976,11.107267822630321,0.8811525603918361,11.07226122564645,0.0007528237097134128,0.007744534923310236,44.97896212858615,-31.734180371763802,1.5735397990427111,11.109860692863869,-0.042569517699883194,11.10977913601366,1.4195068248437214e-06,-0.0049639475600964725,8.009733251416879,S,1.0,1.0,1.0,1.7320508075688772,26.331821705450565,19.03187827407199,36.11224489795919,-14.893939393939394,3.009733251416879
14530,44.8330287080925,-39.631642457902856,1.5005648340486177,11.107350343787271,0.8892935187007377,11.071693126944409,0.0008167033467626547,0.008590531717953811,44.97862813086048,-31.623082294740584,1.5736046118047218,11.109864874154987,-0.042315001091042685,11.10978428965502,3.172900970794948e-06,-0.005087968330299259,8.009883587100383,S,1.0,1.0,1.0,1.7320508075688772,26.22986891206112,18.9334881579729,36.11224489795919,-14.893939393939394,3.009883587100383
14540,44.84088317921569,-39.52085227783242,1.4997008588051646,11.10741192037913,0.898062390607701,11.071047082889512,0.0007929981567068964,0.008326795481255493,44.97829026253664,-31.511984200666337,1.5736664375456435,11.109866980762643,-0.04229627426582926,11.109786467588982,3.6907243688228827e-06,-0.004904381772212549,8.010046727953384,S,1.0,1.0,1.0,1.7320508075688772,26.128030244086,18.83523755106714,36.11224489795919,-14.893939393939394,3.010046727953384
14550,44.848836814413424,-39.41006835293856,1.4988515035755539,11.107478717928874,0.9060670998624901,11.070461863887596,0.0007775844316342938,0.008192939377314842,44.97794497003695,-31.400886114031273,1.5737230798531183,11.109867807821882,-0.04231634692636948,11.10978721821709,3.072532156454965e-06,-0.0044040310168077575,8.010222784160028,S,1.0,1.0,1.0,1.7320508075688772,26.0263062582636,18.737126988628532,36.11224489795919,-14.893939393939394,3.010222784160028
14560,44.856886687564845,-39.29929044751607,1.4980188965988057,11.10755299374842,0.9135069325770783,11.06992495878193,0.000763570586450923,0.008086888596944867,44.97759506824056,-31.289788025940442,1.5737737940873677,11.109868500604122,-0.04197583337119332,11.109789202776463,3.076721431186242e-06,-0.004078513942324476,8.010411946609938,S,1.0,1.0,1.0,1.7320508075688772,25.924697106751967,18.639160013401856,36.11224489795919,-14.893939393939394,3.0104119466099384
14570,44.86502984417379,-39.18851834222077,1.4972038127074587,11.107634189190131,0.9205506946454081,11.069422916279482,0.0007485401244378048,0.00797370528204834,44.97723956729449,-31.178689941287796,1.5738176005427824,11.109869102501023,-0.041593606214202807,11.109791242261439,2.7006638030989867e-06,-0.003616715176082694,8.010614335639637,S,1.0,1.0,1.0,1.7320508075688772,25.823202949846433,18.541338432721286,36.11224489795919,-14.893939393939394,3.0106143356396373
14580,44.87326362284336,-39.07775185956964,1.4964065341464137,11.107720623080416,0.9272887677380176,11.068947239084343,0.0007303694325740683,0.00782671223936113,44.976883539132,-31.06759184232614,1.5738566119969029,11.109869919985368,-0.04100385704748492,11.109794252041885,3.2298969892644193e-06,-0.003411284580665745,8.010830205971038,S,1.0,1.0,1.0,1.7320508075688772,25.72182408909881,18.44366698245717,36.11224489795919,-14.893939393939394,3.010830205971038
14590,44.88159098616358,-38.96699125996636,1.4956314008096359,11.107810422988532,0.9337342962897195,11.06849550105998,0.000689914345414881,0.007401391075707346,44.97652462752758,-30.956493741464225,1.5738913197684388,11.109870491329673,-0.04068464579908998,11.10979599694405,2.8040180742238063e-06,-0.0029177526701201746,8.011060035363082,S,1.0,1.0,1.0,1.7320508075688772,25.62056316631487,18.346146933109033,36.11224489795919,-14.893939393939394,3.011060035363082
14600,44.89007212087439,-38.85624098341306,1.4949315285170068,11.107914063167987,0.9390762600932203,11.068147569148799,0.00045249289383974455,0.004444841230739739,44.976163497562325,-30.84539563718287,1.5739213438282251,11.109871021233673,-0.04025625397383061,11.109798087385014,2.6008494405863614e-06,-0.0024904033518231366,8.01130793855522,S,1.0,1.0,1.0,1.7320508075688772,25.519446471666335,18.248781033825296,36.11224489795919,-14.893939393939394,3.0113079385552197
14610,44.89871760103352,-38.74549993175639,1.4943765960080688,11.108162686537923,0.9367182028759586,11.068596897484081,0.00043415915300117736,0.0040118999136539825,44.97580083388271,-30.73429752857825,1.5739467886655956,11.109871480219326,-0.039776104697816526,11.109800275814404,2.476262496585032e-06,-0.002094598087973459,8.011573239350291,S,1.0,1.0,1.0,1.7320508075688772,25.41847837009563,18.151572098935794,36.11224489795919,-14.893939393939394,3.011573239350291
14620,44.90745356790071,-38.63476060793775,1.4939761284064248,11.108563660758561,0.9263295102011134,11.069873542351612,0.0008964045872704241,0.009426022255248002,44.97543589914665,-30.623199419670193,1.573966968085553,11.109871837760709,-0.03927755752965134,11.109802407106214,2.2116942295760227e-06,-0.0016674869443243769,8.011849616082213,S,1.0,1.0,1.0,1.7320508075688772,25.317627998350257,18.054522305521775,36.11224489795919,-14.893939393939394,3.0118496160822126
14630,44.916256742291374,-38.52402125146412,1.4937188912569879,11.108990820612009,0.9150661814911716,11.071238907002822,0.0013532129783463982,0.014826162491369772,44.97507152221926,-30.512101302214788,1.5739829199715598,11.109872149946098,-0.03864985835139111,11.109804920726436,2.512114424829941e-06,-0.0014315505464579338,8.01213582333184,S,1.0,1.0,1.0,1.7320508075688772,25.216887063007217,17.957635622898625,36.11224489795919,-14.893939393939394,3.0121358233318407
14640,44.925080156517026,-38.41327888835292,1.4935775267222633,11.109375989672786,0.9027688469180399,11.072634884658324,0.001892064923627409,0.021463884177916618,44.97470900587213,-30.401003174722987,1.5739968196538074,11.109872301798775,-0.038173673447247015,11.10980671897271,2.6968773532843755e-06,-0.0011920571622559921,8.01242941522185,S,1.0,1.0,1.0,1.7320508075688772,25.116237686961796,17.860915350713007,36.11224489795919,-14.893939393939394,3.0124294152218507
14650,44.93394730386273,-38.30253659131051,1.4935562307151353,11.10966448911221,0.8919414448075104,11.073801764510486,0.002138037791137552,0.024728326622643862,44.97434729999735,-30.289905043401188,1.5740095567048473,11.109872253081418,-0.037906854597021485,11.109807583849639,2.420520395160166e-06,-0.0008423140715160465,8.012733396428429,S,1.0,1.0,1.0,1.7320508075688772,25.015692196841073,17.764363688677903,36.11224489795919,-14.893939393939394,3.0127333964284286
14660,44.94281713231549,-38.19179234772878,1.4936500961048254,11.109845320094065,0.8778131522380963,11.075112058402562,0.0024897136949679297,0.029688638800801366,44.97398320858878,-30.178806920076454,1.5740190510226189,11.109872079417375,-0.03767791793817687,11.109808188961571,1.6977662085745118e-06,-0.00037334423083804275,8.013046036812641,S,1.0,1.0,1.0,1.7320508075688772,24.91523546432137,17.66798180827792,36.11224489795919,-14.893939393939394,3.013046036812641
14670,44.951656680682824,-38.08104485228985,1.4938331619098104,11.109920185242359,0.8636936600261468,11.076297205478294,0.002778173141934457,0.03412787902127504,44.97361457668056,-30.067708811314233,1.5740212939724112,11.109871928610616,-0.03715172622438745,11.109809810224869,1.1879763677413982e-06,2.3820476353164568e-05,8.013366125093462,S,1.0,1.0,1.0,1.7320508075688772,24.81485563530884,17.571771422216443,36.11224489795919,-14.893939393939394,3.0133661250934622
14680,44.96045878475757,-37.97029451429892,1.4940859786021872,11.109913392168561,0.8511573543487228,11.077260795865756,0.0028847369732330156,0.03641489816460126,44.97324600724575,-29.956610702314354,1.5740160028421752,11.109871789276562,-0.036171031432741474,11.109812907094714,1.974563176773495e-06,-3.638802284984847e-06,8.01369401409378,S,1.0,1.0,1.0,1.7320508075688772,24.714551475344948,17.47573768408418,36.11224489795919,-14.893939393939394,3.0136940140937796
14690,44.969243641228964,-37.85954355625179,1.4944189892010291,11.109847753593483,0.8390222308942634,11.078120725289619,0.002776100758520675,0.036027376429537294,44.97288122129985,-29.845512582480545,1.574006414816988,11.109871595105702,-0.03525148733827656,11.109815668694822,3.063607326987357e-06,-0.00016489067541090776,8.014031799322593,S,1.0,1.0,1.0,1.7320508075688772,24.61433324870497,17.379885410059714,36.11224489795919,-14.893939393939394,3.014031799322593
14700,44.97801563541663,-37.74879306566171,1.494858063996315,11.10971613137992,0.823938215110055,11.07912082872664,0.002627267667248994,0.03523097424049794,44.97252004367423,-29.73441445312501,1.5739950207801838,11.109871365332241,-0.034658539013709404,11.10981730452408,3.593565562502618e-06,-0.0001861808114170351,8.014380496745478,S,1.0,1.0,1.0,1.7320508075688772,24.51420459906859,17.284217530454942,36.11224489795919,-14.893939393939394,3.0143804967454777
14710,44.986747172807156,-37.6380419424584,1.4954127113300066,11.109501099380855,0.8049979007188358,11.080297516627553,0.0025693518645118337,0.035776803803172726,44.972160302588655,-29.623316321594256,1.5739815665941346,11.10987110644703,-0.03423480801408905,11.109818359441652,3.5629269070364102e-06,-5.749005632706863e-05,8.014738894968378,S,1.0,1.0,1.0,1.7320508075688772,24.41415555295392,17.188736010949786,36.11224489795919,-14.893939393939394,3.014738894968378
14720,44.99540380766013,-37.52728846367907,1.4960694280348472,11.109216112006466,0.7844246646900198,11.081487290462865,0.0025549715418405144,0.03699210952250372,44.971801086249386,-29.5122181916591,1.5739645500311046,11.10987078790592,-0.033709152545124896,11.109819648266123,3.506326647921055e-06,5.3803006281859174e-05,8.015105024506932,S,1.0,1.0,1.0,1.7320508075688772,24.314172869494968,17.093443505079154,36.11224489795919,-14.893939393939394,3.0151050245069317
14730,45.00395282524428,-37.41653064122657,1.496798464850977,11.10889700235583,0.764406927317157,11.082566248771982,0.0025284546298524222,0.03801590100164563,44.97144419966994,-29.40112005903812,1.5739439630206784,11.109870369293683,-0.03301720938855765,11.109821307581592,3.82894540375571e-06,1.2492705886828361e-05,8.015476505598112,S,1.0,1.0,1.0,1.7320508075688772,24.214243460338,16.998344128686377,36.11224489795919,-14.893939393939394,3.0154765055981123
14740,45.012378719970876,-37.30576713779464,1.4975691889115788,11.108598217971322,0.7466499433514444,11.083477262592679,0.0024070040426697288,0.037542299227624115,44.97109172291436,-29.29002191760296,1.5739216611802955,11.109869927811426,-0.032364720213564985,11.109822786065228,4.272424834255318e-06,-9.662790426346037e-05,8.015851548722175,S,1.0,1.0,1.0,1.7320508075688772,24.114360967480685,16.90344222624936,36.11224489795919,-14.893939393939394,3.015851548722175
14750,45.02068354031417,-37.1949975218853,1.4983639317108652,11.108355257089714,0.7311809182278333,11.084265017696582,0.0021633810458588777,0.03505218606619625,44.97074308734374,-29.178923767792373,1.573898877024425,11.109869597799536,-0.03191745377550465,11.109823750008589,4.307612202109218e-06,-9.072874360219004e-05,8.016229318070955,S,1.0,1.0,1.0,1.7320508075688772,24.014526284535066,16.808740843161132,36.11224489795919,-14.893939393939394,3.0162293180709554
14760,45.02888546771344,-37.08422257802523,1.4991873194860081,11.108168231979723,0.716737660597951,11.085020910934004,0.0018076408194731635,0.030628293837677376,44.97039757455335,-29.06782561076423,1.5738757200657698,11.109869371938078,-0.03155072947804492,11.10982457165716,4.1285883493070915e-06,-2.9805511342496696e-05,8.016610329207582,S,1.0,1.0,1.0,1.7320508075688772,23.914747475984566,16.714243007966274,36.11224489795919,-14.893939393939394,3.016610329207582
14770,45.03698437116582,-36.97344238449395,1.5000487403207141,11.107989730322489,0.7010748656464528,11.08584367027195,0.0014742934545060803,0.026292213055585566,44.97005346553237,-28.956727451199402,1.5738508565812732,11.109869219131223,-0.031176259671410706,11.109825475993414,3.7059089903640583e-06,9.77021262407547e-05,8.016994328789108,S,1.0,1.0,1.0,1.7320508075688772,23.81502523564735,16.619951280409566,36.11224489795919,-14.893939393939394,3.0169943287891083
14780,45.044976089830975,-36.86265689187851,1.5009532304312603,11.107803763700934,0.6843717248317276,11.086701033000733,0.001172543737957521,0.0222381032721908,44.96971273549243,-28.84562928419759,1.5738243917983086,11.109869006407633,-0.030634817942577806,11.109826769462545,3.716736551013963e-06,5.620180165467202e-05,8.017380883731565,S,1.0,1.0,1.0,1.7320508075688772,23.715358632128996,16.52587024295146,36.11224489795919,-14.893939393939394,3.0173808837315654
14790,45.0528450696783,-36.75186533279753,1.5018945357007214,11.107602054524689,0.6670034685665268,11.087557430498446,0.0009347355692645974,0.019004299070710287,44.96937510977836,-28.73453110998612,1.5737966831047099,11.109868847593606,-0.030162310579046753,11.109827903516392,3.5380906464497857e-06,6.355538316613012e-05,8.017768721687396,S,1.0,1.0,1.0,1.7320508075688772,23.61574173679817,16.432003366583796,36.11224489795919,-14.893939393939394,3.0177687216873963
14800,45.06059011556633,-36.64106756265164,1.5028663522326338,11.107412348740057,0.6503029144372817,11.08835944603247,0.000691426945901517,0.015493763984685122,44.96904254714065,-28.62343292259285,1.5737692505684582,11.10986871174821,-0.02970038934000531,11.109829012147525,3.5823406884788012e-06,-2.2125703551963496e-05,8.018157280744456,S,1.0,1.0,1.0,1.7320508075688772,23.516174555396343,16.338355399240264,36.11224489795919,-14.893939393939394,3.0181572807444557
14810,45.068210981121375,-36.53026357641875,1.5038665434734604,11.107231047307321,0.6338582359405889,11.089130050414143,0.0004632226009924806,0.012030365216302257,44.96871459057316,-28.5123347211999,1.5737433911249092,11.109868752079121,-0.029441763372817908,11.10982974086433,3.3059446352907875e-06,-1.5878479264057083e-06,8.018546168669427,S,1.0,1.0,1.0,1.7320508075688772,23.41665758839404,16.244929876910536,36.11224489795919,-14.893939393939394,3.0185461686694275
14820,45.07570711734948,-36.41945342380378,1.5048948323371605,11.10705316782699,0.6174167530867066,11.08987946850386,0.00026028312717090135,0.008795692855444083,44.96838937242059,-28.401236509581466,1.5737186245647734,11.109868950052007,-0.02929622376955326,11.109830323573917,2.6963369713775644e-06,0.00013289417196582967,8.01893506532491,S,1.0,1.0,1.0,1.7320508075688772,23.317191280433537,16.15172963873423,36.11224489795919,-14.893939393939394,3.0189350653249107
14830,45.0830774442067,-36.308637174279276,1.5059513904472903,11.106874424286339,0.600879239162589,11.09060880280291,8.819101760194816e-05,0.005909153546250183,44.96806616977695,-28.290138289930766,1.573693801676677,11.109869174786276,-0.02907599172676765,11.109831126870084,2.1218927207169874e-06,0.00024664313633228807,8.019323659233631,S,1.0,1.0,1.0,1.7320508075688772,23.217775896844802,16.058758210376677,36.11224489795919,-14.893939393939394,3.019323659233631
14840,45.090320505860795,-36.19781490662909,1.5070362660979424,11.10669191530693,0.5842302862824224,11.091315533972274,-5.121895304328975e-05,0.0034328244503615025,44.967745156700595,-28.17904006258788,1.5736682313473538,11.109869351813359,-0.028755141748365434,11.109832138974234,1.6949390006719217e-06,0.00029611761962628066,8.01971163544238,S,1.0,1.0,1.0,1.7320508075688772,23.11841156916663,15.966019685841978,36.11224489795919,-14.893939393939394,3.0197116354423805
14850,45.09743467648321,-36.08698670585663,1.5081492727174768,11.106504144682447,0.5674853598175617,11.091996875325972,-0.00015856589462383608,0.0013872693236243769,44.96742708414528,-28.06794182619957,1.5736420615974465,11.109869470108276,-0.0283849834712376,11.109833209169132,1.4198689184532252e-06,0.00027970936381214377,8.020098674955294,S,1.0,1.0,1.0,1.7320508075688772,23.01909836899037,15.873518565073859,36.11224489795919,-14.893939393939394,3.0200986749552943
14860,45.10441829168969,-35.97615266086344,1.5092900557656517,11.106310698463576,0.5506618486726902,11.092651119512542,-0.00023583458890779916,-0.00023267635181780256,44.96711166737316,-27.95684358167802,1.5736153149563836,11.109869576487926,-0.028044602990247695,11.109834179987347,1.083519687540733e-06,0.00027948205001384274,8.020484475178975,S,1.0,1.0,1.0,1.7320508075688772,22.919836355763604,15.78125886366836,36.11224489795919,-14.893939393939394,3.020484475178975
14870,45.11126969490194,-35.8653128618223,1.5104581878664494,11.106111833212847,0.5337680053833497,11.093277773870962,-0.000285695589381084,-0.0014468343111751823,44.96679713908142,-27.84574533438927,1.5735864794664727,11.109869653352696,-0.027678988352379016,11.109835173758922,5.755788530285009e-07,0.0003378402155139961,8.020868758834268,S,1.0,1.0,1.0,1.7320508075688772,22.820625592332338,15.689243847612143,36.11224489795919,-14.893939393939394,3.0208687588342684
14880,45.11798722869719,-35.75446739789423,1.5116532363684774,11.105908122617151,0.5168016427750673,11.093877198258443,-0.0003111547756524232,-0.0022833511528002857,44.96648509932007,-27.73464708238435,1.573555041943219,11.109869542610955,-0.02710352155477481,11.10983648182789,4.821259150406872e-07,0.0002290540457135217,8.021251198427265,S,1.0,1.0,1.0,1.7320508075688772,22.721466139565692,15.597478754064214,36.11224489795919,-14.893939393939394,3.021251198427265
14890,45.12456920323653,-35.64361635588352,1.5128747965660119,11.105700218179472,0.4997526040893288,11.094450174333899,-0.00031538857201706435,-0.002775501179373111,44.96617703662742,-27.623548822578034,1.573521969146107,11.109869340060142,-0.026510302874800058,11.109837710653107,5.277778036358713e-07,6.316673399998134e-05,8.021631462316375,S,1.0,1.0,1.0,1.7320508075688772,22.62235804262075,15.50596886756284,36.11224489795919,-14.893939393939394,3.0216314623163747
14900,45.131013862622545,-35.53275981993585,1.514122501245402,11.10548872138829,0.48260578409867344,11.094997584408796,-0.00030165404588295796,-0.0029600416193185787,44.96587303906255,-27.512450554109193,1.5734881112625925,11.10986917405138,-0.026013359702709293,11.109838719335851,4.540826796397197e-07,-5.081477205085462e-05,8.022009237785191,S,1.0,1.0,1.0,1.7320508075688772,22.523301316958477,15.414718783041979,36.11224489795919,-14.893939393939394,3.0220092377851913
14910,45.13728485291966,-35.42189594557196,1.5153694819654095,11.105273275275652,0.4654813638962415,11.095513580651275,-0.00019482755356087795,-0.0013573985729689536,44.965574523367536,-27.401352272541793,1.573454982023882,11.10986906297159,-0.025573962773637878,11.109839628401541,4.822106796474967e-07,-0.0001936415505253395,8.022381519739582,S,1.0,1.0,1.0,1.7320508075688772,22.4242802866524,15.323733956577367,36.11224489795919,-14.893939393939394,3.0223815197395822
14920,45.14337712756289,-35.311022894526296,1.5165822687313715,11.105186540463285,0.4520609623980006,11.095981659355909,-0.00013148524625882744,-0.0010182841799244884,44.965280346210875,-27.290253978392407,1.5734231999266892,11.109869155644438,-0.025314699478477833,11.109840314852864,1.9954519903921128e-07,-0.00019226367644110015,8.022745943225894,S,1.0,1.0,1.0,1.7320508075688772,22.325291667042666,15.233018477134578,36.11224489795919,-14.893939393939394,3.0227459432258943
14930,45.14929735244638,-35.20013916563788,1.517737434281289,11.10526566910859,0.4422002761100732,11.096458196077252,-0.0001124280210902723,-0.002102006284547216,44.96499068168377,-27.17915567012426,1.5733931602308762,11.109869363101351,-0.02508870160264828,11.1098410349667,-5.386524243158085e-08,-0.00018496567815052525,8.023100721304044,S,1.0,1.0,1.0,1.7320508075688772,22.226337220362705,15.142577286046487,36.11224489795919,-14.893939393939394,3.0231007213040435
14940,45.15508651391764,-35.08924527033723,1.518843643793792,11.105502704376947,0.4350688368086379,11.096977310248123,-0.00018955057599694033,-0.005671695252540311,44.96470449477985,-27.068057349144226,1.5733646787499773,11.10986969160191,-0.024934273217476693,11.109841711131343,-4.610835569722668e-07,-9.72524167190843e-05,8.023446951298645,S,1.0,1.0,1.0,1.7320508075688772,22.127434644182753,15.052414719923942,36.11224489795919,-14.893939393939394,3.023446951298645
14950,45.16076206685471,-34.97834221065127,1.5199227688173713,11.105767575899462,0.42688826622908194,11.097560085805156,-0.00024722502458078414,-0.008869256521719026,44.964420106725804,-26.95695901975029,1.5733362972128484,11.109870041732433,-0.024752956320204272,11.109842466720094,-9.76149471286318e-07,4.669291283877753e-05,8.023785793537614,S,1.0,1.0,1.0,1.7320508075688772,22.02859277075458,14.962534826004621,36.11224489795919,-14.893939393939394,3.0237857935376145
14960,45.16631692303897,-34.86743043653628,1.5209821261424585,11.10598989025851,0.41720794003295664,11.098150700783338,-0.0002453311985353149,-0.010505472670000971,44.964139176400934,-26.845860679739072,1.5733079251545785,11.10987025035397,-0.02440939454424559,11.109843435492607,-1.113946885205167e-06,3.687332863162115e-05,8.024117222747888,S,1.0,1.0,1.0,1.7320508075688772,21.92980995503678,14.872943714633669,36.11224489795919,-14.893939393939394,3.024117222747888
14970,45.17176457734988,-34.75651106570076,1.5220306896143758,11.106182325045824,0.4077044094768495,11.098696452811627,-0.00026130323588942236,-0.01224888824517725,44.96385973845986,-26.73476233417843,1.5732785035828356,11.109870433121095,-0.024113743984624274,11.109844263898992,-1.4998818559040698e-06,0.0001397373091400315,8.02444248117674,S,1.0,1.0,1.0,1.7320508075688772,21.831093656459913,14.783645463371434,36.11224489795919,-14.893939393939394,3.02444248117674
14980,45.17707708229264,-34.64558367604768,1.523055054832327,11.106308408985836,0.3973737012992938,11.099197296067189,-0.00019450264953447158,-0.011686450868157599,44.96358343961804,-26.623663981482593,1.5732478474729448,11.109870422953625,-0.023645533259943893,11.10984526010946,-1.5078021025632288e-06,8.150561204269952e-05,8.024760128596595,S,1.0,1.0,1.0,1.7320508075688772,21.732432776315413,14.69464640196119,36.11224489795919,-14.893939393939394,3.0247601285965953
14990,45.182251174408044,-34.534647716974,1.5240323214684761,11.106462661319494,0.3896396054127775,11.099625841674928,-0.00015198855521117522,-0.011570431822716566,44.96330914060003,-26.512565625013956,1.5732152779715143,11.10987034902869,-0.023196169748485426,11.109846133495092,-1.662978874309802e-06,9.358046239675196e-05,8.025069264767378,S,1.0,1.0,1.0,1.7320508075688772,21.633826228509427,14.605951311871788,36.11224489795919,-14.893939393939394,3.025069264767378
15000,45.18729975677113,-34.423703068285185,1.5249507016375579,11.106679813525574,0.38462191664649803,11.100018128877613,-0.00015155967346581716,-0.012476286439516301,44.963037778406935,-26.40146726464909,1.5731804288955427,11.109870104234128,-0.022615365622893072,11.109847086175083,-1.5934149373987125e-06,8.109043589847524e-06,8.025369818524297,S,1.0,1.0,1.0,1.7320508075688772,21.535280120449855,14.517566335572397,36.11224489795919,-14.893939393939394,3.0253698185242968
15010,45.19226621764206,-34.31275126127457,1.5258312239228116,11.106946934167725,0.3810386877857949,11.100408988718764,-0.00022634740085283536,-0.015189529660757617,44.96276915799852,-26.29036890200509,1.5731428710367636,11.109869755956293,-0.0219970983761777,11.109847979246853,-1.5426509980495082e-06,-6.438944502255214e-05,8.025664310118087,S,1.0,1.0,1.0,1.7320508075688772,21.436815097043986,14.429497053253634,36.11224489795919,-14.893939393939394,3.0256643101180867
15020,45.19716362324222,-34.20179379496005,1.5267037540296613,11.107163725603648,0.37501620424650584,11.100830999250373,-0.0002655644185479591,-0.01666945449128796,44.96250480718663,-26.179270535342123,1.5731030371664936,11.109869258524345,-0.0212908737729302,11.109848857666709,-1.2945925263362349e-06,-0.00022380707700253176,8.025954411225072,S,1.0,1.0,1.0,1.7320508075688772,21.338439254453707,14.341750222061211,36.11224489795919,-14.893939393939394,3.0259544112250722
15030,45.20198223188731,-34.09083147963581,1.5275812963233952,11.107291561700553,0.3665337481546172,11.101242220944826,-0.00024644513013244586,-0.01615833636131875,44.962248211678435,-26.068172156645428,1.573063995638334,11.109868753558553,-0.020644215421481395,11.109849573134026,-7.908894827680099e-07,-0.0004848346237457447,8.026240403402454,S,1.0,1.0,1.0,1.7320508075688772,21.240150436135814,14.254333954554825,36.11224489795919,-14.893939393939394,3.026240403402454
15040,45.20671360427997,-33.979864766782065,1.528463593665625,11.10735279298563,0.3573446159247748,11.101603077633213,-0.00020449597846427611,-0.014608119783033615,44.96199876530309,-25.957073762019085,1.5730283189030159,11.109868654218852,-0.020370427243765307,11.10984997917112,-6.445305305655086e-07,-0.0005318381086284162,8.02652233900344,S,1.0,1.0,1.0,1.7320508075688772,21.141946655593653,14.167253987938327,36.11224489795919,-14.893939393939394,3.0265223390034404
15050,45.211353826761936,-33.86889392683646,1.5293467606454196,11.107376670874357,0.3483081443170798,11.101914156814864,-0.00015916710046192962,-0.012653059392149283,44.96175305837563,-25.845975354718117,1.5729952704334964,11.109868936704537,-0.020317502959655998,11.109850358570357,-9.250239221863368e-07,-0.0003330978235746524,8.026800293916656,S,1.0,1.0,1.0,1.7320508075688772,21.043827665701144,14.080514421265564,36.11224489795919,-14.893939393939394,3.026800293916656
15060,45.215885190178575,-33.75791843178369,1.530214716711594,11.107385355171786,0.33966754411705136,11.10219056707991,-8.907284174577699e-05,-0.009870732259473094,44.961508213662725,-25.734876941236223,1.5729616276929959,11.109869272858553,-0.020128244355919946,11.109851039225763,-1.2979050898113426e-06,-7.352210880854374e-05,8.02707309081134,S,1.0,1.0,1.0,1.7320508075688772,20.94578649061308,13.99411976992646,36.11224489795919,-14.893939393939394,3.0270730908113404
15070,45.22031375641136,-33.64693800135821,1.5310552593925113,11.107436777201219,0.33310588942638936,11.102440822897984,-5.5476440674004966e-05,-0.008178261467053142,44.96126345871028,-25.62377852743398,1.5729239699116937,11.109869314333894,-0.01958423880828577,11.109852052982891,-1.4641224715270785e-06,6.912150296341728e-05,8.027340468720578,S,1.0,1.0,1.0,1.7320508075688772,20.84782662773648,13.908075974741768,36.11224489795919,-14.893939393939394,3.0273404687205776
15080,45.224658876124046,-33.53595298207776,1.5318741331024341,11.107531009924072,0.3276168564858028,11.102698425687839,-6.053759712855004e-05,-0.0076695762368291535,44.96102136441042,-25.51268011418733,1.5728813801062436,11.109868847378275,-0.0186893340418637,11.109853127505302,-1.207192499116866e-06,-3.949269406173806e-05,8.027603144787943,S,1.0,1.0,1.0,1.7320508075688772,20.749958051277833,13.822391234409219,36.11224489795919,-14.893939393939394,3.0276031447879426
15090,45.22893770265346,-33.42496418135831,1.5326908558004082,11.1076278264496,0.32128250650645,11.102980387352325,-7.878804021981335e-05,-0.0074738619366894335,44.96078279063234,-25.401581703261165,1.572833945496831,11.109868056630752,-0.01772351903252733,11.109853919499459,-9.298251867742459e-07,-0.000185747279008511,8.027862321108739,S,1.0,1.0,1.0,1.7320508075688772,20.65219037698178,13.737072822793127,36.11224489795919,-14.893939393939394,3.0278623211087385
15100,45.233143452430944,-33.31397203208985,1.5335172186095942,11.107680772653538,0.3128595954603941,11.10327388749397,-6.496884059368394e-05,-0.006098398401393625,44.960552362351294,-25.290483288585396,1.5727847097295777,11.109866975989029,-0.01671021427885454,11.109854409168031,-3.092055107920856e-07,-0.0005343639234830539,8.02811793134191,S,1.0,1.0,1.0,1.7320508075688772,20.554522442311644,13.652130600668825,36.11224489795919,-14.893939393939394,3.02811793134191
15110,45.23726893603961,-33.20297677730988,1.5343549266004584,11.107695644534454,0.30354908492668964,11.10354720279289,-4.083548823755584e-05,-0.004199046853646469,44.96032785866182,-25.179384869525176,1.5727349203391927,11.109866255604402,-0.0160511517519326,11.109854660523009,-1.6122374656817066e-07,-0.0005864046236778918,8.02836991318956,S,1.0,1.0,1.0,1.7320508075688772,20.456952695873436,13.567570184477555,36.11224489795919,-14.893939393939394,3.028369913189559
15120,45.24130903568973,-33.09197855216974,1.5352018769704538,11.107685582877087,0.2940120012089489,11.103793763898922,-1.704637617044043e-05,-0.0021727207684916344,44.960109270150745,-25.06828644513969,1.5726845581967315,11.109865657519746,-0.01538926525683215,11.109854998993079,-3.19777553605039e-09,-0.0006256035679823655,8.028618083864465,S,1.0,1.0,1.0,1.7320508075688772,20.359480377339768,13.483398750573421,36.11224489795919,-14.893939393939394,3.0286180838644654
15130,45.24526071284683,-32.98097742655447,1.5360555460100522,11.107663253119219,0.28448633967898734,11.104019563528833,1.3917175344482609e-06,-0.0002646814785244255,44.95989785001078,-24.957188012119353,1.572634595923364,11.109865182604764,-0.014730472041812501,11.109855417099135,2.2752322099328613e-07,-0.0006874038215421637,8.02886221893781,S,1.0,1.0,1.0,1.7320508075688772,20.262105583286548,13.399624454112443,36.11224489795919,-14.893939393939394,3.0288622189378103
15140,45.24912224370473,-32.86997342994253,1.53691417671055,11.107637738514907,0.2749924406935756,11.104233214753819,1.3256672465963715e-05,0.00140719239000207,44.95969258845073,-24.846089569016446,1.5725853675168413,11.109865003841819,-0.014203074344697053,11.109855925090493,3.003447155207786e-07,-0.0006201621287476604,8.029102175148264,S,1.0,1.0,1.0,1.7320508075688772,20.16482896765409,13.316254118304828,36.11224489795919,-14.893939393939394,3.029102175148264
15150,45.25289249266635,-32.758966570974174,1.5377768640293292,11.10761406144829,0.26547494499880464,11.104441147201495,1.9143079804010256e-05,0.0028052337811440894,44.95949318053956,-24.734991115225476,1.5725366820043656,11.109864972582814,-0.01367909999434886,11.10985655133521,3.640183387225109e-07,-0.0005299212102996573,8.029337785322896,S,1.0,1.0,1.0,1.7320508075688772,20.06765144422279,13.233295173714259,36.11224489795919,-14.893939393939394,3.0293377853228964
15160,45.2565704707009,-32.647956853715705,1.5386432726618648,11.107594027303923,0.2558748697020895,11.10464646562207,2.0160782792813324e-05,0.003931479396637587,44.959300344092426,-24.623892649164222,1.5724890168670096,11.109865014910197,-0.013148115474216461,11.109857234752615,4.824892450992566e-07,-0.0004680831319480505,8.029568848134888,S,1.0,1.0,1.0,1.7320508075688772,19.970574006330917,13.15075588762167,36.11224489795919,-14.893939393939394,3.029568848134888
15170,45.260155152523,-32.536944289325554,1.5395133449817107,11.107577452326177,0.24615429636576386,11.10484961275053,1.7346392064989225e-05,0.004802913234626993,44.959114103429286,-24.512794169263497,1.5724430840588655,11.109865207073993,-0.012703356443977363,11.10985794437032,5.616636791685554e-07,-0.00036938991361696406,8.029795194307969,S,1.0,1.0,1.0,1.7320508075688772,19.87359765528561,13.06864422683051,36.11224489795919,-14.893939393939394,3.029795194307969
15180,45.26364544861893,-32.425928902395576,1.5403871122370292,11.10756324378876,0.23629733689549356,11.105049517374662,1.1530230800394951e-05,0.005440075652258414,44.95893555401267,-24.4016956722356,1.572400434771781,11.109865551143791,-0.01235256432568772,11.109858684008817,6.85386983954774e-07,-0.00029387600097207517,8.030016628368497,S,1.0,1.0,1.0,1.7320508075688772,19.77672339299999,12.986969046370477,36.11224489795919,-14.893939393939394,3.0300166283684966
15190,45.26704024139855,-32.3149107326708,1.5412646061772144,11.107550131705013,0.22630318221251977,11.105244562730734,3.3958588717953245e-06,0.005863587010328798,44.9587600400603,-24.290597162008183,1.5723592812648186,11.109866192289504,-0.012207619662911855,11.109859485367014,4.4559031465108234e-07,6.0179544045542714e-05,8.030233182346416,S,1.0,1.0,1.0,1.7320508075688772,19.67995223991055,12.905735444740518,36.11224489795919,-14.893939393939394,3.030233182346416
15200,45.27032975344225,-32.203889582437796,1.5421391645743623,11.107536941271483,0.21621396790951,11.105432383378483,3.897469199898647e-06,0.006475879718882366,44.9585905442229,-24.179498638053612,1.572319657544122,11.109866585970554,-0.011798245610950978,11.109860321330125,5.584564582226729e-07,0.00011998892701030404,8.030444032734405,S,1.0,1.0,1.0,1.7320508075688772,19.583280975069627,12.824953870058325,36.11224489795919,-14.893939393939394,3.0304440327344047
15210,45.27351626989441,-32.092865303417376,1.543005621319523,11.10754645902152,0.20695044622417583,11.105618391252651,-6.864734764119476e-06,0.006360814841014806,44.95842409444014,-24.06840010381678,1.572280513205043,11.109867049885938,-0.011531523293413844,11.109861065292932,4.1316489451155395e-07,0.000362927149348312,8.030649090741889,S,1.0,1.0,1.0,1.7320508075688772,19.48671202614625,12.74463085747627,36.11224489795919,-14.893939393939394,3.030649090741889
15220,45.27660238784957,-31.981837849011235,1.5438628647659967,11.107573952421959,0.19804884488319832,11.105808199476668,-2.1620949953547593e-05,0.005824953837098616,44.958258416169215,-23.95730156606659,1.5722385960681384,11.109867272853178,-0.011072930454044868,11.109861754793588,2.462320383434148e-07,0.0005809194863366711,8.030848363691117,S,1.0,1.0,1.0,1.7320508075688772,19.390248111186114,12.66477354821241,36.11224489795919,-14.893939393939394,3.030848363691117
15230,45.27959868918846,-31.87080747304975,1.5447180348113707,11.107612639067758,0.189217654055313,11.106000865251705,-4.624075086066845e-05,0.004667206283048361,44.95809606716571,-23.84620302837927,1.5721928156182439,11.109866939946201,-0.01024656458321079,11.109862214772235,3.4061138020149835e-07,0.0005044512651206825,8.031042300311507,S,1.0,1.0,1.0,1.7320508075688772,19.293896063498472,12.58539260763315,36.11224489795919,-14.893939393939394,3.0310423003115066
15240,45.28250303880897,-31.75977446083269,1.5455769596471287,11.107633648155646,0.1794611178322334,11.106183816632333,-6.0875644830369455e-05,0.003947063695063742,44.95794037885496,-23.73510448956615,1.5721452754311447,11.109866299589532,-0.009376150993884398,11.109862343096234,5.577289204514589e-07,0.00026544993900132164,8.031230856349689,S,1.0,1.0,1.0,1.7320508075688772,19.197656806846748,12.506499461834583,36.11224489795919,-14.893939393939394,3.031230856349689
15250,45.28531265799057,-31.648739034897996,1.5464411166619951,11.107637106650827,0.1692577403611711,11.106347460365814,-7.090912436876764e-05,0.0034523905217339595,44.95779537206673,-23.624005941823796,1.5721010320237845,11.109865809955553,-0.00876631857501544,11.109862351392026,8.620057103945604e-07,-4.170585729004034e-05,8.031413872268017,S,1.0,1.0,1.0,1.7320508075688772,19.10153091086664,12.428106256404249,36.11224489795919,-14.893939393939394,3.0314138722680166
15260,45.288087314970625,-31.537702835470274,1.547357618823571,11.107628294451596,0.15866073941052417,11.106495086095855,-0.00013654239218894413,0.00034310970550407126,44.95765629049457,-23.51290738150061,1.5720611911525149,11.109866069179976,-0.008730137231576484,11.10986263910677,7.565937802891255e-07,0.0001051366500569303,8.03159552890884,S,1.0,1.0,1.0,1.7320508075688772,19.005550388227807,12.350219102258865,36.11224489795919,-14.893939393939394,3.0315955289088397
15270,45.29085956522337,-31.426669033618133,1.548406640887298,11.10743795738613,0.14106927424324045,11.106542100809174,-0.00020359062479338627,-0.0012997066600245154,44.957521018960925,-23.40180880905548,1.5720240507187615,11.109866613847617,-0.008680209664830279,11.109863222895504,6.3911671880314e-07,0.0002969353989323235,8.031780388568409,S,1.0,1.0,1.0,1.7320508075688772,18.90973602536083,12.272846110068818,36.11224489795919,-14.893939393939394,3.031780388568409
15280,45.29359414976866,-31.31564130700296,1.5496396948988596,11.106890326735986,0.11377777350924284,11.106307547893525,-0.00024104701482057672,0.0021248457104480444,44.957386487167184,-23.290710229006184,1.5719861473808785,11.109867177457668,-0.008482416716280246,11.109863939281968,4.549089214756654e-07,0.0005456057087855502,8.031970766816226,S,1.0,1.0,1.0,1.7320508075688772,18.814076320808788,12.195994842150649,36.11224489795919,-14.893939393939394,3.031970766816226
15290,45.29617522553021,-31.20462168337469,1.55101654287402,11.105968489582116,0.08075723434999843,11.105674871915305,-0.0002340748844723548,0.011939141580972305,44.957252021148484,-23.179611647763824,1.5719438945028854,11.109867344548189,-0.007902045621336411,11.109864534328635,3.4654598451003923e-07,0.0006420254542798005,8.032163781330874,S,1.0,1.0,1.0,1.7320508075688772,18.71851845121769,12.119674736025939,36.11224489795919,-14.893939393939394,3.0321637813308744
15300,45.29853262151276,-31.09360856273956,1.5524457328489538,11.105031944199743,0.052526587771863004,11.104907718629352,-0.0002314597588230961,0.021239584704362196,44.95712364769322,-23.068513066362286,1.571898895587692,11.109866881458196,-0.006969111744288547,11.109864695629877,5.299622344656128e-07,0.0003170903248892666,8.032354437733643,S,1.0,1.0,1.0,1.7320508075688772,18.623027769900517,12.043900316067308,36.11224489795919,-14.893939393939394,3.032354437733643
15310,45.300684897307754,-30.9825985813222,1.5538735179335441,11.104379011156738,0.03255739434288729,11.10433128285949,-0.0002503236250147347,0.024895430969461847,44.957000551764764,-22.957414483761138,1.571852848344472,11.109866494460732,-0.00631944941314814,11.109864697164422,5.342719383023219e-07,0.00017646536066147177,8.032539992375902,S,1.0,1.0,1.0,1.7320508075688772,18.52761139676094,11.968681343393746,36.11224489795919,-14.893939393939394,3.032539992375902
15320,45.30265790180661,-30.871589353721603,1.5552916830667578,11.10398741224125,0.015887671004996873,11.103976046134203,-0.0002575691804879587,0.02503940812843732,44.956887591403536,-22.846315894617874,1.571809979842496,11.109866127856876,-0.005751672482851934,11.109864639011818,7.125570693984655e-07,-0.00015838754242458437,8.03271879259762,S,1.0,1.0,1.0,1.7320508075688772,18.432281177830816,11.894031964949557,36.11224489795919,-14.893939393939394,3.0327187925976204
15330,45.30446599343214,-30.760579614605625,1.556709628302434,11.103767496650033,-0.0007270105927824309,11.103767472849803,-0.00024246313752807004,0.02356188500272423,44.95677829365357,-22.735217296391955,1.5717698537073277,11.10986645079361,-0.0057206886543632925,11.109864977945985,5.365613529406289e-07,4.578596085528971e-05,8.032890331330387,S,1.0,1.0,1.0,1.7320508075688772,18.33704448814261,11.819958127296562,36.11224489795919,-14.893939393939394,3.032890331330387
15340,45.306105845293345,-30.64956881114276,1.5581320493085213,11.103634796869294,-0.01830850755324334,11.103619702637413,-0.00020612794781797928,0.021829355358993323,44.95667374870587,-22.624118689219568,1.5717314929629598,11.109866798205623,-0.0054717470831258715,11.109865450753915,5.072021004385945e-07,7.217421581036057e-05,8.03305374372676,S,1.0,1.0,1.0,1.7320508075688772,18.241900598653647,11.746471539704956,36.11224489795919,-14.893939393939394,3.033053743726761
15350,45.30757679175343,-30.53855658136903,1.5595593298798371,11.103563240423835,-0.0360578123689464,11.103504693035376,-0.000157923891837372,0.0195787240887675,44.9565705978193,-22.51302007551705,1.5716924595563124,11.10986723500523,-0.005225995095075166,11.10986600587145,3.5853023351114586e-07,0.0002631613950532961,8.033208671193778,S,1.0,1.0,1.0,1.7320508075688772,18.146850293597737,11.673580749607035,36.11224489795919,-14.893939393939394,3.033208671193778
15360,45.3088866084175,-30.42754294508984,1.5609976083395656,11.103523051488896,-0.053892485536875645,11.103392263400764,-0.00010577953900147482,0.016656563621185987,44.95646937772074,-22.40192145955869,1.5716505643302172,11.109867339180179,-0.004660102351601793,11.109866361825803,2.767671918488842e-07,0.000279413072132102,8.033355347145502,S,1.0,1.0,1.0,1.7320508075688772,18.051899014642625,11.601297399259895,36.11224489795919,-14.893939393939394,3.033355347145502
15370,45.3100187970409,-30.316528385900234,1.5624416269811985,11.103456438071953,-0.07259974541002642,11.103219089486071,-5.261100036147576e-05,0.014684294663032348,44.956370605461366,-22.290822845438438,1.5716046027112247,11.109867073475373,-0.0038955665841082423,11.109866390504129,1.8746901339315187e-07,0.00020266797013724302,8.033493416043026,S,1.0,1.0,1.0,1.7320508075688772,17.95704028824295,11.52963331269305,36.11224489795919,-14.893939393939394,3.033493416043026
15380,45.31098777839011,-30.205512857895275,1.563894519382407,11.103417698476946,-0.09038870635678914,11.10304978231721,1.0618539301683727e-06,0.011534852433753306,44.95627573614154,-22.179724236567967,1.571554430671345,11.109866419901865,-0.0029780048234284207,11.109866020774074,9.591402471458008e-08,1.4273451617852304e-05,8.033623318723814,S,1.0,1.0,1.0,1.7320508075688772,17.862282959420288,11.45860123399871,36.11224489795919,-14.893939393939394,3.033623318723814
15390,45.31178485835632,-30.09449704352728,1.565356933488386,11.103343412321946,-0.10904234746662947,11.1028079645832,4.9463788215847576e-05,0.00926945034860524,44.95618547037603,-22.06862563521195,1.5715002338971706,11.109865513187327,-0.0020161578350851314,11.109865330246658,-3.39391704483815e-08,-0.00019104146055679493,8.033745252841008,S,1.0,1.0,1.0,1.7320508075688772,17.767624724238985,11.388213534578039,36.11224489795919,-14.893939393939394,3.0337452528410083
15400,45.31241418094907,-29.983481220145123,1.5668302504233838,11.10326555342852,-0.127482445878857,11.102533682720583,9.577497669658816e-05,0.006783045930051485,44.95610238373595,-21.957527041874457,1.571443658160905,11.109864411024096,-0.0010194042688716322,11.10986436425552,-1.418624155735886e-07,-0.0004882333747506478,8.033859506397507,S,1.0,1.0,1.0,1.7320508075688772,17.673069551169732,11.31848424873183,36.11224489795919,-14.893939393939394,3.0338595063975067
15410,45.31287269488001,-29.872465884280896,1.5683150795173795,11.103167417470443,-0.14625856570632456,11.102204066415586,0.0001362843880503631,0.004774131272941958,44.95602676451307,-21.846428453649498,1.5713863390155947,11.10986351293836,-0.0001947600964682571,11.10986351123125,-2.541403489342668e-07,-0.0006734389599300302,8.033966383792983,S,1.0,1.0,1.0,1.7320508075688772,17.57861791152348,11.249425844396502,36.11224489795919,-14.893939393939394,3.0339663837929827
15420,45.313148658999935,-29.76145134752228,1.5698025054765479,11.103061342374946,-0.1649819710082588,11.101835529397073,0.00017097732519417844,0.0034659347111414955,44.95595930207707,-21.73532986693992,1.5713297734672094,11.10986290395251,0.0005104358817484325,11.109862892226678,-3.2210375265168725e-07,-0.0008008239957049796,8.034065611990265,S,1.0,1.0,1.0,1.7320508075688772,17.484265546767006,11.181051295189755,36.11224489795919,-14.893939393939394,3.0340656119902647
15430,45.31325653504526,-29.650437231237497,1.5712938974124513,11.103002517607417,-0.1825297282011027,11.101502051718922,0.00021539052269579223,0.0012239760292000793,44.955898261362975,-21.624231277922824,1.5712739083748222,11.109862723331789,0.0010669244632670635,11.109862672101281,-3.6326928237633784e-07,-0.0007491452842118457,8.034157512819442,S,1.0,1.0,1.0,1.7320508075688772,17.390021379169635,11.113371840069798,36.11224489795919,-14.893939393939394,3.0341575128194425
15440,45.31318565521661,-29.539423980426413,1.5727858528603806,11.102935585745696,-0.20059606177297243,11.101123359427158,0.000249607778589864,4.6562212992740624e-05,44.95584392956305,-21.51313268568592,1.5712185592160757,11.109862690018202,0.0016746910963831474,11.109862563797458,-3.6009345808489053e-07,-0.0007112102647113737,8.034242033752784,S,1.0,1.0,1.0,1.7320508075688772,17.295881867993593,11.046400484559983,36.11224489795919,-14.893939393939394,3.0342420337527845
15450,45.31294981332889,-29.428411322165534,1.5742821835487932,11.10290635005198,-0.21784972241296355,11.100768933568032,0.00029274394959006157,-0.0018583705087564417,44.95579491704802,-21.402034089710853,1.5711627704829731,11.109862796261089,0.0022765285915708113,11.109862563018673,-3.4325391972332986e-07,-0.0005822676518828785,8.034319579006318,S,1.0,1.0,1.0,1.7320508075688772,17.201855864182267,10.98014906589408,36.11224489795919,-14.893939393939394,3.0343195790063184
15460,45.3125366030581,-29.31739987202202,1.5757794267975853,11.102857789678982,-0.23577181507727493,11.100354172234795,0.0003182127801616276,-0.002536958232399735,44.955753659905696,-21.290935491635814,1.571107353164525,11.109862759474186,0.003001531006568905,11.109862354015148,-3.1493615345828057e-07,-0.0006058787957312683,8.034390114883207,S,1.0,1.0,1.0,1.7320508075688772,17.107939081658063,10.914632668879328,36.11224489795919,-14.893939393939394,3.034390114883207
15470,45.3119552328485,-29.206389383801636,1.5772774910971674,11.10284140249945,-0.2528148044576767,11.099962697401418,0.000350884016610738,-0.003756076552491663,44.955718843674184,-21.179836889334975,1.5710525913702789,11.109862927215085,0.0035726129984853193,11.109862352790177,-2.6400350046869565e-07,-0.00048573273776928957,8.034453890053818,S,1.0,1.0,1.0,1.7320508075688772,17.01413809036993,10.84986353606166,36.11224489795919,-14.893939393939394,3.0344538900538183
15480,45.31119789722988,-29.095380240309616,1.5787723142860033,11.10282205038001,-0.2700310068205004,11.099537861449912,0.0003693750585738366,-0.004174921348210191,44.9556917924448,-21.068738282995113,1.5709993339031054,11.109863100201222,0.004158462938770139,11.109862321937149,-2.034761510680689e-07,-0.00044106835921052246,8.034510918622306,S,1.0,1.0,1.0,1.7320508075688772,16.920450892211587,10.78585621524184,36.11224489795919,-14.893939393939394,3.0345109186223063
15490,45.310275810079204,-28.98437215885473,1.5802659737301852,11.10283552318284,-0.2864522070434782,11.099139686837475,0.00039698743099664735,-0.005167554624808777,44.955670824940384,-20.957639670479473,1.5709474515890889,11.109863488748259,0.004606330526029536,11.109862533818351,-1.050333496994291e-07,-0.000262494815594173,8.034561539712303,S,1.0,1.0,1.0,1.7320508075688772,16.82688527811713,10.722622961277501,36.11224489795919,-14.893939393939394,3.0345615397123034
15500,45.309190360942715,-28.873365554034866,1.5817631648711514,11.102838827172377,-0.30329632886705893,11.098695480058106,0.00041183267237236845,-0.005693425254995598,44.955655722958845,-20.846541052680795,1.570896395665535,11.109863862225827,0.005100382318928033,11.109862691468855,-7.28850001973099e-09,-0.00011564238718057883,8.034606295008636,S,1.0,1.0,1.0,1.7320508075688772,16.73344440378773,10.660177368476193,36.11224489795919,-14.893939393939394,3.0346062950086363
15510,45.307939121404964,-28.762360932107946,1.5832647962123492,11.102824154444255,-0.3204520350749022,11.098198714103434,0.00041136276024772764,-0.005733022187359751,44.955646346376746,-20.73544243070316,1.5708458215940868,11.109864181309536,0.005623022672646769,11.109862758322473,8.046339614280429e-08,1.0340322308743645e-05,8.034645656625534,S,1.0,1.0,1.0,1.7320508075688772,16.640129452965546,10.598533243161247,36.11224489795919,-14.893939393939394,3.0346456566255338
15520,45.30651304791747,-28.651358733214312,1.584763633728573,11.102801131822183,-0.3375152762334356,11.097669864034568,0.00039468730151010216,-0.005191039345832948,44.95564216571565,-20.62434380576863,1.570795157893259,11.109864425435813,0.006166422668057011,11.109862714129086,1.5489674333176725e-07,0.00013216518030264942,8.034679770931316,S,1.0,1.0,1.0,1.7320508075688772,16.54693789466779,10.537704207201608,36.11224489795919,-14.893939393939394,3.034679770931316
15530,45.30491442164097,-28.54035867341104,1.586253274132099,11.102813455228333,-0.3535550754476395,11.097182769974753,0.0003868375801484624,-0.005004303041636133,44.9556441036763,-20.51324518001892,1.5707445978892425,11.109864520931211,0.0067682182630724565,11.10986245930469,1.8552624754232646e-07,0.00016599767489451948,8.034708506897369,S,1.0,1.0,1.0,1.7320508075688772,16.45387286090309,10.477705236794213,36.11224489795919,-14.893939393939394,3.0347085068973687
15540,45.30314786915704,-28.42936049627756,1.5877322593863719,11.102861437499365,-0.3689672351172633,11.09672903515808,0.00038657328527616047,-0.005062137881982424,44.95565269146994,-20.40214655357578,1.570694974816407,11.109864612001621,0.007313488596558148,11.109862204811115,2.0819771429294753e-07,0.00018410287851215385,8.034731892255127,S,1.0,1.0,1.0,1.7320508075688772,16.360938904708213,10.418551123635009,36.11224489795919,-14.893939393939394,3.0347318922551274
15550,45.30122449219171,-28.318364016668824,1.5892074625916008,11.102932116633093,-0.38419757777852054,11.096282882469776,0.0003952246484392141,-0.005493548022847605,44.95566879155409,-20.291047925312874,1.5706477607934417,11.109864811171972,0.007752455642752456,11.109862106342668,2.4020836093436653e-07,0.00018611116164174234,8.034750299342557,S,1.0,1.0,1.0,1.7320508075688772,16.268144406617672,10.360257075055117,36.11224489795919,-14.893939393939394,3.034750299342557
15560,45.29913313687727,-28.207370062300058,1.5906768045593493,11.102978468416541,-0.4001716093529497,11.095764667348941,0.0003723242393689498,-0.004908017141055672,44.95569074060367,-20.1799492917327,1.570603216041955,11.109865282273367,0.008004264382100439,11.10986239887852,3.577553926959832e-07,0.00031737744757028263,8.034764272042732,S,1.0,1.0,1.0,1.7320508075688772,16.175486134135745,10.30283626053306,36.11224489795919,-14.893939393939394,3.0347642720427324
15570,45.29688473292082,-28.096378340151542,1.5921427068963823,11.103045529189943,-0.4154372420426208,11.095270700671922,0.00036751053201318886,-0.005031454331249258,44.955717961689196,-20.06885065219025,1.5705609833281167,11.109865848924716,0.008243902521989858,11.109862790294708,4.862512329263809e-07,0.00044052166025617355,8.034774144104972,S,1.0,1.0,1.0,1.7320508075688772,16.082972456185562,10.246302862969143,36.11224489795919,-14.893939393939394,3.034774144104972
15580,45.2944693106432,-27.985389612875604,1.5936018886708703,11.103090846499695,-0.4311892276425852,11.094715056980522,0.0003334510856437192,-0.004306802326533242,44.95575274808799,-19.95775200742949,1.5705228423266329,11.109866440081422,0.008468829613518972,11.109863212270996,5.553366900789712e-07,0.00043158422712819,8.034780297812867,S,1.0,1.0,1.0,1.7320508075688772,15.990600801713963,10.190673642101936,36.11224489795919,-14.893939393939394,3.0347802978128673
15590,45.29189834497984,-27.874403527860117,1.5950569608479446,11.103157784558826,-0.44620923643606464,11.094188122892472,0.0003221221257361435,-0.004354943328413189,44.9557938597851,-19.84665335343922,1.5704902626843429,11.10986731392579,0.008393951227800744,11.109864142941598,7.191687293769755e-07,0.0005707924249798753,8.0347830765916,S,1.0,1.0,1.0,1.7320508075688772,15.898379997326787,10.135962401510607,36.11224489795919,-14.893939393939394,3.0347830765915997
15600,45.28916159717273,-27.76342087870365,1.5965047105481385,11.103203594944794,-0.46175268921501234,11.093597907117317,0.000280459351960047,-0.0035680460630856253,44.95583711170427,-19.73555468725701,1.5704613644313614,11.109868349783047,0.00816351224990646,11.109865350515227,9.876940184386093e-07,0.0009010775211655256,8.034783183159627,S,1.0,1.0,1.0,1.7320508075688772,15.80630740530483,10.082180413556369,36.11224489795919,-14.893939393939394,3.034783183159627
15610,45.28626999951114,-27.65244127333847,1.5979472824591139,11.10327275087832,-0.47655971998004004,11.093040909222752,0.0002654280507270029,-0.0035713658271609673,44.95588172530622,-19.624456011978996,1.5704337213166504,11.109869183862568,0.008156909405099643,11.109866189444771,1.1545799386744972e-06,0.0011013259838299565,8.034780878675974,S,1.0,1.0,1.0,1.7320508075688772,15.71439170857514,10.029341942897227,36.11224489795919,-14.893939393939394,3.0347808786759742
15620,45.28321388438338,-27.54146546405212,1.599381390726881,11.10332503095951,-0.49183193227773847,11.092426609787596,0.0002219346256263973,-0.0028221326147859355,44.95593025648122,-19.513357332332536,1.5704078219655877,11.109869726433663,0.008319065959989463,11.109866611776614,1.142605797495979e-06,0.001067045946603376,8.034776583556939,S,1.0,1.0,1.0,1.7320508075688772,15.622630631367286,9.97746424749722,36.11224489795919,-14.893939393939394,3.0347765835569387
15630,45.2799953769903,-27.43049327430571,1.6008024785681596,11.103401806262406,-0.5063424303565028,11.091850567625402,0.00019581723937298848,-0.0024911362614767583,44.955984498414594,-19.402258649424027,1.5703863351783833,11.10987019469371,0.00830945033095174,11.10986708723281,1.0741657618505829e-06,0.000983392903564209,8.034770329112373,S,1.0,1.0,1.0,1.7320508075688772,15.531028041990748,9.926563989117115,36.11224489795919,-14.893939393939394,3.034770329112373
15640,45.276617196398334,-27.319524576038063,1.6022089046845598,11.103501401869604,-0.520390861838578,11.091300046984355,0.00018096592030785626,-0.0023879379612286996,44.956043498435626,-19.291159961316676,1.5703712581792677,11.109870747056197,0.007958620726382043,11.109867896453636,1.0687761437100815e-06,0.0010307439163326848,8.034762341397284,S,1.0,1.0,1.0,1.7320508075688772,15.439588295741206,9.87665542600099,36.11224489795919,-14.893939393939394,3.0347623413972844
15650,45.27308175651434,-27.20855933473412,1.6036003628493272,11.103617924626642,-0.5341716123232898,11.0907615475529,0.00017356521918700924,-0.002419964921752446,44.956099332266206,-19.180061264179024,1.5703583364539735,11.109871337432859,0.007404639120800468,11.109868869866633,1.2631302935694712e-06,0.0014525849398146272,8.034753208791736,S,1.0,1.0,1.0,1.7320508075688772,15.348315745881749,9.827746534265033,36.11224489795919,-14.893939393939394,3.034753208791736
15660,45.26939102179573,-27.097597598002334,1.6049768659634147,11.103745164753564,-0.5477647013474763,11.090225900122407,0.0001704514617653998,-0.0025240173161492057,44.956151807661875,-19.068962561835967,1.570342769336179,11.109871693958329,0.0074227586569866845,11.109869214300879,1.2562402727699058e-06,0.0015610412474373538,8.034743265918912,S,1.0,1.0,1.0,1.7320508075688772,15.257214644058964,9.779852139984536,36.11224489795919,-14.893939393939394,3.0347432659189124
15670,45.265546649449085,-26.986639467525453,1.6063383205893051,11.103878304867079,-0.561183643321323,11.089688288124531,0.00016960886848745558,-0.0026656388266030713,44.956200161234726,-18.95786385784216,1.570320661564763,11.109871739784479,0.007854168556122402,11.10986896351609,1.1060785699843395e-06,0.001513491465027222,8.034732916557706,S,1.0,1.0,1.0,1.7320508075688772,15.166289197543884,9.732986527635108,36.11224489795919,-14.893939393939394,3.034732916557706
15680,45.26155017348105,-26.875685071039104,1.6076844363413934,11.104014362391784,-0.5744137588229091,11.0891471175144,0.00017005778155657232,-0.002829902047913212,44.95625137377162,-18.846765161132833,1.5702936854255745,11.109871326896931,0.00871636339887374,11.109867907640291,5.91732552892407e-07,0.0009620268386431442,8.034722289960827,S,1.0,1.0,1.0,1.7320508075688772,15.07554365505237,9.687171005510365,36.11224489795919,-14.893939393939394,3.0347222899608273
15690,45.257411794206384,-26.76473421446133,1.6090214239639202,11.10415208127867,-0.587468639440407,11.08860108588272,0.0001874109438964835,-0.003392664119870368,44.956304351979924,-18.73566647063897,1.570263260961162,11.109870890927079,0.009305796923579879,11.109866993587838,1.9706560032202142e-07,0.0006180880659593193,8.034711850878837,S,1.0,1.0,1.0,1.7320508075688772,14.984987395094667,9.642419538585752,36.11224489795919,-14.893939393939394,3.0347118508788373
15700,45.253121179502095,-26.65378796019599,1.6103472608788028,11.10425544131436,-0.6012025408741254,11.08796845282336,0.00015956323551316845,-0.0030361412498700066,44.95636291206225,-18.624567789549673,1.570232142786486,11.10987034653487,0.00990337978338953,11.10986593257919,-3.0113451483660863e-07,0.00011228027807981154,8.034702360262488,S,1.0,1.0,1.0,1.7320508075688772,14.894618407188586,9.598750526683979,36.11224489795919,-14.893939393939394,3.0347023602624876
15710,45.248688453706464,-26.542845939903966,1.6116639782401796,11.104366754575533,-0.6142550581875138,11.087364508466987,0.0001635782955140072,-0.00335860021469499,44.9564244664718,-18.51346911300204,1.5702010578081043,11.109870043217928,0.010178895911608157,11.109865380249625,-5.426790673386609e-07,-8.382617689143282e-05,8.034694173807983,S,1.0,1.0,1.0,1.7320508075688772,14.804446107976219,9.556176412523667,36.11224489795919,-14.893939393939394,3.034694173807983
15720,45.244104245078866,-26.43190904077263,1.6129679308153542,11.10445510831473,-0.6276956616985747,11.086700203796523,0.0001295016112995305,-0.0029150814303994872,44.95649087166105,-18.402370441632684,1.5701710747499364,11.109869810260637,0.010494222652863688,11.109864853913914,-8.062616302874956e-07,-0.0003521034451351078,8.034688019310213,S,1.0,1.0,1.0,1.7320508075688772,14.7144690256503,9.514713619429642,36.11224489795919,-14.893939393939394,3.034688019310213
15730,45.23937098904145,-26.320977083465518,1.6142542914078601,11.104561019368234,-0.6403062693435819,11.086085121191871,0.00011779565437229338,-0.002862412799518638,44.956558645893665,-18.29127177050851,1.570140956775533,11.10986980862588,0.01064980243321887,11.109864704231326,-8.237569989374379e-07,-0.00034033980769932175,8.034684202528856,S,1.0,1.0,1.0,1.7320508075688772,14.62469216908052,9.474373485818868,36.11224489795919,-14.893939393939394,3.0346842025288563
15740,45.23449191834525,-26.210049886935632,1.6155212155655143,11.104685489810436,-0.6523758760372486,11.085506102292808,0.00012066566846431966,-0.003021457788009745,44.956630928778104,-18.18017310323069,1.5701112702150808,11.109869729624876,0.011024940759901779,11.109864259293015,-9.998258954369264e-07,-0.0005380456797749371,8.034682812096994,S,1.0,1.0,1.0,1.7320508075688772,14.535121168763677,9.435173355812136,36.11224489795919,-14.893939393939394,3.034682812096994
15750,45.22936512070926,-26.099132117490477,1.6166876124161673,11.10482270296779,-0.6636802398673406,11.0849725215518,-9.479358676047624e-05,0.0013179099303309632,44.956705917345595,-18.069074436627748,1.570081998760941,11.109869803651957,0.011242155252128206,11.109864115642587,-9.83710230314689e-07,-0.0005331747768168345,8.03468539515776,S,1.0,1.0,1.0,1.7320508075688772,14.445699191385666,9.39712579796361,36.11224489795919,-14.893939393939394,3.0346853951577604
15760,45.22404530326929,-25.988216313688664,1.6177005329990697,11.105339453724016,-0.6633851812183476,11.085507858631427,0.00011752665977203659,-0.0016392649542889366,44.95678681316794,-17.957975773486847,1.570055008297469,11.109869863361322,0.011522071971449452,11.109863888575845,-1.0825183456870288e-06,-0.0006827304867748177,8.034686691715615,S,1.0,1.0,1.0,1.7320508075688772,14.356458024118998,9.360247893355963,36.11224489795919,-14.893939393939394,3.0346866917156152
15770,45.21858408371773,-25.87729775959036,1.6185624738312907,11.106082940269129,-0.6585538481516031,11.08654071860207,0.0005150603766946333,-0.0075908249990536475,44.9568719002808,-17.846877109585478,1.5700313828887211,11.109870155801724,0.011513040966760793,11.109864190378815,-9.426908131241483e-07,-0.0005997302471885181,8.034684130878086,S,1.0,1.0,1.0,1.7320508075688772,14.267430544929825,9.324551890717416,36.11224489795919,-14.893939393939394,3.0346841308780856
15780,45.21301804219306,-25.766374477389856,1.6192949453319134,11.106890977416615,-0.6529252739417006,11.087683065946049,0.0009528841642668165,-0.014260046703850879,44.9569618738086,-17.73577844452895,1.57001220884662,11.109870552342649,0.01143176997318407,11.10986467084301,-7.920678189082992e-07,-0.0005252675143351575,8.034677181092533,S,1.0,1.0,1.0,1.7320508075688772,14.178642969856213,9.290052075867743,36.11224489795919,-14.893939393939394,3.0346771810925333
15790,45.20737892560479,-25.655445942483617,1.6199262637030758,11.107642581262953,-0.6477722869302258,11.088738195907192,0.0013617090052344444,-0.02073169688507677,44.957054065731,-17.624679774945267,1.5699969574721289,11.109871064974167,0.01117146590843958,11.109865448271625,-4.6094908456878714e-07,-0.00025885961336141294,8.034666624891752,S,1.0,1.0,1.0,1.7320508075688772,14.0901201618438,9.256759273242253,36.11224489795919,-14.893939393939394,3.034666624891752
15800,45.20166944811422,-25.544513824851467,1.6204706597733265,11.108257232415376,-0.6439861035543667,11.089574412029407,0.0016287444824899307,-0.025138336222955627,44.957146716736936,-17.513581100314365,1.5699836928159194,11.109871531179762,0.010987846986885307,11.109866097597086,-1.28060244003957e-07,2.2712347243423938e-05,8.034654428922325,S,1.0,1.0,1.0,1.7320508075688772,14.001870387964566,9.224684864730996,36.11224489795919,-14.893939393939394,3.034654428922325
15810,45.19590887701717,-25.43357871388926,1.6209407579018769,11.108737701484161,-0.6398524582852757,11.090294953336539,0.0018337308665315705,-0.028974758365732035,44.95723790720706,-17.402482420930706,1.5699695112950915,11.10987185514101,0.010987126618679238,11.109866422270928,1.6551273312331446e-07,0.0002868345983908961,8.034641964555902,S,1.0,1.0,1.0,1.7320508075688772,13.913912040798186,9.193839755614107,36.11224489795919,-14.893939393939394,3.0346419645559024
15820,45.19010421567293,-25.32264179413893,1.621346344914972,11.10908640281144,-0.6361323330425905,11.09085823369805,0.0019281199717352318,-0.0312650969897866,44.95733115761171,-17.291383742547442,1.5699545810547875,11.109871948934323,0.011285485002782663,11.109866216995863,1.39624082208186e-07,0.00023936767769104338,8.034630619251411,S,1.0,1.0,1.0,1.7320508075688772,13.826256309794415,9.164239758177793,36.11224489795919,-14.893939393939394,3.034630619251411
15830,45.18426202471442,-25.211703899153555,1.62169255850452,11.109332217062384,-0.6323045551181986,11.091323332165418,0.0019391075595309533,-0.03237905977995052,44.95742738139332,-17.180285066344755,1.5699405867407945,11.109871984445457,0.011457531776717888,11.109866076408464,1.0732407479410087e-07,0.00020039020809247624,8.03462148600707,S,1.0,1.0,1.0,1.7320508075688772,13.738914044901712,9.135897859486873,36.11224489795919,-14.893939393939394,3.0346214860070706
15840,45.17838930778873,-25.10076548745308,1.6219826146514025,11.109505681952564,-0.6281007901787623,11.09173592792008,0.0018879686783018696,-0.032566746899013274,44.95752654585622,-17.069186391963786,1.5699288141959615,11.10987203170222,0.011464160184960381,11.109866116827442,1.1685929573350595e-07,0.00020771004474011063,8.034615306703184,S,1.0,1.0,1.0,1.7320508075688772,13.651896328463504,9.108825771362529,36.11224489795919,-14.893939393939394,3.0346153067031842
15850,45.17248469351121,-24.989827171767782,1.6222125736953328,11.109631840709755,-0.6234125782523191,11.092126775032316,0.001771185346990977,-0.031638281102970664,44.95762223708797,-16.958087713346877,1.56991539284503,11.109872114042597,0.011362616845070634,11.109866303485374,4.257099404542713e-07,0.000526942165457711,8.034612909352607,S,1.0,1.0,1.0,1.7320508075688772,13.565208998589338,9.083028600422091,36.11224489795919,-14.893939393939394,3.0346129093526066
15860,45.16656741541619,-24.87888823176403,1.6223867236869116,11.109733139778633,-0.6173915411363917,11.092564992914346,0.0016721654078541677,-0.03105776750135377,44.95771516305472,-16.846989033727368,1.5698963314952272,11.10987201334852,0.011819460811240157,11.109865726161177,4.216042942400518e-07,0.000545359587070069,8.034614115857615,S,1.0,1.0,1.0,1.7320508075688772,13.478870855680176,9.058517930995402,36.11224489795919,-14.893939393939394,3.0346141158576145
15870,45.16064453069879,-24.767948586694946,1.6225119292340124,11.109813780329922,-0.6114784323907415,11.092973287641579,0.0015345196340043389,-0.02971986933202543,44.957809476555866,-16.735890360212263,1.569871837634953,11.109871639629073,0.012633359999789519,11.109864456745164,6.283184793876753e-08,0.0002506535092011834,8.034618933888357,S,1.0,1.0,1.0,1.7320508075688772,13.39289339360182,9.035308300012668,36.11224489795919,-14.893939393939394,3.034618933888357
15880,45.154730180882176,-24.657007723122348,1.622599184476472,11.109878022458407,-0.6055607175212887,11.09336224466232,0.0013922968700295739,-0.02823540937710266,44.957909514299,-16.62479169785855,1.569845751222264,11.109871162916276,0.013370366986053277,11.109863117513434,-4.3514371086010344e-07,-0.0001691129875591083,8.034627100948668,S,1.0,1.0,1.0,1.7320508075688772,13.307292861140994,9.013414014830806,36.11224489795919,-14.893939393939394,3.0346271009486685
15890,45.14881716632915,-24.546066228187353,1.6226497136058657,11.109926897519829,-0.6003904991817599,11.093692212997746,0.0011854128815246342,-0.02543984073500435,44.95801446852649,-16.513693043079765,1.5698207551972094,11.109870881866492,0.013702704176350097,11.109862431535468,-6.476633320535559e-07,-0.0003479498139625426,8.034639049411254,S,1.0,1.0,1.0,1.7320508075688772,13.222072106363761,8.992843887195978,36.11224489795919,-14.893939393939394,3.034639049411254
15900,45.14290975309619,-24.435124013696846,1.6226614833986266,11.1099640108708,-0.5945354719984527,11.0940447040464,0.0009870551114020219,-0.022695401634307062,44.95812215951663,-16.40259439160177,1.5697966892317792,11.10987078085025,0.01385643337874639,11.109862139848728,-6.317690252770942e-07,-0.00034109808369097594,8.03465485161471,S,1.0,1.0,1.0,1.7320508075688772,13.13724140274901,8.97360487365644,36.11224489795919,-14.893939393939394,3.034654851614709
15910,45.13701296669229,-24.324180942818,1.6226346532679154,11.1099909679212,-0.5882026699688099,11.094409264414768,0.0007972371733545193,-0.019992090636115414,44.95823240524645,-16.291495742927516,1.5697728882780422,11.109870736972585,0.014077743717978576,11.109861817744251,-6.085405287006807e-07,-0.00033900374141247855,8.03467448063022,S,1.0,1.0,1.0,1.7320508075688772,13.052811741713773,8.955705372983154,36.11224489795919,-14.893939393939394,3.034674480630221
15920,45.13113154381583,-24.213236890032906,1.6225706380310785,11.110008417036068,-0.581586941157342,11.094775511766226,0.0006180169018896494,-0.01736378471843478,44.95834495518467,-16.180397096666322,1.569748846498092,11.109870722369005,0.01434137544977711,11.109861465954568,-5.588027203158246e-07,-0.0003192547477229851,8.034697900425659,S,1.0,1.0,1.0,1.7320508075688772,12.968794167211774,8.939153183794883,36.11224489795919,-14.893939393939394,3.034697900425659
15930,45.125269575398725,-24.102291760448114,1.6224712531929477,11.110016591244142,-0.5748072011102573,11.09513701309145,0.0004508238296698485,-0.014835145993095367,44.95846179913328,-16.06929845518969,1.5697257045599795,11.10987069800801,0.014646808191210116,11.109861043121413,-6.124878808352295e-07,-0.00039180825440378385,8.034725028060969,S,1.0,1.0,1.0,1.7320508075688772,12.885199538304436,8.923957775868361,36.11224489795919,-14.893939393939394,3.0347250280609686
15940,45.11943051184315,-23.991345488551232,1.6223382499747347,11.110015682936584,-0.5679220019427296,11.095490663995271,0.0002971934708351252,-0.012434662194893554,44.95858227595339,-15.958199816327921,1.5697043822562684,11.109870788948115,0.014778703509364532,11.10986095939302,-5.104573838302944e-07,-0.0003455935904133025,8.03475584857119,S,1.0,1.0,1.0,1.7320508075688772,12.802038522565022,8.910125434131663,36.11224489795919,-14.893939393939394,3.0347558485711907
15950,45.11362598635156,-23.88039758318958,1.6221798245586088,11.110005948807773,-0.5609893278651832,11.095833594487864,0.00017790730858536613,-0.010576883525292784,44.958706859482085,-15.847101179832071,1.5696858403120324,11.109870954716165,0.014833707088903423,11.109861051857482,-3.9437906609573803e-07,-0.00029603788472969643,8.034790043309576,S,1.0,1.0,1.0,1.7320508075688772,12.719327509173178,8.897662986804889,36.11224489795919,-14.893939393939394,3.0347900433095756
15960,45.10785586800381,-23.76944809799275,1.622002851191717,11.109992351041074,-0.5549264486782817,11.096124849547632,4.875399248354352e-05,-0.008382561409314896,44.95883450823551,-15.736002543469436,1.5696704340676335,11.109871215335755,0.014748278517904044,11.109861426211703,-1.512775945055934e-07,-0.00014843151573179248,8.034827617513496,S,1.0,1.0,1.0,1.7320508075688772,12.637075273975148,8.88657516034414,36.11224489795919,-14.893939393939394,3.0348276175134963
15970,45.10210944184548,-23.6584976147511,1.6218026871396127,11.10997582139554,-0.5492837244781026,11.096389058699094,-9.74744428365833e-05,-0.005689464589814175,44.95896230654033,-15.6249039037229,1.569656298217379,11.10987150806882,0.014625550874363876,11.109861881187408,2.418071733731401e-07,0.0001224860973546604,8.034868948291432,S,1.0,1.0,1.0,1.7320508075688772,12.55528356204757,8.876864199809281,36.11224489795919,-14.893939393939394,3.0348689482914324
15980,45.0963894391146,-23.54754609878796,1.6215743106954432,11.109950899557038,-0.5427872223124474,11.096683784890988,-0.00020151003025480004,-0.003695684774292238,44.959090057797695,-15.513805261872989,1.5696414697948537,11.109871698065545,0.014726107327382842,11.109861938351925,4.752882129392153e-07,0.0002768051813710767,8.034913997973176,S,1.0,1.0,1.0,1.7320508075688772,12.473963369297376,8.868534432271609,36.11224489795919,-14.893939393939394,3.0349139979731756
15990,45.0906992667038,-23.436593477705145,1.6213163700549833,11.109917749267371,-0.5358248843271359,11.09698896497703,-0.0002744709853978685,-0.002202836782020966,44.959219494658974,-15.40270662150896,1.569625940516691,11.10987175953331,0.014985012032581768,11.109861653625131,4.869175015927817e-07,0.0002712132688378015,8.034962660063753,S,1.0,1.0,1.0,1.7320508075688772,12.393126387094942,8.861591482713486,36.11224489795919,-14.893939393939394,3.034962660063753
16000,45.08505169729721,-23.325639201923604,1.6210365830202036,11.109876693781498,-0.5286681649884889,11.097291116410211,-0.0003012292519590526,-0.001542784071439285,44.95934997721167,-15.291607982290788,1.5696095898208144,11.109871773895659,0.015199354256023347,11.10986137681446,5.32177191318744e-07,0.00030353527435322613,8.035014533930054,S,1.0,1.0,1.0,1.7320508075688772,12.312791052812015,8.856037973580316,36.11224489795919,-14.893939393939394,3.0350145339300543
16010,45.079446014461986,-23.21468328538403,1.6207416701515833,11.109836628824386,-0.5224266707324287,11.097546588903127,-0.00033543659569691925,-0.0006138615369366694,44.95948318377789,-15.180509346961955,1.5695932485268154,11.109871725556445,0.015462181252298082,11.109860965793832,4.177935369013632e-07,0.0002199875537979272,8.035069505210656,S,1.0,1.0,1.0,1.7320508075688772,12.232966719926212,8.851878197537042,36.11224489795919,-14.893939393939394,3.0350695052106555
16020,45.073880431247645,-23.103725801262573,1.6204337151161474,11.109797850640682,-0.5166294647034054,11.097779159737348,-0.0003660715208537746,0.0003575077822279898,44.95961902694664,-15.069410714938904,1.5695778539863148,11.109871706510644,0.015599986914688722,11.109860754101916,3.721968876911519e-07,0.00018941628889543677,8.035127539425927,S,1.0,1.0,1.0,1.7320508075688772,12.153662175877967,8.849114032645858,36.11224489795919,-14.893939393939394,3.035127539425927
16030,45.068345126447916,-22.99276723577083,1.6201059734976964,11.109759595928981,-0.5109127297982101,11.098005517293016,-0.0004049363116292894,0.0016075107850877517,44.95975825724356,-14.958312086616804,1.5695646547771025,11.109871730990285,0.01564975903897948,11.109860708582223,3.1683481142545813e-07,0.00014743508823434993,8.035188899579852,S,1.0,1.0,1.0,1.7320508075688772,12.07488069151658,8.847747537440133,36.11224489795919,-14.893939393939394,3.035188899579852
16040,45.0628434477491,-22.881807553550452,1.6197529228885215,11.109712160717496,-0.5042214576014185,11.098264054152276,-0.0004045711922690665,0.0020998244843709957,44.95990062794259,-14.847213460717292,1.5695548021182721,11.10987183503885,0.015532459941838675,11.10986097724349,3.60210381218315e-07,0.00017464010443099653,8.035253540538669,S,1.0,1.0,1.0,1.7320508075688772,11.996635033826339,8.847779112813768,36.11224489795919,-14.893939393939394,3.035253540538669
16050,45.05737951906211,-22.770846669318463,1.6193734119163454,11.109655604400825,-0.4970173395818179,11.098532399040408,-0.0003792886720579652,0.0021034145593805367,44.96004230573861,-14.736114831803047,1.5695465015319805,11.10987199976791,0.015285083205357245,11.109861485070748,6.773584546438363e-07,0.00040686832130913024,8.035321414472568,S,1.0,1.0,1.0,1.7320508075688772,11.918938778875148,8.849204911263035,36.11224489795919,-14.893939393939394,3.035321414472568
16060,45.05196649122457,-22.659884041688805,1.6189755307477125,11.109591246199273,-0.48962005058575103,11.098796775492914,-0.00031826338816578223,0.001367078138328981,44.96018584206685,-14.62501620387738,1.5695397242064988,11.109872122564232,0.015271508973383504,11.109861626534489,6.597308697456591e-07,0.0003883189777660643,8.03539201648907,S,1.0,1.0,1.0,1.7320508075688772,11.841812295295137,8.852026809300225,36.11224489795919,-14.893939393939394,3.0353920164890695
16070,45.04660356677859,-22.548919629643514,1.6185660647535078,11.109532550332068,-0.483139825715585,11.099022001766429,-0.0002742596124746816,0.001047068562937084,44.96033085051121,-14.513917576390586,1.5695352092555912,11.109872242232136,0.015129820647836951,11.109861940062409,7.194088963044168e-07,0.0004337016100810101,8.035465199809586,S,1.0,1.0,1.0,1.7320508075688772,11.765266135201923,8.856243086408684,36.11224489795919,-14.893939393939394,3.035465199809586
16080,45.04128920506643,-22.43795344503649,1.6181470899141597,11.109479846792668,-0.4770643948449321,11.099232046833857,-0.00023652753400875087,0.0009085795040125078,44.96047762270759,-14.40281894986548,1.5695337940413563,11.109872346429267,0.014907268744509743,11.109862345109967,7.522796643101107e-07,0.00046490186409217914,8.035540857175105,S,1.0,1.0,1.0,1.7320508075688772,11.6893105118067,8.861852043557032,36.11224489795919,-14.893939393939394,3.0355408571751052
16090,45.036021927967084,-22.32698552336916,1.6177181303235781,11.109431808081986,-0.4710669929387616,11.099440120410913,-0.00020112547547990355,0.0008506999043772076,44.96062356706834,-14.291720321297625,1.5695345253985942,11.109872424598768,0.014562830564153662,11.1098628801091,9.53189626201703e-07,0.0006325355485564764,8.03561894196383,S,1.0,1.0,1.0,1.7320508075688772,11.613955882623603,8.868848453063078,36.11224489795919,-14.893939393939394,3.035618941963831
16100,45.03080195855883,-22.216015854128333,1.6172783221882217,11.109385937745607,-0.46494164264739357,11.099652480267666,-0.00016255028670028612,0.0007293964311619694,44.960769109460436,-14.180621691653817,1.5695366695848412,11.109872474467737,0.014344527610117825,11.109863213985289,9.984034496766408e-07,0.0006839649256478936,8.035699343945266,S,1.0,1.0,1.0,1.7320508075688772,11.539214173071958,8.87722945889751,36.11224489795919,-14.893939393939394,3.035699343945266
16110,45.025620888338594,-22.105044839623414,1.616820106544783,11.109341009181296,-0.45864449229132437,11.09986949869088,-0.0001394255036440963,0.0009400003599477798,44.96091310481857,-14.069523059843235,1.5695392527962646,11.109872493729862,0.014140168615545212,11.109863495226524,1.0652154176665003e-06,0.000756839895049557,8.03578231229354,S,1.0,1.0,1.0,1.7320508075688772,11.465091072235134,8.886990003764417,36.11224489795919,-14.893939393939394,3.0357823122935397
16120,45.02048343087565,-21.99407245626817,1.6163379584201114,11.10928325021228,-0.4512260610097786,11.100115737023318,-9.046800278135357e-05,0.0004898344377382191,44.96105673651186,-13.958424427527692,1.5695422657834597,11.109872499517856,0.01404234158317583,11.109863625093963,9.653143546800286e-07,0.0006996698634166881,8.035867767316965,S,1.0,1.0,1.0,1.7320508075688772,11.391602313200364,8.898126724569064,36.11224489795919,-14.893939393939394,3.035867767316965
16130,45.01539462117831,-21.883098632865764,1.6158309266146593,11.109213924855828,-0.4432143468778248,11.100369141201218,-3.0661058574097555e-05,-0.00029687423110636617,44.961198240436545,-13.847325792645242,1.5695447325512033,11.109872491143976,0.01390291002764756,11.109863792080011,9.67594261252197e-07,0.0007246560960633439,8.03595559888874,S,1.0,1.0,1.0,1.7320508075688772,11.318764149019387,8.910632709732521,36.11224489795919,-14.893939393939394,3.035955598888741
16140,45.01036820352209,-21.772122870044885,1.6153071854423424,11.109136004509544,-0.4349439355221462,11.10061829537629,5.002537730242103e-05,-0.0016510274796854617,44.961339980773,-13.736227158073527,1.5695471960835659,11.109872491710854,0.013910273091529462,11.109863783430294,7.332029357601852e-07,0.0005576802451095519,8.036045274903918,S,1.0,1.0,1.0,1.7320508075688772,11.246599765794652,8.924504546794354,36.11224489795919,-14.893939393939394,3.036045274903918
16150,45.005403813223495,-21.661145063759715,1.6147734454661795,11.109068126820263,-0.4275206170286774,11.100838741660437,0.00010486397252106246,-0.0024173227574345434,44.96148109852582,-13.625128522790712,1.5695500217301428,11.109872487124473,0.013793834455807953,11.109863924022488,6.19133770447625e-07,0.00048555362253699136,8.036136574971447,S,1.0,1.0,1.0,1.7320508075688772,11.175121836910476,8.939735027402328,36.11224489795919,-14.893939393939394,3.0361365749714473
16160,45.00050028033483,-21.550165171906734,1.614231596072736,11.109010627329786,-0.42042497469507706,11.1010522005249,0.00014460400091300952,-0.002842843999961263,44.96162360709119,-13.514029889275774,1.569554708106052,11.109872485383512,0.013674150149966209,11.109864070235032,3.8338225075140715e-07,0.00031133368877003255,8.03622931955458,S,1.0,1.0,1.0,1.7320508075688772,11.104342634735591,8.956319209290156,36.11224489795919,-14.893939393939394,3.0362293195545806
16170,44.99565679643715,-21.439183177208882,1.6136811708841416,11.108961275388065,-0.4133288072156048,11.101269292977149,0.00017443086263254737,-0.003059567670965377,44.961765667752445,-13.402931255595021,1.5695616293677532,11.10987245363579,0.013339787403842118,11.109864444993347,3.6327820551250936e-07,0.0003143388576040558,8.036323385494514,S,1.0,1.0,1.0,1.7320508075688772,11.034274925904636,8.974247774806054,36.11224489795919,-14.893939393939394,3.036323385494514
16180,44.99087380022911,-21.32819905162693,1.6131212535521844,11.108916774534531,-0.4060618950246397,11.101492946488941,0.00019897883836359197,-0.0031955690427258546,44.96190596823043,-13.291832620291066,1.569569745967773,11.109872410436225,0.01301292916685688,11.109864789449352,3.892292377331325e-07,0.00035633689403405605,8.036418639791775,S,1.0,1.0,1.0,1.7320508075688772,10.964932673152543,8.993511392823399,36.11224489795919,-14.893939393939394,3.0364186397917745
16190,44.9861523496273,-21.217212766288622,1.6125512356190714,11.108874818802372,-0.398606390541551,11.101721158687102,0.00021942462894803533,-0.00329269930382832,44.9620433966168,-13.180733981881705,1.5695773627603589,11.109872377495956,0.01279453565071463,11.109865010165745,4.147276652102562e-07,0.00039622453261668457,8.03651494703007,S,1.0,1.0,1.0,1.7320508075688772,10.896330556762289,9.014100412728178,36.11224489795919,-14.893939393939394,3.0365149470300707
16200,44.98149377983964,-21.106224296023107,1.6119708727419229,11.108833964906653,-0.39098318269360177,11.101951369498718,0.00023601184821179553,-0.0033653379388206804,44.962178627693284,-13.069635340751741,1.5695835392683408,11.109872379435668,0.012754891911420976,11.10986505768994,3.1914660490056724e-07,0.00032899599320113234,8.036612166273308,S,1.0,1.0,1.0,1.7320508075688772,10.82848370887609,9.036006435320981,36.11224489795919,-14.893939393939394,3.036612166273308
16210,44.97689948602602,-20.995233620975643,1.6113801626640336,11.108793523337548,-0.38321772413456884,11.1021816648826,0.0002486453917993768,-0.003414250983573824,44.96231447109438,-12.958536700040234,1.5695897997074597,11.10987240519545,0.012783925245422226,11.10986505007953,6.025077231925828e-08,0.00011586868398236579,8.036710155382812,S,1.0,1.0,1.0,1.7320508075688772,10.76140753854254,9.059222650806497,36.11224489795919,-14.893939393939394,3.0367101553828117
16220,44.97237082408695,-20.884240726052266,1.6107792149024343,11.108753311440816,-0.37532818266848467,11.102410949417342,0.0002572700689317584,-0.003436991054926265,44.96244977246821,-12.84743805872725,1.5695969622026473,11.109872406233572,0.012606907484533414,11.109865253398613,-1.4439095034817132e-08,5.771871231126354e-05,8.036808790856462,S,1.0,1.0,1.0,1.7320508075688772,10.695117646681341,9.083737888986471,36.11224489795919,-14.893939393939394,3.036808790856462
16230,44.96790908485493,-20.773245599723346,1.6101681656814901,11.10871340684831,-0.3673244213218692,11.102638710009073,0.00026199258265647066,-0.0034324843838148783,44.962582499409635,-12.736339414523442,1.5696036547955063,11.109872395293959,0.012414166639316328,11.10986545949956,2.1370109882989162e-08,9.526184476298802e-05,8.036907950338673,S,1.0,1.0,1.0,1.7320508075688772,10.629629798466057,9.109539688196291,36.11224489795919,-14.893939393939394,3.036907950338673
16240,44.96351550083361,-20.662248233156717,1.6095471381315942,11.108673965614235,-0.3592107099234427,11.102864717729014,0.0002630685265905659,-0.0034020439135813317,44.96271488092054,-12.62524076968732,1.569610055802814,11.109872412165986,0.012403951377736639,11.109865487781438,-1.3692025691190203e-07,-3.965594871386879e-05,8.037007503346942,S,1.0,1.0,1.0,1.7320508075688772,10.5649599218313,9.136619307324954,36.11224489795919,-14.893939393939394,3.037007503346942
16250,44.9591912608827,-20.5512486199555,1.6089162313368153,11.108635116798693,-0.350988615364916,11.103088811229844,0.00026084635398633256,-0.0033488341341245814,44.96284818702942,-12.514142125882461,1.5696178798001656,11.109872419743468,0.012299115795344082,11.109865611911209,-2.820430539912424e-07,-0.0001669382069832641,8.037107326033407,S,1.0,1.0,1.0,1.7320508075688772,10.501124112551594,9.164966645741385,36.11224489795919,-14.893939393939394,3.037107326033407
16260,44.95493752239097,-20.44024675635902,1.6082755226915204,11.10859691897453,-0.3426588903322389,11.103310785217475,0.00025571529374086865,-0.003276998516133172,44.96298201140247,-12.4030434832151,1.5696283849644248,11.109872382304626,0.012001253366688471,11.10986590022637,-3.0758624853352304e-07,-0.00018625465647696224,8.03720729903359,S,1.0,1.0,1.0,1.7320508075688772,10.43813863716182,9.194569586954318,36.11224489795919,-14.893939393939394,3.0372072990335894
16270,44.95075541872933,-20.329242641642594,1.6076250739148668,11.108559356286404,-0.33422234968413733,11.103530357193149,0.00024807170963875384,-0.0031909616295568884,44.963111947289796,-12.29194483728912,1.5696391815385171,11.109872284506874,0.011596796966373675,11.109866231973907,-7.05864573429781e-08,3.563421688283289e-05,8.037307302801308,S,1.0,1.0,1.0,1.7320508075688772,10.376019931566123,9.225411817245016,36.11224489795919,-14.893939393939394,3.037307302801308
16280,44.946646063128,-20.218236278501493,1.6069649363755478,11.108522353975175,-0.3256800968223119,11.10374717666518,0.0002383021804703386,-0.0030950099930358733,44.9632381641481,-12.180846187262564,1.5696476474843222,11.109872259047352,0.011532948163444906,11.109866272978111,-7.3201007511808005e-09,9.326445882670224e-05,8.037407217291033,S,1.0,1.0,1.0,1.7320508075688772,10.314784596010416,9.257481112388914,36.11224489795919,-14.893939393939394,3.037407217291033
16290,44.942610550711336,-20.107227673307236,1.6062951545871709,11.108485799424146,-0.3170334505920833,11.103960849499318,0.00022677678474638114,-0.002993088863737142,44.963362375666335,-12.06974753427577,1.5696532327091532,11.10987229881568,0.011696425496676308,11.109866141840891,-1.0491985981793965e-07,-3.021824587641302e-06,8.037506928368039,S,1.0,1.0,1.0,1.7320508075688772,10.25444938770966,9.290766398116101,36.11224489795919,-14.893939393939394,3.037506928368039
16300,44.93864995994073,-19.99621683621296,1.605615768139673,11.108449561037947,-0.3082837938451537,11.104170961966345,0.0002138468598218538,-0.002888722589809568,44.96348158385415,-11.95864887464868,1.5696533152978194,11.109872368631953,0.011913966900023965,11.109865980500595,-4.970493513267438e-08,3.860132964236091e-05,8.037606319440552,S,1.0,1.0,1.0,1.7320508075688772,10.195031212120302,9.325251809059676,36.11224489795919,-14.893939393939394,3.0376063194405525
16310,44.934765074052144,-19.885203790757593,1.6049265974378735,11.10841350510864,-0.299431315032749,11.104377131926752,0.00019944409694553792,-0.0027726708727792773,44.96359752946109,-11.847550210356529,1.5696458028048086,11.109872429832913,0.012553184116385795,11.109865337830609,-2.8062590563119007e-07,-0.00015774311925306295,8.037705293740183,S,1.0,1.0,1.0,1.7320508075688772,10.136546874380459,9.360925726927137,36.11224489795919,-14.893939393939394,3.037705293740183
16320,44.93095705023237,-19.77418855868759,1.6042275085628488,11.108376901804249,-0.29044782729682694,11.104579120892279,0.00018474657054879347,-0.0026778061147297028,44.96371725986467,-11.736451551120226,1.5696342027235815,11.109872364195047,0.013407638149814896,11.1098642738759,-9.287660610758387e-07,-0.0006997455962725641,8.037803769323629,S,1.0,1.0,1.0,1.7320508075688772,10.079013638976596,9.397781251504396,36.11224489795919,-14.893939393939394,3.037803769323629
16330,44.927227041588296,-19.66317116306549,1.6035184956483217,11.108339717270464,-0.2813496400076681,11.104776164081652,0.00016975789273549694,-0.00259713651272116,44.963845722378885,-11.625352902705714,1.5696259048387298,11.109872309294236,0.013803272835720921,11.109863734469558,-1.4939777722047146e-06,-0.0011924345299071507,8.037901673593419,S,1.0,1.0,1.0,1.7320508075688772,10.022448895361935,9.435809175981824,36.11224489795919,-14.893939393939394,3.037901673593419
16340,44.923576446271476,-19.552151620117215,1.6027998163368675,11.108301985892382,-0.27214730840693496,11.104967755572616,0.0001549808444946485,-0.002539631190657369,44.96397810210745,-11.514254258131954,1.5696236112075452,11.10987235628284,0.013425817947865813,11.109864244009017,-1.3500884785162076e-06,-0.0010964616968202976,8.037998898706313,S,1.0,1.0,1.0,1.7320508075688772,9.966870361271685,9.474990888365992,36.11224489795919,-14.893939393939394,3.037998898706313
16350,44.92000624142891,-19.44112995295667,1.6020716833029696,11.10826436236333,-0.2628738976134891,11.105153508984227,0.0001397882714037,-0.002473177488773386,44.96410865982841,-11.403155610684887,1.569624030535123,11.109872420332838,0.01293149254186324,11.109864894433814,-8.573243596305972e-07,-0.0006989052591537105,8.038095331005234,S,1.0,1.0,1.0,1.7320508075688772,9.912295489115293,9.515306799054157,36.11224489795919,-14.893939393939394,3.038095331005234
16360,44.9165173745859,-19.330106189753806,1.6013341665444718,11.108226749898739,-0.253514727134921,11.105333484875256,0.00012462867420415352,-0.002406266719885579,44.964239145447465,-11.292056962588546,1.5696253746212019,11.1098724757714,0.01281987064716266,11.10986507923564,-6.532573940487835e-07,-0.0005435782076043613,8.038190887615583,S,1.0,1.0,1.0,1.7320508075688772,9.858741790054804,9.556744173976798,36.11224489795919,-14.893939393939394,3.038190887615583
16370,44.91311080755589,-19.21908036289592,1.6005872722785375,11.108188950391003,-0.24406060586985018,11.105507470541417,0.00010980145144220269,-0.002343928652896407,44.96437131108597,-11.180958316112584,1.5696287130197577,11.109872509537404,0.012737513950487854,11.109865207729268,-5.416128481148499e-07,-0.00046046909717303375,8.038285493698671,S,1.0,1.0,1.0,1.7320508075688772,9.806226856444203,9.5992901049128,36.11224489795919,-14.893939393939394,3.0382854936986714
16380,44.90978752424999,-19.108052508513,1.5998309911800257,11.108150754224807,-0.2345076385961395,11.105675096365156,9.552460114432863e-05,-0.002289429049699105,44.96450354571243,-11.069859669780103,1.5696342337698983,11.109872508087934,0.012483187729243441,11.109865494955022,-2.8365466586964455e-07,-0.00024213145853775838,8.038379062700486,S,1.0,1.0,1.0,1.7320508075688772,9.754768352135534,9.642928440232684,36.11224489795919,-14.893939393939394,3.0383790627004856
16390,44.90655720631859,-18.9970224185683,1.5990719897118286,11.108111874992309,-0.22488992842914832,11.105835130571508,9.202460479611483e-05,-0.002626250373309613,44.96463337571972,-10.958761021037047,1.56963991220977,11.109872476889974,0.012250939911150881,11.109865722286145,4.9823039199555104e-08,4.453604484877448e-05,8.038471193982932,S,1.0,1.0,1.0,1.7320508075688772,9.704391752395384,9.687642158324483,36.11224489795919,-14.893939393939394,3.0384711939829323
16400,44.903417532671526,-18.885989962259238,1.5983154218222084,11.108092504764754,-0.2161179948684189,11.105989920160424,7.850737624707951e-05,-0.002417129755381506,44.96476163109578,-10.847662370617586,1.5696444231837225,11.109872458192907,0.012256694607978397,11.109865697241826,1.932412597056737e-07,0.00016246699567685192,8.038561660456363,S,1.0,1.0,1.0,1.7320508075688772,9.655111808432768,9.733417193356372,36.11224489795919,-14.893939393939394,3.038561660456363
16410,44.90036594942969,-18.77495508994447,1.5975623826101062,11.108089105747634,-0.20771732008290453,11.10614681589285,6.199169936715735e-05,-0.001946107587085719,44.964888161378624,-10.736563718209844,1.5696469325874116,11.10987245164741,0.012351359857071484,11.10986558585583,2.9032053584300293e-07,0.0002381019334669621,8.038650319612893,S,1.0,1.0,1.0,1.7320508075688772,9.606943033449133,9.780238507240675,36.11224489795919,-14.893939393939394,3.038650319612893
16420,44.897392002255046,-18.66391803437089,1.5968057153921724,11.108096180210001,-0.19938555548784592,11.10630659351068,3.638102363029155e-05,-0.0009883475142482322,44.96501470444266,-10.625465065665974,1.5696478810646235,11.10987245963163,0.012548864339085248,11.109865372509478,2.2962125956088277e-07,0.00017578730594379209,8.03873739836873,S,1.0,1.0,1.0,1.7320508075688772,9.559892708259211,9.828092711086656,36.11224489795919,-14.893939393939394,3.0387373983687294
16430,44.89449804447432,-18.552879014758233,1.5960395817889903,11.108088537152549,-0.19011634935329502,11.106461485231398,2.1814841708230612e-05,-0.0005793781743794199,44.96514196787889,-10.514366413806215,1.5696483520362632,11.109872471372974,0.012676111910029491,11.10986523979287,1.6072534727601267e-07,0.00010854926685844175,8.03882301083799,S,1.0,1.0,1.0,1.7320508075688772,9.513979686664927,9.876965425620641,36.11224489795919,-14.893939393939394,3.038823010837991
16440,44.89168715942153,-18.441838194666126,1.5952624984966068,11.108066053037383,-0.1803777405583144,11.10660142930107,1.2323484566721421e-05,-0.0004831803043920254,44.96527190867952,-10.403267764924403,1.5696506350500308,11.109872479862435,0.012696941490117162,11.109865224496717,2.8607278527082254e-08,-1.023303309407866e-05,8.038907218598894,S,1.0,1.0,1.0,1.7320508075688772,9.4692234276391,9.926843351850776,36.11224489795919,-14.893939393939394,3.0389072185988937
16450,44.88896185063717,-18.330795695307074,1.5944748994027245,11.108032396575013,-0.17046225164759896,11.106724375085719,5.194171528021572e-06,-0.0005593357217160583,44.96540077077843,-10.292169115005418,1.5696541297809028,11.109872462584212,0.012447981654463581,11.109865488953487,2.0994456936521474e-07,0.0001505102349905057,8.038989999125802,S,1.0,1.0,1.0,1.7320508075688772,9.425642774032756,9.977708083949638,36.11224489795919,-14.893939393939394,3.0389899991258016
16460,44.88632384605973,-18.21975160676248,1.5936776474220289,11.107991920006073,-0.16049344947859975,11.106832417372411,-8.616372396691683e-07,-0.0007115137877874496,44.965532311088836,-10.18107046820362,1.5696604395449802,11.109872456341842,0.012340741858300803,11.10986560234972,9.413266417413924e-08,5.110315559562218e-05,8.039071366044354,S,1.0,1.0,1.0,1.7320508075688772,9.383255738946069,10.029547922545948,36.11224489795919,-14.893939393939394,3.039071366044354
16470,44.88377432274438,-18.108705997257893,1.5928714244251265,11.107948181916552,-0.150497737073885,11.106928614305525,-6.184447012500878e-06,-0.0008875027822694929,44.965662943625816,-10.069971821192798,1.5696694537641074,11.10987238698226,0.011918974376784084,11.109865993479882,2.9852775784271994e-07,0.000248977289864453,8.039151254931507,S,1.0,1.0,1.0,1.7320508075688772,9.342079680867876,10.082344679401027,36.11224489795919,-14.893939393939394,3.0391512549315074
16480,44.881322866974735,-17.99765873501521,1.592063281079695,11.107903352743241,-0.14049605049932026,11.107014799381453,-3.3457577333331246e-06,-0.0014471091854952407,44.96579274978258,-9.958873174117901,1.5696804821033612,11.109872312384903,0.011586204733049199,11.10986627090338,4.039819251617194e-07,0.0003600478171707039,8.039229344607147,S,1.0,1.0,1.0,1.7320508075688772,9.30213965573738,10.13608347235508,36.11224489795919,-14.893939393939394,3.039229344607147
16490,44.878966977219434,-17.88660965547959,1.5912585204919183,11.10788014091099,-0.13137618453417324,11.107103201239376,-6.170586927716173e-06,-0.0014459872007881417,44.96591910722839,-9.847774524310296,1.5696914857968893,11.109872215974145,0.011264855418942475,11.109866504972354,6.089962999198073e-07,0.0005632973366504284,8.03930537665007,S,1.0,1.0,1.0,1.7320508075688772,9.263449212323462,10.190747121548913,36.11224489795919,-14.893939393939394,3.03930537665007
16500,44.876703932722315,-17.775558676282344,1.590458257946198,11.107875170134612,-0.12264536313403106,11.107198067478349,-9.770399271056072e-06,-0.0011673859513067477,44.96604310011498,-9.736675872161058,1.5697012637484367,11.109872182804201,0.011189016164963796,11.109866548440797,6.239945527839229e-07,0.0005796316169086295,8.03937921889665,S,1.0,1.0,1.0,1.7320508075688772,9.226021453498346,10.246321761371865,36.11224489795919,-14.893939393939394,3.0393792188966504
16510,44.87452315725449,-17.664505947198833,1.5896553096890915,11.107882467776228,-0.11399046184167037,11.10729756027719,-1.882714173007143e-05,-0.0003867344634704269,44.96616553706105,-9.625577218127816,1.5697098563869647,11.10987219024605,0.011181290327379497,11.109866563660843,5.65457942240945e-07,0.0005209199216633268,8.039451065642478,S,1.0,1.0,1.0,1.7320508075688772,9.189861768239986,10.302793344478772,36.11224489795919,-14.893939393939394,3.039451065642478
16520,44.872426922592624,-17.55345171860605,1.5888438029662915,11.107874991289115,-0.10440015522612121,11.10738436490315,-2.1209420311335527e-05,-0.00013921310698256252,44.9662858530638,-9.51447856142241,1.5697168661354384,11.109872219150587,0.011170254617226634,11.10986660366657,5.277883460737161e-07,0.00047844007837595395,8.039521062895991,S,1.0,1.0,1.0,1.7320508075688772,9.154987433621338,10.360146721125824,36.11224489795919,-14.893939393939394,3.039521062895991
16530,44.870418259777615,-17.442396190248196,1.5880222301422995,11.107852311727964,-0.09434085636284062,11.107451678129461,-2.1331814271403542e-05,-0.00018777985171176617,44.96640241438213,-9.403379899971725,1.5697203441155096,11.109872277123117,0.011251472907403092,11.109866579682503,5.225637946461733e-07,0.00046447410012782816,8.039589285110628,S,1.0,1.0,1.0,1.7320508075688772,9.121416155308255,10.41836594108824,36.11224489795919,-14.893939393939394,3.039589285110628
16540,44.8684996363114,-17.331339513391782,1.5871910123041908,11.107818128686079,-0.08410488239875857,11.10749971635038,-2.097250183464971e-05,-0.00039085745920428824,44.96651738711868,-9.292281235739885,1.5697197401426395,11.10987236462127,0.011600259907770685,11.109866308473089,3.0030899722998594e-07,0.00024648502353196057,8.03965580550292,S,1.0,1.0,1.0,1.7320508075688772,9.089164779297494,10.477438400372952,36.11224489795919,-14.893939393939394,3.0396558055029193
16550,44.866681433147924,-17.220281662898177,1.5863576769880983,11.107776849035709,-0.07385099043726547,11.107531344055937,-1.55922647308019e-05,-0.0010331956365328893,44.966631716445484,-9.181182570030101,1.5697155009879324,11.109872434676868,0.011983621777102119,11.109865971630892,4.79991473940828e-08,8.551347551996819e-06,8.039720410815514,S,1.0,1.0,1.0,1.7320508075688772,9.058257415253316,10.537350542736352,36.11224489795919,-14.893939393939394,3.039720410815514
16560,44.86496147430865,-17.109222480994063,1.5855280563828802,11.107754489524847,-0.06451604081126504,11.107567126965177,-1.3568400934711747e-05,-0.0011246166893352052,44.966750379613195,-9.070083908818777,1.5697114228487652,11.109872456018243,0.01235376646970702,11.10986558755086,-4.054367582290194e-07,-0.0004149952483087951,8.039782955023076,S,1.0,1.0,1.0,1.7320508075688772,9.028705700248134,10.598092282869139,36.11224489795919,-14.893939393939394,3.0397829550230764
16570,44.86333707341615,-16.99816187711203,1.5847036173811921,11.107749662587558,-0.05561122501075583,11.107610452224494,-1.1498884915421294e-05,-0.0009276521041958468,44.966872092886824,-8.958985250654763,1.5697103514512436,11.109872478646924,0.012256762153114789,11.109865717621338,-5.261541522244136e-07,-0.0005352886580537004,8.039843302679078,S,1.0,1.0,1.0,1.7320508075688772,9.000520347292886,10.659648373377214,36.11224489795919,-14.893939393939394,3.0398433026790777
16580,44.86179756043842,-16.887099939638233,1.5838773452325547,11.107757549204598,-0.04681189462285941,11.10765890808831,-1.2560931765564145e-05,-0.0002121458419339549,44.96699564377392,-8.847886594373616,1.569713128155956,11.109872488587524,0.011944624979999497,11.10986606753691,-4.869368649992277e-07,-0.000503144122028422,8.039901606824438,S,1.0,1.0,1.0,1.7320508075688772,8.97370384815701,10.722003787802155,36.11224489795919,-14.893939393939394,3.039901606824438
16590,44.860345082132994,-16.776036936704855,1.583043417033485,11.107750968701398,-0.03709454012822887,11.107689029576742,-1.0645367337585431e-05,-1.4439822072539641e-05,44.967118802383176,-8.736787937888618,1.5697188511337175,11.109872475364744,0.011541106006779513,11.109866480824119,-2.998310575538959e-07,-0.0003246333285916178,8.039958028018798,S,1.0,1.0,1.0,1.7320508075688772,8.948270670516488,10.785142832433753,36.11224489795919,-14.893939393939394,3.0399580280187983
16600,44.858982556702365,-16.66497308721975,1.5822003196959773,11.107729673668556,-0.02691753367209377,11.107697058782167,-8.690154200069646e-06,-0.00010037745011657462,44.96724304892083,-8.625689282954145,1.5697279531441224,11.109872448536759,0.011218654300514778,11.109866784284673,-2.3528162242093618e-07,-0.00025434981014626687,8.040012712658022,S,1.0,1.0,1.0,1.7320508075688772,8.924235542252925,10.849053032749019,36.11224489795919,-14.893939393939394,3.0400127126580223
16610,44.85772104146733,-16.553908463029074,1.581355122452349,11.107697287704477,-0.01660434652699981,11.107684877189927,-4.363415229035013e-06,-0.0007128688884558622,44.967366289125984,-8.51459062815595,1.5697400804043113,11.109872353386224,0.010747951756293532,11.109867154474378,-2.7376879160906275e-08,-3.118460427827094e-05,8.04006550535773,S,1.0,1.0,1.0,1.7320508075688772,8.901620655083237,10.913719142794656,36.11224489795919,-14.893939393939394,3.0400655053577292
16620,44.85655883354419,-16.44284292296921,1.5805138159337548,11.107680898094157,-0.007187827999909937,11.107678572456734,-1.3111221226345666e-06,-0.0008187652120897306,44.96748640697462,-8.403491971634166,1.5697531604537962,11.1098722232386,0.010337957234491098,11.109867413400073,2.09986364560931e-07,0.00022702709428352536,8.040116208443683,S,1.0,1.0,1.0,1.7320508075688772,8.880435143972797,10.979126100227584,36.11224489795919,-14.893939393939394,3.040116208443683
16630,44.855493450874164,-16.331776379648396,1.579678155634734,11.10768025926231,0.001780074993727761,11.107680116628252,2.532519573307136e-06,-0.0006510060540602314,44.96760218750537,-8.292393311540222,1.5697644801504327,11.109872133458357,0.010151443961680617,11.10986749560858,3.871874648307118e-07,0.00041596807644211247,8.040164705067518,S,1.0,1.0,1.0,1.7320508075688772,8.860686793670261,11.045259770759518,36.11224489795919,-14.893939393939394,3.040164705067518
16640,44.85451423619023,-16.220708875918536,1.5788413500185738,11.107691572946985,0.010614915183273076,11.10768650094578,5.2962686344185714e-06,3.573775899623141e-05,44.96771595410711,-8.181294649074943,1.569773509498258,11.109872138280338,0.010241925879526092,11.109867417385862,3.3961916363450603e-07,0.00036405015550528496,8.040211175069627,S,1.0,1.0,1.0,1.7320508075688772,8.842374705953475,11.112109030109002,36.11224489795919,-14.893939393939394,3.0402111750696275
16650,44.85363193403913,-16.10964063190044,1.578004367104396,11.107687975061811,0.02030917776915326,11.107669408504698,9.878783003116552e-06,-0.00017157623467174582,44.96782795603525,-8.070195984130992,1.5697804143177148,11.109872186784745,0.010334685131824596,11.109867379990478,2.879067484164862e-07,0.00030072542352850454,8.040255653646131,S,1.0,1.0,1.0,1.7320508075688772,8.825518501171842,11.179661239115763,36.11224489795919,-14.893939393939394,3.040255653646131
16660,44.85284602261789,-15.998571609775682,1.5771708907571913,11.107692112539471,0.029501192558836653,11.10765293599909,1.4189831668047824e-05,-0.00010079801822752171,44.967938760614196,-7.959097317036187,1.5697853874455463,11.109872263739117,0.01045487145347743,11.109867344494381,1.977402632493652e-07,0.0001944637252957289,8.040298081660822,S,1.0,1.0,1.0,1.7320508075688772,8.810126012302456,11.247904179030545,36.11224489795919,-14.893939393939394,3.040298081660822
16670,44.85215520040706,-15.887501796847696,1.576342412618698,11.107704022997428,0.038382637307326634,11.107637707256506,1.8897629283108622e-05,0.00010131647172154228,44.96804995684245,-7.847998649392832,1.5697896119033836,11.109872345588538,0.010574086945974346,11.109867313517215,4.4425080390629415e-08,2.3918514104270355e-05,8.040338453852913,S,1.0,1.0,1.0,1.7320508075688772,8.796203632437543,11.316826596559821,36.11224489795919,-14.893939393939394,3.040338453852913
16680,44.851549519291254,-15.776431253611994,1.5755125957409502,11.107722083052888,0.04713606594383139,11.107622070705688,2.3019238470652274e-05,0.0007530593510256373,44.96816317708405,-7.736899983193675,1.5697954266633896,11.109872401504099,0.010553148960054607,11.109867389341309,-1.1252251015822788e-07,-0.00014679238592150311,8.040376968352778,S,1.0,1.0,1.0,1.7320508075688772,8.783748467870902,11.386417421362408,36.11224489795919,-14.893939393939394,3.0403769683527777
16690,44.851031301028804,-15.665360296815617,1.5746762473455225,11.107722245799897,0.05674149197332981,11.107577318791282,2.4524034442228886e-05,0.0008685710508391361,44.9682777037676,-7.625801318504479,1.569804441183436,11.109872392892896,0.010266994818543053,11.10986764885978,-1.3236054423854255e-07,-0.0001645687337980563,8.040413875211799,S,1.0,1.0,1.0,1.7320508075688772,8.7727691185776,11.456663918486111,36.11224489795919,-14.893939393939394,3.040413875211799
16700,44.850612014764835,-15.554289148227774,1.5738389096247019,11.107706589586416,0.06670868459556428,11.107506274215694,2.3363588499849282e-05,0.0003216702968931971,44.96839200209063,-7.5147026546810025,1.5698167418715179,11.109872309825018,0.009828622092747284,11.109867962257898,-4.830867184131715e-08,-5.76552503388808e-05,8.040449185999133,S,1.0,1.0,1.0,1.7320508075688772,8.763282585085282,11.527552922630049,36.11224489795919,-14.893939393939394,3.040449185999133
16710,44.85029046260952,-15.443217701231323,1.5730063034367585,11.107702693647186,0.07585598254132372,11.10744367531835,2.3610747808498612e-05,0.00019460599008350876,44.96850681651537,-7.403603993008157,1.5698330422429099,11.109872175805178,0.009368051570613442,11.109868226146512,-1.6934672411125004e-08,8.274268506654095e-06,8.040482801659401,S,1.0,1.0,1.0,1.7320508075688772,8.755292510748392,11.59907322110315,36.11224489795919,-14.893939393939394,3.040482801659401
16720,44.85006444241602,-15.332145876753998,1.5721803955467715,11.107711712060325,0.08455088293549423,11.107389910615227,2.5824693445984833e-05,0.0002974687049921586,44.96862122077593,-7.292505334029398,1.5698539413140684,11.109871921189301,0.008746370567732812,11.109868478349883,7.153728938833049e-08,0.00016631066596730824,8.040514645588067,S,1.0,1.0,1.0,1.7320508075688772,8.748800792855702,11.671212505070276,36.11224489795919,-14.893939393939394,3.0405146455880665
16730,44.84993201612953,-15.221073641444956,1.5713613451268096,11.107731126021998,0.09304339763168841,11.107341432321014,2.96752022439541e-05,0.0005217560267898875,44.96873290254583,-7.1814066771420055,1.5698784271268609,11.109871532652562,0.008034891635898034,11.109868627151275,2.2380802882061784e-07,0.0004261464201240648,8.04054466734173,S,1.0,1.0,1.0,1.7320508075688772,8.743808837739476,11.743957624372513,36.11224489795919,-14.893939393939394,3.040544667341729
16740,44.84989179876497,-15.110001003892632,1.5705488019754,11.107757431919842,0.10144701097904398,11.107294165112126,3.4417402719650135e-05,0.0007885317657309939,44.96884183152465,-7.070308022449532,1.5699056916964813,11.109871122153221,0.007416327291290026,11.109868646790725,2.9460119988558365e-07,0.0005974434923112085,8.040572886689043,S,1.0,1.0,1.0,1.7320508075688772,8.740317842187235,11.81729736786722,36.11224489795919,-14.893939393939394,3.040572886689043
16750,44.849942836637375,-14.998928003444387,1.5697424876400166,11.10778756369419,0.10979111796492623,11.107244954108797,3.9312752402133245e-05,0.0010534726927654546,44.96894747346187,-6.959209369844076,1.5699352349755638,11.109870680066413,0.006806949426873384,11.109868594778197,3.421693630518434e-07,0.0007462763718520761,8.040599344019437,S,1.0,1.0,1.0,1.7320508075688772,8.738328666038308,11.891220335448986,36.11224489795919,-14.893939393939394,3.040599344019437
16760,44.850075712989124,-14.88785468401722,1.5689356755468054,11.107819542026297,0.11810209233617443,11.107191673596306,4.538227720838602e-05,0.0016799118173545123,44.96904850560335,-6.848110718207089,1.569965860638801,11.10987024065336,0.006220508679458955,11.109868499195969,3.960344995640092e-07,0.000895556470981888,8.040624202209854,S,1.0,1.0,1.0,1.7320508075688772,8.737832933615838,11.96571473935489,36.11224489795919,-14.893939393939394,3.0406242022098535
16770,44.85029307956096,-14.776781401558189,1.5681233477259642,11.107830853782989,0.1272709328404193,11.107101709532836,4.456458748460834e-05,0.001725487636874524,44.96914372334743,-6.7370120651487095,1.569995620385972,11.10986992146263,0.005761626438226107,11.109868427460375,4.443918427954466e-07,0.0009980061640604049,8.040647763594585,S,1.0,1.0,1.0,1.7320508075688772,8.738833561704496,12.040769088822191,36.11224489795919,-14.893939393939394,3.0406477635945848
16780,44.85060648659776,-14.665708461801103,1.567311331194578,11.107824796527343,0.13677121433145134,11.106982729133867,3.643061939488496e-05,0.001093779781977501,44.96923544993436,-6.625913409682939,1.5700245756158275,11.109869844931247,0.005504568955683217,11.109868481266249,3.794298808043537e-07,0.0008751018073350767,8.040670202850382,S,1.0,1.0,1.0,1.7320508075688772,8.741341579653481,12.116374677027672,36.11224489795919,-14.893939393939394,3.0406702028503823
16790,44.85101464459712,-14.554635757641055,1.566505560852477,11.107829223709889,0.14541477839601713,11.106877356184656,3.227961130261496e-05,0.0008828051485935923,44.969326450008786,-6.5148147536445595,1.5700554233439554,11.109869826970847,0.005163845276000314,11.109868626898304,2.5998577950884835e-07,0.0006490212353023356,8.040691478946508,S,1.0,1.0,1.0,1.7320508075688772,8.745354403473865,12.192523256375335,36.11224489795919,-14.893939393939394,3.040691478946508
16800,44.851515176245115,-14.44356319544171,1.5657081190329363,11.107845965159443,0.15357417090617737,11.106784276276343,3.166020124825507e-05,0.0009088623505297556,44.969415956051606,-6.40371609973456,1.5700902522563258,11.109869574397738,0.004491157573337836,11.109868666623932,2.0468925944114746e-07,0.0005799214859115285,8.040711530469778,S,1.0,1.0,1.0,1.7320508075688772,8.750867597964502,12.269204160733832,36.11224489795919,-14.893939393939394,3.0407115304697783
16810,44.85210594502921,-14.332490724557259,1.564919208939918,11.107872915741424,0.1615064956766025,11.106698715825335,3.367670515149177e-05,0.0010648542299052468,44.969497822259996,-6.2926174470671965,1.5701259233164226,11.10986904985854,0.003642862214959181,11.10986845262173,2.96542047704563e-07,0.0008290978880299688,8.04073026353568,S,1.0,1.0,1.0,1.7320508075688772,8.757876211185156,12.346403063191342,36.11224489795919,-14.893939393939394,3.0407302635356803
16820,44.85278537281219,-14.221418337945433,1.5641384871570665,11.107906751051946,0.16933056803827173,11.10661602599069,3.7149342484055296e-05,0.0012715445227488315,44.96957266197893,-6.1815187914385685,1.570159290465558,11.109868865703747,0.0032385399601288526,11.109868393684616,3.0283701727080454e-07,0.0008241075833358164,8.040747725730002,S,1.0,1.0,1.0,1.7320508075688772,8.76637509825463,12.424110747822391,36.11224489795919,-14.893939393939394,3.040747725730002
16830,44.8535523258797,-14.110346061776799,1.5633656688563708,11.107944428283664,0.17707874987903768,11.106532876563207,4.108890048260499e-05,0.0014840897179244769,44.96963959776595,-6.070420128684039,1.5701876780014083,11.109868993945426,0.003088002916590434,11.109868564788151,3.303549399502859e-07,0.0007639264982722243,8.04076397267769,S,1.0,1.0,1.0,1.7320508075688772,8.776358815569699,12.50231710894014,36.11224489795919,-14.893939393939394,3.0407639726776896
16840,44.85439721738798,-13.99927387349959,1.5625940187679155,11.107983904591023,0.18477865935356155,11.106446923823151,4.879271946401637e-05,0.0020655789386315316,44.96970328718594,-5.959321457108063,1.570211945402651,11.109869512668705,0.003258252082909773,11.109869034886007,2.557800149348334e-07,0.00036882153337474403,8.040779212711428,S,1.0,1.0,1.0,1.7320508075688772,8.787812786442256,12.581016127246304,36.11224489795919,-14.893939393939394,3.0407792127114277
16850,44.8553225360464,-13.888202127534173,1.561818515161963,11.108003537468326,0.19332133812415087,11.10632114827564,4.6486127084528544e-05,0.0020735087859964866,44.96976265150535,-5.848222776609245,1.5702324858330887,11.109870060296844,0.0032853139314029884,11.109869574544634,2.588364698097727e-07,0.00013052324708567143,8.040793773212037,S,1.0,1.0,1.0,1.7320508075688772,8.800733721381244,12.660197860832518,36.11224489795919,-14.893939393939394,3.0407937732120374
16860,44.8563396735065,-13.777131186827017,1.561044985821173,11.108006451861376,0.20218025415165364,11.106166326839569,3.317396356296773e-05,0.0014113626741750914,44.96982089996623,-5.7371240886398684,1.570250983211238,11.109870645974324,0.003399510412230765,11.109870125866049,1.9412764590981885e-07,-0.00026156424754924954,8.040807927544254,S,1.0,1.0,1.0,1.7320508075688772,8.815126432174829,12.73985553947527,36.11224489795919,-14.893939393939394,3.040807927544254
16870,44.857447181743424,-13.666060937421127,1.5602793662378391,11.108019202446819,0.21016728596591014,11.106030808251749,2.670679384540159e-05,0.0011770757659085541,44.969882068115645,-5.626025397686342,1.5702722133087819,11.10987106522494,0.0032948052573060728,11.109870576662027,1.006306162568692e-07,-0.0006838607118122028,8.040821667209885,S,1.0,1.0,1.0,1.7320508075688772,8.830982305966122,12.81998307643503,36.11224489795919,-14.893939393939394,3.040821667209885
16880,44.85865121268593,-13.554991367085758,1.559530414982581,11.108043418750308,0.21761969079616045,11.105911500773802,2.0387770525586105e-05,0.0008044234101179867,44.96994385956739,-5.514926708301426,1.57029891902522,11.109871035354992,0.0026428215773202524,11.10987072101714,9.322292836028958e-08,-0.0007249168325565651,8.040834892639115,S,1.0,1.0,1.0,1.7320508075688772,8.848299567764817,12.900570136696784,36.11224489795919,-14.893939393939394,3.040834892639115
16890,44.85993745698795,-13.443922007762346,1.558796811064889,11.108096910968376,0.22391991589918941,11.105839763598649,3.41290302250782e-05,0.001506088922315075,44.9700017803374,-5.403828022709915,1.570329429627798,11.109870624183394,0.0017874232154770696,11.10987048039766,1.193202065400184e-07,-0.0004731412456519307,8.040847308819554,S,1.0,1.0,1.0,1.7320508075688772,8.867055628984343,12.981605094350146,36.11224489795919,-14.893939393939394,3.0408473088195542
16900,44.86130393404638,-13.332852914738286,1.5580741480232898,11.108153167299037,0.23057076536142646,11.105759942945655,4.505181759069599e-05,0.0019797284663764852,44.970053170431015,-5.292729339534155,1.570359979971461,11.109870178894763,0.001156648854093337,11.109870118685393,1.332364318666407e-07,-0.00019866499718374788,8.040859002679221,S,1.0,1.0,1.0,1.7320508075688772,8.887239448359853,13.063077811170023,36.11224489795919,-14.893939393939394,3.0408590026792215
16910,44.8627414349673,-13.22178407582048,1.557353885795601,11.108207124032546,0.23743181609063774,11.105669346919857,5.911086579175491e-05,0.002688596681378895,44.97010385252086,-5.1816306577845275,1.5703920212329296,11.109869976991993,0.000879154665714686,11.109869942207025,5.075358025823363e-08,-0.000331825048793499,8.040870206281044,S,1.0,1.0,1.0,1.7320508075688772,8.908832305757265,13.144984071701971,36.11224489795919,-14.893939393939394,3.0408702062810438
16920,44.86425300478502,-13.11071589287835,1.5566306098404123,11.10823818342488,0.24523322109360682,11.10553088361698,5.8390152863416513e-05,0.0027342062432111768,44.97015569710041,-5.070531981248949,1.5704298198315643,11.109869579348642,0.00024409360483845398,11.109869576667165,-4.1655881770930244e-08,-0.0003774425294735301,8.040881339322446,S,1.0,1.0,1.0,1.7320508075688772,8.931826910362824,13.227317071925219,36.11224489795919,-14.893939393939394,3.0408813393224463
16930,44.86591099571832,-12.99964969263282,1.5559568986181018,11.108249581046758,0.25311255239350217,11.105365495590243,-2.4310985305990283e-06,-0.000603715692193231,44.970208014738866,-4.959433316519456,1.570476693944346,11.109868648737574,-0.000870190774908582,11.109868614658325,-1.9377936212966094e-07,-0.00022206431109957991,8.04089281379239,S,1.0,1.0,1.0,1.7320508075688772,8.95628291332592,13.310068428844492,36.11224489795919,-14.893939393939394,3.0408928137923894
16940,44.8676838237705,-12.88858325872283,1.5553694617646336,11.108391070893948,0.25353240408185784,11.10549744513936,3.690050984210104e-05,0.0006542627747936668,44.97025144113909,-4.848334669994333,1.5705285466118244,11.109866955595024,-0.0023379678880212323,11.109866709593252,-3.846338125922624e-07,0.0004487689806726993,8.040902777964876,S,1.0,1.0,1.0,1.7320508075688772,8.98215809327929,13.393224189446144,36.11224489795919,-14.893939393939394,3.0409027779648756
16950,44.86954031917509,-12.777515234731757,1.55486908267579,11.108615938232179,0.2509303096888059,11.105781469253998,0.00012313698526362812,0.0038758567547514345,44.970286661147206,-4.73723603523517,1.5705813386018,11.109865705818075,-0.003249004381699604,11.10986523074349,-5.356643578921244e-07,0.000763130463348466,8.040910360853319,S,1.0,1.0,1.0,1.7320508075688772,9.00941032011123,13.4767773223088,36.11224489795919,-14.893939393939394,3.040910360853319
16960,44.87145812939948,-12.666445093604104,1.5544435062833795,11.10887074752859,0.2477381162084659,11.106108009157568,0.0002220096371234116,0.007653364293631669,44.97031429132142,-4.626137407350626,1.5706335292849085,11.109864871120575,-0.003914934043089417,11.109864181341301,-6.15064171309299e-07,0.0009137495025396244,8.040915385102412,S,1.0,1.0,1.0,1.7320508075688772,9.038005714308046,13.56072088841213,36.11224489795919,-14.893939393939394,3.040915385102412
16970,44.873423272476835,-12.555372877343416,1.5540797037642045,11.109113508003402,0.24481065010458927,11.106415744032772,0.00031068870274838806,0.011161697011793745,44.97033859830221,-4.515038782733973,1.5706874415224945,11.109864436838453,-0.00448364183517956,11.109863532099919,-6.204293440537797e-07,0.0007827877137106537,8.04091816481917,S,1.0,1.0,1.0,1.7320508075688772,9.067918165855906,13.645050454334607,36.11224489795919,-14.893939393939394,3.0409181648191694
16980,44.87542708814145,-12.444298921465794,1.5537680079963552,11.109320361541448,0.24220785760484925,11.1066797130859,0.0003779553809402416,0.014038825670267461,44.970362295072526,-4.403940166138208,1.570747978759482,11.109863734770826,-0.005417717977812113,11.109862413797385,-6.745224295894022e-07,0.0006451114968640726,8.040919201676386,S,1.0,1.0,1.0,1.7320508075688772,9.099126361509015,13.729760654152406,36.11224489795919,-14.893939393939394,3.0409192016763864
16990,44.87745476172456,-12.333223497007335,1.5534955751794255,11.10948348701383,0.23975619404592927,11.106896070264165,0.0004285302516804136,0.01658444654920058,44.97038230127335,-4.292841570522647,1.570817441448592,11.109862024545532,-0.006926184105468573,11.109859865561432,-9.568828909206044e-07,0.0008276645845760407,8.040918918341871,S,1.0,1.0,1.0,1.7320508075688772,9.131602808962418,13.814842500645623,36.11224489795919,-14.893939393939394,3.0409189183418714
17000,44.87950436586841,-12.222147142600198,1.5532534665487312,11.10959880329366,0.23814862597823594,11.107045998018041,0.0004456714603987616,0.01790553193154294,44.970397135891446,-4.181743005622591,1.5708964674009378,11.10985949064509,-0.008658736900176142,11.109856116446876,-1.4146079381197855e-06,0.0010776281696133283,8.040917869346078,S,1.0,1.0,1.0,1.7320508075688772,9.165332095017618,13.900288217596492,36.11224489795919,-14.893939393939394,3.040917869346078
17010,44.88157435841054,-12.111070255914193,1.553038056867259,11.109676585784047,0.23677149761833047,11.10715324008064,0.00043884559633846823,0.018371344589619934,44.97040043209498,-4.070644482581537,1.5709816261474354,11.109856081789795,-0.010556111235837762,11.109851066805408,-2.105404190002663e-06,0.001596757664890939,8.040916408459811,S,1.0,1.0,1.0,1.7320508075688772,9.200298898694168,13.986087094150584,36.11224489795919,-14.893939393939394,3.040916408459811
17020,44.88367111335137,-11.999993234327569,1.5528545183432667,11.109728738623083,0.23526151725452185,11.107237490226215,0.0004081777785547053,0.017841702152618495,44.97038865869312,-3.959545995597143,1.5710671449790614,11.109853134245151,-0.012069191846378736,11.109846578558363,-2.6352831295589673e-06,0.0020025953740392694,8.04091485662408,S,1.0,1.0,1.0,1.7320508075688772,9.23649512676758,14.072230451337132,36.11224489795919,-14.893939393939394,3.040914856624079
17030,44.885788269272425,-11.888916069679487,1.5527068869508398,11.109769609983841,0.23260360614365114,11.107334349398576,0.00037802996090034106,0.017427693046193377,44.970363416293004,-3.848447526521158,1.5711497452727194,11.109851636436606,-0.013035117886686185,11.109843989423739,-2.6812972754742224e-06,0.0020268776960309385,8.040913340473965,S,1.0,1.0,1.0,1.7320508075688772,9.273900391294944,14.15871301630381,36.11224489795919,-14.893939393939394,3.040913340473965
17040,44.88791894499935,-11.777838710722548,1.5525949361043947,11.10980428939703,0.2292814935046998,11.107438109007896,0.0003466945473801585,0.016958605411555513,44.9703291177126,-3.737349060428551,1.5712307694362715,11.109851394716026,-0.013768061974054129,11.109842863566662,-2.2687325409034685e-06,0.0017093177967438587,8.040911966503023,S,1.0,1.0,1.0,1.7320508075688772,9.312493675049598,14.245531366503394,36.11224489795919,-14.893939393939394,3.040911966503023
17050,44.890048442375125,-11.666760953055052,1.5525099332408054,11.10983451489505,0.2256467882574883,11.107542773957814,0.00032066249959176535,0.016736879577335155,44.97028722930954,-3.626250597048249,1.5713130553538721,11.109851375294364,-0.014722529147141226,11.109841620305195,-1.7836128264143714e-06,0.0013910106974049977,8.040910710111222,S,1.0,1.0,1.0,1.7320508075688772,9.352246561851848,14.33268030647377,36.11224489795919,-14.893939393939394,3.0409107101112216
17060,44.89217520352518,-11.555682862705087,1.5524443726334356,11.10985868497488,0.22275672121058934,11.107625283707913,0.00028149646483858825,0.015785676324165294,44.970240981520426,-3.5151521408188193,1.5714012513604618,11.109851004540145,-0.0159629952163905,11.109839536458905,-1.2862434800277357e-06,0.0010113416146761605,8.040909684562493,S,1.0,1.0,1.0,1.7320508075688772,9.393142862691093,14.420155823296971,36.11224489795919,-14.893939393939394,3.040909684562493
17070,44.89429879950045,-11.444604503032268,1.5523951342420186,11.109877396545816,0.22018434096428716,11.10769528850489,0.00023514229851216343,0.014394072742407078,44.97018893672129,-3.4040537128278276,1.5714988789425592,11.109849102674026,-0.01777588824010461,11.109834881850592,-1.3016204967168548e-06,0.0009125212946631736,8.040908923920519,S,1.0,1.0,1.0,1.7320508075688772,9.435167296831855,14.507951115124897,36.11224489795919,-14.893939393939394,3.0409089239205187
17080,44.89642731208182,-11.333526075404848,1.552367809453129,11.109891699540585,0.21763180268932547,11.107759899006595,0.00017863904222430177,0.012370046211477047,44.970129029970245,-3.292955335068598,1.5716074487827367,11.109845520314858,-0.019971556735563847,11.109827569417163,-1.8263809686300424e-06,0.0010102941662101898,8.04090851667715,S,1.0,1.0,1.0,1.7320508075688772,9.478312280326046,14.596059140408675,36.11224489795919,-14.893939393939394,3.040908516677151
17090,44.89855637552356,-11.222447527004986,1.5523670255456912,11.109903006710221,0.21408759825593549,11.10784008341774,0.0001326952838802663,0.0107957765584276,44.97005327103771,-3.1818570333589102,1.571722804645157,11.109840342319803,-0.02238838569450677,11.109817783925289,-3.0832710702795366e-06,0.0014958914354903843,8.040908362404076,S,1.0,1.0,1.0,1.7320508075688772,9.522558580011204,14.684469428454015,36.11224489795919,-14.893939393939394,3.0409083624040765
17100,44.90068114268662,-11.111368805329153,1.55239330664114,11.109911341061522,0.21001676213231857,11.107926132535763,9.365084197446126e-05,0.009482009744054387,44.96995993259224,-3.0707587978491198,1.571839703603608,11.109835956183407,-0.024319705723492988,11.109809337932816,-3.9163736696864215e-06,0.0017636386567767913,8.04090845881974,S,1.0,1.0,1.0,1.7320508075688772,9.567886489996528,14.773175523310146,36.11224489795919,-14.893939393939394,3.0409084588197395
17110,44.90278884029108,-11.000289719805306,1.5524387398520305,11.109916292631352,0.20574925052507848,11.108010950444005,6.642151447255748e-05,0.008713244512184951,44.969853494179986,-2.959660604740461,1.571958100155996,11.10983316519356,-0.0258396958756427,11.109803115652042,-3.840859886179714e-06,0.0016061221912916604,8.04090879402507,S,1.0,1.0,1.0,1.7320508075688772,9.614269113507925,14.862174816027705,36.11224489795919,-14.893939393939394,3.0409087940250696
17120,44.90487966025516,-10.889210306343868,1.5524966279914254,11.10991898620857,0.20232403604564111,11.10807656007807,3.289033414879523e-05,0.0074905657696786735,44.96974013538742,-2.848562447081437,1.5720841077456547,11.109830648063637,-0.02755767545311602,11.109796469925888,-3.308542608500756e-06,0.0012184836699794207,8.040909455894644,S,1.0,1.0,1.0,1.7320508075688772,9.661691421700928,14.95146573660793,36.11224489795919,-14.893939393939394,3.040909455894644
17130,44.906954728500736,-10.778130611273149,1.5525646024643436,11.109919504344028,0.1992993664008521,11.108131758111085,-1.8194627971347119e-06,0.006075829433938832,44.96961975740868,-2.737464358147158,1.5722240883098755,11.109825782457024,-0.030081597237954515,11.109785057059135,-3.645541313384443e-06,0.0011218825281399782,8.04091043974544,S,1.0,1.0,1.0,1.7320508075688772,9.710139182261846,15.041043005611273,36.11224489795919,-14.893939393939394,3.0409104397454403
17140,44.90901479185719,-10.667050669115458,1.5526422497839425,11.10991816279552,0.19639970936090312,11.108182062703902,-3.4658167996857825e-05,0.004628224810118925,44.969486162636905,-2.6263663913546593,1.5723789845601666,11.1098174180421,-0.0333005429634717,11.10976751044188,-5.475574754998223e-06,0.0014953614861228993,8.040911667299527,S,1.0,1.0,1.0,1.7320508075688772,9.759597781580652,15.130897864781705,36.11224489795919,-14.893939393939394,3.040911667299527
17150,44.91105999026498,-10.555970499770828,1.5527296543605993,11.109915280916411,0.19351079114842507,11.108229882517245,-6.364140079593284e-05,0.00325759097720149,44.96933490582933,-2.5152685768386656,1.5725462622311082,11.109807056964897,-0.03662414410077646,11.109746689959042,-7.894641366545533e-06,0.0019804778254670853,8.040913093624939,S,1.0,1.0,1.0,1.7320508075688772,9.810052046516486,15.221022784479837,36.11224489795919,-14.893939393939394,3.0409130936249387
17160,44.913090042228994,-10.444890112921838,1.5528267952782275,11.109911100222456,0.19061021616377488,11.108275851829578,-8.778426272935123e-05,0.0020248240120881284,44.96916100121106,-2.40417092979945,1.572721089069779,11.109796108323126,-0.03981513959705243,11.109724763610057,-1.0483390695445635e-05,0.0025098041273121817,8.040914682688378,S,1.0,1.0,1.0,1.7320508075688772,9.861486437568136,15.311410096652335,36.11224489795919,-14.893939393939394,3.0409146826883777
17170,44.91510448718359,-10.333809513147845,1.5529334206326801,11.10990578469306,0.18771264023724119,11.108319877886641,-0.00010679365779925912,0.0009560064076185671,44.9689667686894,-2.293073424441172,1.5729018403490478,11.10978689890877,-0.04260404835766264,11.109705209150622,-1.170638903795472e-05,0.002632751267342827,8.040916489654578,S,1.0,1.0,1.0,1.7320508075688772,9.913885286671821,15.4020565340064,36.11224489795919,-14.893939393939394,3.0409164896545775
17180,44.917102849596745,-10.222728703340016,1.5530491113686284,11.109899448566802,0.18483885819538362,11.108361731316007,-0.00012076684771537878,5.728871669303268e-05,44.96875257153942,-2.181976057485107,1.5730892065901685,11.109778311043701,-0.04545536121256318,11.109685320956398,-1.247787441502255e-05,0.00266399747423147,8.04091852996904,S,1.0,1.0,1.0,1.7320508075688772,9.967232959276364,15.492957756333796,36.11224489795919,-14.893939393939394,3.0409185299690407
17190,44.9190847110758,-10.11164768624955,1.5531733781975332,11.10989218466879,0.18200333876140865,11.108401286397804,-0.0001299901837876633,-0.0006748620733912643,44.96851866469217,-2.070878833117329,1.5732845778882305,11.109769786065753,-0.048467836832915605,11.109664061895492,-1.2948413410679408e-05,0.002631667134359839,8.04092080953863,S,1.0,1.0,1.0,1.7320508075688772,10.021513931105163,15.584109444489703,36.11224489795919,-14.893939393939394,3.0409208095386298
17200,44.9210497207035,-10.000566464797291,1.5533057318683208,11.109884083059223,0.17921204347736902,11.1084385663551,-0.00013483430541668214,-0.0012482593189885047,44.96826363769756,-1.9597817693493058,1.573488722891639,11.109760521353042,-0.051716113495208736,11.109640151031876,-1.360192930949214e-05,0.0026487147412503492,8.04092330970197,S,1.0,1.0,1.0,1.7320508075688772,10.076712808692339,15.675506415307265,36.11224489795919,-14.893939393939394,3.04092330970197
17210,44.9229975767563,-9.889485041807509,1.5534457182999355,11.109875239430176,0.17646434017280588,11.108473710296616,-0.0001357107382598374,-0.0016728115351216863,44.967984915998414,-1.848684886598213,1.5737008105488948,11.109750517898142,-0.05510778695729228,11.109613841252752,-1.4503666609782993e-05,0.0027284219514101572,8.04092600368303,S,1.0,1.0,1.0,1.7320508075688772,10.132814324238963,15.767142938034361,36.11224489795919,-14.893939393939394,3.0409260036830297
17220,44.92492800169005,-9.77840341960269,1.5535929288728374,11.109865756536696,0.17375561372593332,11.108506925548788,-0.0001330571820866803,-0.0019598964410362718,44.96768141457671,-1.7375881899716616,1.5739197526831978,11.109740652039362,-0.058473821731719895,11.109586768541305,-1.5045745108660951e-05,0.0027381052331782747,8.040928889834788,S,1.0,1.0,1.0,1.7320508075688772,10.1898033244767,15.859014247486705,36.11224489795919,-14.893939393939394,3.040928889834788
17230,44.92684072064844,-9.667321599667208,1.5537469982038907,11.109855742180967,0.1710792556153696,11.108538450235903,-0.0001273313480861239,-0.0021222197611287675,44.967352870323666,-1.6264916808731607,1.5741452297195047,11.109731135537551,-0.06183300288642288,11.109559063423108,-1.5119100420112066e-05,0.0026649050945061095,8.040931974419681,S,1.0,1.0,1.0,1.7320508075688772,10.24766476250924,15.951116137160415,36.11224489795919,-14.893939393939394,3.0409319744196814
17240,44.928735446277976,-9.556239582439536,1.5539075978735117,11.109845306116185,0.16842783489227728,11.1085685302052,-0.00011900451815837611,-0.0021736613398204026,44.96699342275274,-1.5153953851361581,1.5743732422059205,11.109721664411795,-0.06523915994465611,11.10953011214743,-1.591916610862039e-05,0.002794990500333391,8.04093521165737,S,1.0,1.0,1.0,1.7320508075688772,10.306383694889307,16.04344137748565,36.11224489795919,-14.893939393939394,3.04093521165737
17250,44.93061186920954,-9.445157367222738,1.5540744303051168,11.109834557051833,0.16579367485066343,11.108597406623511,-0.00010855279407054697,-0.0021289774365478176,44.96660960802853,-1.404299237315775,1.5746047493029385,11.109715854998317,-0.06817421857672135,11.109506679178983,-1.3478632142854449e-05,0.002343936480207664,8.040938707793448,S,1.0,1.0,1.0,1.7320508075688772,10.365945283200642,16.135989773612085,36.11224489795919,-14.893939393939394,3.0409387077934475
17260,44.93246965265719,-9.334074952182517,1.554247224145306,11.109823600175508,0.16316911084864064,11.108625309563806,-9.644688828159408e-05,-0.002003393543441194,44.96619896214097,-1.2932032677494918,1.5748407643799247,11.109709325136913,-0.07146252771319811,11.10947948358369,-1.2185223096064017e-05,0.0021387249900931635,8.040942426844945,S,1.0,1.0,1.0,1.7320508075688772,10.426334798676857,16.228756136712644,36.11224489795919,-14.893939393939394,3.0409424268449445
17270,44.93431712562488,-9.222992477162345,1.5544324126692863,11.109812569134323,0.16051144754091892,11.108652996493468,-8.917255001970019e-05,-0.002194664928294831,44.96576768132075,-1.1821074542393981,1.5750862487881652,11.109703047420163,-0.07480682328654233,11.109451189912427,-9.206347006863707e-06,0.001612389689868957,8.040946529440433,S,1.0,1.0,1.0,1.7320508075688772,10.487544866318974,16.321740128371093,36.11224489795919,-14.893939393939394,3.0409465294404328
17280,44.9361505597335,-9.111909948687202,1.5546349152104224,11.109796646456363,0.15690365048685176,11.108688616127331,-7.324425359995906e-05,-0.0017790384461909587,44.965309128809054,-1.0710118976584417,1.575342219898428,11.109691787533807,-0.07888771629091984,11.109411700995446,-1.0059706594962675e-05,0.001676331813450482,8.040950919461494,S,1.0,1.0,1.0,1.7320508075688772,10.54955807764743,16.414934384364543,36.11224489795919,-14.893939393939394,3.040950919461494
17290,44.937965960320575,-9.0008273580471,1.5548556062587306,11.109776216562828,0.1528137686753956,11.108725198428859,-5.362645684122387e-05,-0.001055289006201402,44.964826019593254,-0.9599166048067018,1.5756106868819952,11.109679051224893,-0.08297878180505605,11.109369160442702,-1.0023090189968805e-05,0.001529437819411689,8.040955615121948,S,1.0,1.0,1.0,1.7320508075688772,10.612357030282578,16.50833679094236,36.11224489795919,-14.893939393939394,3.0409556151219483
17300,44.93975139058069,-8.889744558284654,1.5550871158185346,11.109752225772871,0.1485379288557473,11.108759201718097,-2.7131307221561543e-05,0.00018793305182007334,44.964309522168,-0.848821680503718,1.5758886999628936,11.109661869254806,-0.0875161869815186,11.109317160212433,-1.3831315407132934e-05,0.0019246410147459644,8.040960379721312,S,1.0,1.0,1.0,1.7320508075688772,10.675918063650444,16.601939034204218,36.11224489795919,-14.893939393939394,3.0409603797213123
17310,44.94150770980517,-8.778661511738415,1.555323422456366,11.109731952356418,0.14507593011428185,11.10878467824949,-8.409992289246878e-06,0.000901324957845912,44.96376062424298,-0.7377270984180947,1.5761737484519227,11.109646410624288,-0.09166129495679132,11.109268273657989,-1.5383508454626098e-05,0.001998619870788448,8.04096520521759,S,1.0,1.0,1.0,1.7320508075688772,10.740228367087125,16.69573829480199,36.11224489795919,-14.893939393939394,3.0409652052175904
17320,44.943236483729414,-8.667578201555237,1.555562875948933,11.109715520822245,0.14195401047302392,11.108808577543739,5.939370118768138e-06,0.001309670941461126,44.963184239721514,-0.6266328276723784,1.576469284530289,11.109631953144715,-0.09579125258930776,11.10921897210877,-1.4876286477478127e-05,0.0017876699600853107,8.040970116766836,S,1.0,1.0,1.0,1.7320508075688772,10.805275844973696,16.78973388375772,36.11224489795919,-14.893939393939394,3.040970116766836
17330,44.94493867697562,-8.556494617000144,1.5558057577411577,11.109702097228233,0.1388746063290548,11.108834076214945,1.765775009044936e-05,0.0015435790797451363,44.962583441061426,-0.5155389112333699,1.5767825008528575,11.109613693422208,-0.10054190340411309,11.109158732448382,-1.526206785802907e-05,0.0016262116806546431,8.040975065239468,S,1.0,1.0,1.0,1.7320508075688772,10.87104804950425,16.88392409271618,36.11224489795919,-14.893939393939394,3.0409750652394685
17340,44.94661446100855,-8.44541074910989,1.5560527918975904,11.10969061373951,0.1357097933555442,11.108861705188302,2.7751824108030074e-05,0.0016909989848897813,44.96194378036024,-0.4044455591016759,1.5771098740889147,11.109586519452188,-0.10618882492553627,11.109079015231403,-2.3534591278731918e-05,0.0023799752758200967,8.040979801924367,S,1.0,1.0,1.0,1.7320508075688772,10.937532046111667,16.9782979682585,36.11224489795919,-14.893939393939394,3.040979801924367
17350,44.948263443047196,-8.334326590521227,1.5563045343131345,11.109680169904344,0.1324294835233189,11.108890849650994,3.662013828976519e-05,0.00179720912931365,44.9612633259491,-0.29335275021563123,1.577445239816865,11.109561761417948,-0.11126364748954018,11.109004587788556,-2.880363865999934e-05,0.002790934557849888,8.040984348786807,S,1.0,1.0,1.0,1.7320508075688772,11.004714619648562,17.07285147477684,36.11224489795919,-14.893939393939394,3.0409843487868073
17360,44.94988494869986,-8.223242135828515,1.556561251627763,11.109670178924793,0.1290446933327918,11.10892069247114,4.432155418656479e-05,0.0018788581965542926,44.96054256487307,-0.18226043681888804,1.5777857908317041,11.10954125622594,-0.11595399886877561,11.108936114405042,-3.101409934435992e-05,0.002918485688850285,8.040988761874392,S,1.0,1.0,1.0,1.7320508075688772,11.072582516099105,17.16758193047862,36.11224489795919,-14.893939393939394,3.0409887618743916
17370,44.951478219789614,-8.112157381417642,1.5568229933969322,11.109660350175565,0.1255754643651628,11.108950620963824,5.07991477479655e-05,0.0019386121417042288,44.95978713046409,-0.07116854744665657,1.5781347666909094,11.109524599636012,-0.12054136075758774,11.108870627127873,-2.9117683596534128e-05,0.002644223308550156,8.040993126849608,S,1.0,1.0,1.0,1.7320508075688772,11.141122608746434,17.26248936635713,36.11224489795919,-14.893939393939394,3.0409931268496084
17380,44.95304251379535,-8.001072324913045,1.5570896969267232,11.10965060222663,0.12203776381472221,11.108980299188472,5.600415172881285e-05,0.001974909096526144,44.95899166885329,0.03992282193569596,1.5784925820097686,11.109505265381614,-0.12567950904544375,11.108794349637943,-3.075930098217736e-05,0.0027535828787446444,8.040997347598797,S,1.0,1.0,1.0,1.7320508075688772,11.210321980899671,17.3575680644227,36.11224489795919,-14.893939393939394,3.040997347598797
17390,44.95457713631218,-7.8899869646180605,1.5573612637040957,11.109640967802937,0.11844094049145847,11.109009594788407,5.993875941827674e-05,0.0019866642085628917,44.958158266107894,0.15101368819661998,1.5788603707767874,11.10948690703521,-0.13078094600027054,11.10871710332701,-2.99038131787353e-05,0.0026146193811731836,8.04100145025834,S,1.0,1.0,1.0,1.7320508075688772,11.280167952899145,17.452816293093388,36.11224489795919,-14.893939393939394,3.0410014502583405
17400,44.95608144075208,-7.778901299181568,1.5576375989745221,11.109631519946685,0.11478936586716341,11.109038478215687,6.265462520371528e-05,0.001974646816253988,44.95729853314498,0.2621041000967448,1.579249669984821,11.109466074419363,-0.13626326730140495,11.108630373752613,-2.515130572545937e-05,0.002019113721916194,8.041005491388304,S,1.0,1.0,1.0,1.7320508075688772,11.350648082179891,17.548237182190938,36.11224489795919,-14.893939393939394,3.0410054913883044
17410,44.95755481785667,-7.667815327526302,1.5579186252445765,11.109622326857128,0.11108477583407955,11.109066946327234,6.423613493699844e-05,0.0019412696155251155,44.95639323509291,0.3731936371507163,1.579659208948469,11.109426573040912,-0.14335895817844788,11.10850156370775,-3.771505001118707e-05,0.0028763688544565422,8.041009048576596,S,1.0,1.0,1.0,1.7320508075688772,11.421750154955731,17.643817920116607,36.11224489795919,-14.893939393939394,3.041009048576596
17420,44.95899668566107,-7.556729048958127,1.5582042825002174,11.109613431363623,0.10732797152757745,11.109094981179286,6.478402636294775e-05,0.001889917210285268,44.955440749971594,0.4842822859922429,1.5800838262763228,11.109386520863604,-0.1499856031383186,11.10837401192439,-4.647588714374333e-05,0.003351471398965312,8.041012121212042,S,1.0,1.0,1.0,1.7320508075688772,11.493462178112678,17.739555093467505,36.11224489795919,-14.893939393939394,3.0410121212120416
17430,44.96040648292987,-7.445642463348532,1.558494523925179,11.109604846925448,0.10351968964552333,11.109122536397063,6.440457611850676e-05,0.001824341212236822,44.954431874678555,0.5953699565346462,1.580515151370273,11.10934700188083,-0.1564265971649074,11.108245654823177,-5.715473410235874e-05,0.004029389259896499,8.041014639500371,S,1.0,1.0,1.0,1.7320508075688772,11.565772373689539,17.835441533249135,36.11224489795919,-14.893939393939394,3.0410146395003714
17440,44.96178366562971,-7.334555571307945,1.5587893114939475,11.109596562324992,0.09966088319727084,11.109149539275435,6.320412263778618e-05,0.0017482682955311274,44.95338374567758,0.7064569562173033,1.5809591997345012,11.109319522971441,-0.16206391579268056,11.108137357391309,-5.108302830586295e-05,0.003409339556788931,8.041016914947585,S,1.0,1.0,1.0,1.7320508075688772,11.638669175570099,17.931483552863597,36.11224489795919,-14.893939393939394,3.041016914947585
17450,44.963127705117635,-7.22346837430772,1.559088612872243,11.109588549339076,0.09575270295325852,11.109175899025232,6.128692649077923e-05,0.001665194529826167,44.952299599677964,0.8175431506936206,1.5814288873967233,11.109282131792678,-0.16902035683952643,11.107996291084271,-5.022675780269388e-05,0.0031126702807215854,8.041018815614835,S,1.0,1.0,1.0,1.7320508075688772,11.712141227335948,18.027680130279887,36.11224489795919,-14.893939393939394,3.0410188156148354
17460,44.96443808696068,-7.112380874742024,1.559392399630205,11.109580770060962,0.09179638125898275,11.109201515450877,5.875449970314386e-05,0.0015782947743847265,44.951172465310826,0.9286281854500318,1.5819308861912122,11.109224384571641,-0.17746770690021002,11.107806788010347,-6.147878064013e-05,0.003530757496013419,8.041020002637008,S,1.0,1.0,1.0,1.7320508075688772,11.78617738043585,18.124025086752507,36.11224489795919,-14.893939393939394,3.0410200026370084
17470,44.96571430979415,-7.001293075940118,1.5597006463271001,11.109573182443151,0.08779311940703961,11.109226285581046,5.5705265023194955e-05,0.0014903879650100427,44.949986672547745,1.0397116503760473,1.5824596210594004,11.10914836230185,-0.18668432358811168,11.107579677812819,-8.532448808344042e-05,0.0046947927963478416,8.0410201073752,S,1.0,1.0,1.0,1.7320508075688772,11.860766692222088,18.220508095997825,36.11224489795919,-14.893939393939394,3.0410201073752
17480,44.966955884012414,-6.890204982146198,1.560013330043723,11.10956574383569,0.08374401155364453,11.109250107776688,5.2234076738002164e-05,0.0014039243357686028,44.94873143120352,1.1507934234212596,1.5830025870678925,11.109072450756186,-0.19536331465704268,11.10735449562299,-0.00010819720649883914,0.005806291965983664,8.041019057869379,S,1.0,1.0,1.0,1.7320508075688772,11.935898423707128,18.31712164704647,36.11224489795919,-14.893939393939394,3.041019057869379
17490,44.96816233029462,-6.779116598482797,1.5603304300931589,11.109558412889292,0.0796500045900055,11.10927288377453,4.843154307692844e-05,0.0013209805645514774,44.947406780484634,1.2618736959475891,1.5835509838835051,11.109012926206791,-0.20296882794348117,11.107158585773089,-0.00011774946098380068,0.006199364136417195,8.041017081686345,S,1.0,1.0,1.0,1.7320508075688772,12.011562037054324,18.413863855415958,36.11224489795919,-14.893939393939394,3.041017081686345
17500,44.96933317804258,-6.6680279309092185,1.5606519277822566,11.109551150371503,0.07551188277820545,11.10929451937791,4.4383260481225055e-05,0.0012432597112070152,44.94603979999742,1.3729529993332803,1.5841207042148566,11.108971399095992,-0.21009149636576793,11.106984609203685,-9.977648735568962e-05,0.004952579320013348,8.041014668683566,S,1.0,1.0,1.0,1.7320508075688772,12.087747192872703,18.510746081819313,36.11224489795919,-14.893939393939394,3.041014668683566
17510,44.97046796381281,-6.556938986181573,1.5609778061832456,11.109543919390598,0.07133026640948398,11.109314924420973,4.01690935522003e-05,0.0011720968186129622,44.94461538547282,1.4840306806999903,1.5847205629107772,11.108900617838843,-0.21970904493243176,11.106727730191063,-0.00011038150001152966,0.005292509765008878,8.041011226177725,S,1.0,1.0,1.0,1.7320508075688772,12.164443747388338,18.607758387148223,36.11224489795919,-14.893939393939394,3.0410112261777247
17520,44.97156622980445,-6.445849771817201,1.5613080499141785,11.109536685380835,0.0671056175071857,11.10933401243844,3.586259521231874e-05,0.0011084714075783716,44.94313778679795,1.595106601669175,1.5853582176734107,11.108815137541745,-0.2299278995679806,11.106435383194595,-0.00011802382052262302,0.005299573870213131,8.041006627076174,S,1.0,1.0,1.0,1.7320508075688772,12.241641749548844,18.704900616133678,36.11224489795919,-14.893939393939394,3.0410066270761735
17530,44.972627522443396,-6.334760296063937,1.561642644937502,11.109529416051886,0.06283824905307779,11.109351700282879,3.153060991101754e-05,0.0010530271897135142,44.94157431672658,1.7061798490537547,1.5860200719366533,11.1086974408762,-0.24147518020399206,11.106072598820651,-0.00016021956104211768,0.007074730804381724,8.041000106886617,S,1.0,1.0,1.0,1.7320508075688772,12.31933143810044,18.802154580438454,36.11224489795919,-14.893939393939394,3.0410001068866173
17540,44.973651391086506,-6.223670567873512,1.5619815783841717,11.109522081390484,0.058528336328900345,11.109367907795175,2.7233062791522444e-05,0.0010060983666426843,44.93993188326858,1.8172508358079782,1.5866965622657516,11.10860295858187,-0.25124112109397473,11.105761459282533,-0.00017200805751390574,0.007351417243777217,8.040992104547211,S,1.0,1.0,1.0,1.7320508075688772,12.397503238664182,18.899522121085624,36.11224489795919,-14.893939393939394,3.040992104547211
17550,44.97463738686059,-6.112580596878177,1.5623248384058563,11.109514653728152,0.05417592990617607,11.109382557551042,2.3022913868532048e-05,0.0009677412776831235,44.938202413309064,1.9283195116229674,1.5873799430558866,11.108519789332295,-0.26080105782719276,11.105457879719477,-0.00018260718796735652,0.007715291603210803,8.040982655259954,S,1.0,1.0,1.0,1.7320508075688772,12.476147760829884,18.99699767722608,36.11224489795919,-14.893939393939394,3.0409826552599544
17560,44.97558506164458,-6.001490393369697,1.5626724140538606,11.109507107852659,0.049780970052943484,11.109395574667838,1.8946246378943836e-05,0.0009377699129273398,44.93639841052336,2.039386357657345,1.5880729095152462,11.108463279023603,-0.26957781502307104,11.105191768855827,-0.0001655159282783286,0.006901856842534309,8.040972237163446,S,1.0,1.0,1.0,1.7320508075688772,12.55525579528078,19.094585782964444,36.11224489795919,-14.893939393939394,3.0409722371634462
17570,44.97649396719937,-5.89039996828018,1.563024295181343,11.109499421130211,0.04534330227016899,11.109406886644837,1.5042457388417252e-05,0.0009157937937580842,44.93453270804302,2.150451504495785,1.5887914903597065,11.108407095643567,-0.27918822910291613,11.104898114583255,-0.00013992183201843176,0.005704396223580382,8.040960959643655,S,1.0,1.0,1.0,1.7320508075688772,12.634818310958225,19.19229072577356,36.11224489795919,-14.893939393939394,3.0409609596436553
17580,44.97736365444646,-5.779309333164475,1.5633804723648108,11.109491573608867,0.04086269355512376,11.10941642321332,1.134452213831921e-05,0.0009012568245479485,44.93259050807313,2.2615141470246325,1.5895409580978626,11.108315166638974,-0.2908290106395779,11.104507387901178,-0.00014700088416051777,0.00583678641115261,8.04094813278861,S,1.0,1.0,1.0,1.7320508075688772,12.714826452272332,19.29010323658304,36.11224489795919,-14.893939393939394,3.0409481327886105
17590,44.978193672893205,-5.668218500184054,1.563740936841072,11.109483548083515,0.03633884891544667,11.109424116181621,7.879308763916724e-06,0.0008934758659511007,44.93055684032114,2.3725737634203927,1.590312490236361,11.108206114294392,-0.3027733019973122,11.104079043542736,-0.00016724105050446595,0.006461239397538534,8.04093337208179,S,1.0,1.0,1.0,1.7320508075688772,12.7952715363617,19.38801439359075,36.11224489795919,-14.893939393939394,3.04093337208179
17600,44.97897487454487,-5.557127422870945,1.564098999889799,11.109475278518673,0.03180658722260443,11.109429747067434,6.881045605281361e-06,0.0012741773325609968,44.92842236173645,2.483630277932189,1.5910921510329141,11.108107390551885,-0.31386230210353094,11.103672376981935,-0.00018152955235914986,0.006908299954695059,8.040916611902908,S,1.0,1.0,1.0,1.7320508075688772,12.876139105367347,19.486018392005207,36.11224489795919,-14.893939393939394,3.040916611902908
17610,44.97971013489739,-5.446036010434776,1.5644495067557536,11.10947633317788,0.028175363679878915,11.109440604563353,4.721053679661132e-06,0.0011039159079447459,44.926198542812074,2.594684278785479,1.591878384943212,11.108041012860182,-0.323723278475676,11.103322853198353,-0.00016202750489606162,0.006146846643995979,8.040898349063104,S,1.0,1.0,1.0,1.7320508075688772,12.957423280588834,19.584119505860055,36.11224489795919,-14.893939393939394,3.040898349063104
